(
(273.15((0.0 2120.19676)(1.0 1667.55543)))
(283.15((0.0 2150.52755)(1.0 1708.84936)))
(293.15((0.0 2181.17032)(1.0 1748.48428)))
(303.15((0.0 2212.06245)(1.0 1786.75604)))
(313.15((0.0 2243.20596)(1.0 1824.16454)))
(323.15((0.0 2273.86112)(1.0 1861.99986)))
(333.15((0.0 2304.51629)(1.0 1903.05119)))
(343.15((0.0 2335.39602)(1.0 1951.48136)))
(353.15((0.0 2366.53953)(1.0 2011.3643)))
(363.15((0.0 2397.1947)(1.0 2086.40843)))
(373.15((0.0 2427.84986)(1.0 2178.53953)))
(383.15((0.0 2458.72959)(1.0 2286.3777)))
(393.15((0.0 2489.8731)(1.0 2396.28645)))
(403.15((0.0 2520.52827)(1.0 2495.33421)))
(413.15((0.0 2551.29083)(1.0 2600.54212)))
(423.15((0.0 2582.06316)(1.0 2710.74834)))
(433.15((0.0 2613.20667)(1.0 2824.47772)))
(443.15((0.0 2643.86184)(1.0 2941.1865)))
(453.15((0.0 2674.517)(1.0 3060.86661)))
(463.15((0.0 2705.39673)(1.0 3147.75248)))
(473.15((0.0 2736.54024)(1.0 3158.34127)))
(483.15((0.0 2767.19541)(1.0 3168.76403)))
(493.15((0.0 2797.85057)(1.0 3179.18678)))
(503.15((0.0 2828.73031)(1.0 3189.68589)))
(513.15((0.0 2859.87381)(1.0 3200.27468)))
(523.15((0.0 2890.52898)(1.0 3210.69744)))
(533.15((0.0 2921.18414)(1.0 3221.1202)))
(543.15((0.0 2952.06388)(1.0 3231.61931)))
(553.15((0.0 2983.20739)(1.0 3242.2081)))
(563.15((0.0 3013.86255)(1.0 3252.63085)))
(573.15((0.0 3044.51772)(1.0 3263.05361)))
)
