((0. 160213.55625000002)
(0.010000000000000009 531237.1968750001)
(0.020000000000000018 930232.3843749999)
(0.030000000000000027 1.7488384156250001e6)
(0.040000000000000036 2.69847830625e6)
(0.050000000000000044 4.014724196875e6)
(0.05999999999999994 5.363362696874999e6)
(0.07000000000000006 6.791503900000001e6)
(0.07999999999999996 8.709924509375e6)
(0.09000000000000008 1.0986118118749999e7)
(0.09999999999999998 1.3039990228124997e7)
(0.1100000000000001 1.49230788375e7)
(0.12 1.6673655337500002e7)
(0.13 1.82931968375e7)
(0.14 1.9478407728125e7)
(0.15000000000000002 2.0906548931250002e7)
(0.16000000000000003 2.1940111446875e7)
(0.17000000000000004 2.312679374375e7)
(0.18 2.4044042165625e7)
(0.19000000000000006 2.49598214625e7)
(0.2 2.647188415e7)
(0.2099999999999999 2.84182785875e7)
(0.22000000000000003 3.2040164462500002e7)
(0.23000000000000015 3.60993249e7)
(0.24000000000000005 4.043528080625e7)
(0.24999999999999994 4.5345437603125e7)
(0.26000000000000006 4.759512993124999e7)
(0.2700000000000002 5.029240350937498e7)
(0.27999999999999997 5.217990633749999e7)
(0.29 5.3683134884375006e7)
(0.3 5.4853621446875e7)
(0.31 5.567075607187501e7)
(0.32 5.6327404759375e7)
(0.33 5.687952086875e7)
(0.34 5.720784749375e7)
(0.35000000000000003 5.7536174118750006e7)
(0.36000000000000004 5.7782049525e7)
(0.37000000000000005 5.7991118103125006e7)
(0.38000000000000006 5.81471818375e7)
(0.39000000000000007 5.825907715e7)
(0.4000000000000001 5.835330532187501e7)
(0.41 5.843575654062499e7)
(0.4199999999999999 5.851673407187499e7)
(0.43 5.8562372759375e7)
(0.4400000000000001 5.861537874374999e7)
(0.45 5.8666908759375e7)
(0.4599999999999999 5.869929794687499e7)
(0.47000000000000003 5.8733163103125e7)
(0.48000000000000015 5.875230279062499e7)
(0.49000000000000005 5.878174916562499e7)
(0.49999999999999994 5.881413949375e7)
(0.5100000000000002 5.881855599375e7)
(0.5200000000000002 5.8845058415625e7)
(0.53 5.885683650937499e7)
(0.54 5.8886282884375e7)
(0.55 5.8878920150000006e7)
(0.56 5.8886282884375e7)
(0.5700000000000001 5.889806211875e7)
(0.5800000000000001 5.892161830625e7)
(0.5900000000000001 5.891867435312499e7)
(0.6000000000000001 5.8936340353125006e7)
(0.6100000000000001 5.8948120728125e7)
(0.6200000000000001 5.894223054062499e7)
(0.6300000000000001 5.896578672812498e7)
(0.6400000000000001 5.898934405624999e7)
(0.6500000000000001 5.899376169687501e7)
(0.6599999999999999 5.901879043125e7)
(0.6699999999999999 5.9040875212500006e7)
(0.6800000000000002 5.906295999375e7)
(0.6900000000000002 5.9096822868750006e7)
(0.7 5.91468803375e7)
(0.71 5.9143937525000006e7)
(0.7199999999999998 5.91836905875e7)
(0.73 5.921902600937501e7)
(0.74 5.925288774374999e7)
(0.75 5.9273499978125006e7)
(0.7600000000000002 5.929116825937499e7)
(0.77 5.9298529853125006e7)
(0.78 5.931914322812499e7)
(0.79 5.93191420875e7)
(0.7999999999999998 5.9339754321875e7)
(0.81 5.9341225728125006e7)
(0.8200000000000001 5.93530049625e7)
(0.8300000000000001 5.9338281775e7)
(0.8400000000000003 5.93530049625e7)
(0.8500000000000001 5.9336809228125e7)
(0.8599999999999999 5.934417310312499e7)
(0.8699999999999999 5.9347115915625006e7)
(0.8799999999999999 5.9339754321875e7)
(0.8899999999999997 5.9332392728125e7)
(0.8999999999999999 5.9333865275e7)
(0.9099999999999999 5.932650482187501e7)
(0.9199999999999999 5.9333865275e7)
(0.9300000000000002 5.9322086040625006e7)
(0.94 5.932356086875e7)
(0.95 5.932650368125001e7)
(0.96 5.933092018124999e7)
(0.9699999999999998 5.93147255875e7)
(0.98 5.932797508749999e7)
(0.99 5.9330921321875e7)
(1. 5.932503113437501e7)
(1.0100000000000002 5.9326504821875e7)
(1.02 5.9347115915625006e7)
(1.03 5.9345644509375e7)
(1.04 5.9350061009375e7)
(1.0499999999999998 5.93368080875e7)
(1.06 5.9335336681250006e7)
(1.07 5.933533782187499e7)
(1.08 5.935153127499999e7)
(1.0900000000000003 5.9348588462500006e7)
(1.1 5.935447750937499e7)
(1.1099999999999999 5.9347114775000006e7)
(1.1199999999999999 5.934711705625e7)
(1.13 5.93397554625e7)
(1.1399999999999997 5.934711591562499e7)
(1.15 5.934269941562499e7)
(1.16 5.933975318124999e7)
(1.17 5.9345643368750006e7)
(1.1800000000000002 5.933975318124999e7)
(1.19 5.9327976228125006e7)
(1.2 5.9335337821875e7)
(1.21 5.9325032275000006e7)
(1.2199999999999998 5.9332391587500006e7)
(1.23 5.9317669540625e7)
(1.24 5.9323559728125006e7)
(1.25 5.9313253040625e7)
(1.2600000000000002 5.93191420875e7)
(1.27 5.931619699374999e7)
(1.28 5.931619699374999e7)
(1.29 5.9301474946875e7)
(1.2999999999999998 5.9308836540625e7)
(1.31 5.930589030625e7)
(1.3200000000000003 5.9307365134375e7)
(1.33 5.9294112212500006e7)
(1.3400000000000003 5.930441889999999e7)
(1.35 5.9289696853125e7)
(1.36 5.9292639665625e7)
(1.3699999999999999 5.928233411875e7)
(1.38 5.9291168259375006e7)
(1.3899999999999997 5.9289695712500006e7)
(1.4 5.92911694e7)
(1.4100000000000001 5.92955859e7)
(1.42 5.9286752900000006e7)
(1.4300000000000002 5.9272026290625006e7)
(1.44 5.9274972525000006e7)
(1.45 5.927350111875e7)
(1.46 5.9280861571875e7)
(1.4699999999999998 5.9245525009375006e7)
(1.48 5.9267609790625e7)
(1.4899999999999998 5.9260249337500006e7)
(1.5 5.9270554884375e7)
(1.5100000000000002 5.926466697812499e7)
(1.52 5.926172074374999e7)
(1.53 5.926466583749999e7)
(1.54 5.9264664696875e7)
(1.5499999999999998 5.9257304243750006e7)
(1.56 5.9257304243750006e7)
(1.5700000000000003 5.925288774374999e7)
(1.58 5.9244053603125006e7)
(1.5900000000000003 5.925877793125e7)
(1.6 5.9249943790625e7)
(1.61 5.923963710312499e7)
(1.6199999999999999 5.9251415196875e7)
(1.63 5.9245526150000006e7)
(1.6399999999999997 5.923521946250001e7)
(1.65 5.924405246249999e7)
(1.6600000000000001 5.923374805624999e7)
(1.67 5.924552500937498e7)
(1.6800000000000002 5.9246998696875e7)
(1.69 5.924847124375001e7)
(1.7 5.9232275509375e7)
(1.7100000000000002 5.9235220603125006e7)
(1.72 5.923816455624999e7)
(1.7300000000000006 5.922933155625e7)
(1.7399999999999995 5.92396359625e7)
(1.7500000000000002 5.9221968821875e7)
(1.76 5.9229330415625e7)
(1.7699999999999998 5.923669315e7)
(1.78 5.9233746915625e7)
(1.7899999999999998 5.922491505625e7)
(1.8 5.9229330415625e7)
(1.8099999999999998 5.9216079775e7)
(1.8200000000000005 5.9210189587500006e7)
(1.8299999999999994 5.9214608368750006e7)
(1.84 5.9213135821875e7)
(1.8499999999999999 5.9208718181250006e7)
(1.86 5.919841263437501e7)
(1.8699999999999999 5.920724449375e7)
(1.8800000000000001 5.9210190728125e7)
(1.89 5.9204300540625e7)
(1.8999999999999997 5.9207245634375006e7)
(1.9100000000000004 5.9205774228125e7)
(1.9200000000000002 5.920724677499999e7)
(1.93 5.91925235875e7)
(1.9400000000000002 5.921460836874999e7)
(1.95 5.91969400875e7)
(1.9600000000000002 5.920871818125e7)
(1.97 5.921019072812501e7)
(1.9800000000000006 5.9216079775e7)
(1.9899999999999995 5.9214607228125e7)
(2.0000000000000004 5.9216078634375e7)
(2.0100000000000002 5.920135658749999e7)
(2.02 5.922638532187499e7)
(2.0300000000000002 5.9208718181250006e7)
(2.04 5.9220496275000006e7)
(2.0500000000000003 5.9216079775e7)
(2.06 5.922785786875e7)
(2.0700000000000007 5.9207245634375006e7)
(2.0799999999999996 5.9232275509375e7)
(2.0900000000000003 5.9230804103125e7)
(2.1 5.9229330415625e7)
(2.1100000000000003 5.922785786875e7)
(2.12 5.9229330415625e7)
(2.1300000000000003 5.923374805624999e7)
(2.14 5.924847010312498e7)
(2.15 5.92352194625e7)
(2.1600000000000006 5.924994264999998e7)
(2.1700000000000004 5.925288774374999e7)
(2.18 5.926319443125e7)
(2.1900000000000004 5.9260248196875e7)
(2.2 5.926172188437498e7)
(2.2100000000000004 5.926466697812499e7)
(2.22 5.9272026290625006e7)
(2.230000000000001 5.9272028571875006e7)
(2.2399999999999998 5.929116711875e7)
(2.2500000000000004 5.9307362853125e7)
(2.2600000000000002 5.931325304062501e7)
(2.27 5.930294521249999e7)
(2.2800000000000002 5.930589144687499e7)
(2.29 5.9325032275000006e7)
(2.3000000000000003 5.933828291562499e7)
(2.31 5.9350061009375e7)
(2.3200000000000007 5.935005986874999e7)
(2.3299999999999996 5.9369200696875e7)
(2.3400000000000003 5.9378035978125e7)
(2.35 5.939128661874998e7)
(2.3600000000000003 5.938981179062499e7)
(2.37 5.9423675806250006e7)
(2.3800000000000003 5.9425147212500006e7)
(2.39 5.9450175946875006e7)
(2.4 5.947815205625e7)
(2.4100000000000006 5.949876543124999e7)
(2.4200000000000004 5.9522321618750006e7)
(2.43 5.955618449375e7)
(2.4400000000000004 5.957385163437501e7)
(2.45 5.960476941562499e7)
(2.4600000000000004 5.965630057187499e7)
(2.47 5.9691638275e7)
(2.480000000000001 5.971666586875e7)
(2.4899999999999998 5.977555861874999e7)
(2.5000000000000004 5.9803532446875e7)
(2.5100000000000002 5.9849173415625e7)
(2.52 5.9896288071875e7)
(2.5300000000000002 5.994634668125e7)
(2.54 5.9994933884375e7)
(2.5500000000000003 6.004499249375e7)
(2.56 6.009652250937499e7)
(2.5700000000000007 6.0146579978125006e7)
(2.5799999999999996 6.018927699375e7)
(2.5900000000000003 6.026583802499999e7)
(2.6 6.031147899374998e7)
(2.6100000000000003 6.037626079062499e7)
(2.62 6.0423375446875006e7)
(2.6300000000000003 6.04793219625e7)
(2.64 6.0538215853125006e7)
(2.65 6.059563605624998e7)
(2.6600000000000006 6.0654527665625e7)
(2.6700000000000004 6.0723725962500006e7)
(2.68 6.077083947812498e7)
(2.6900000000000004 6.0832677321875006e7)
(2.7 6.0898931665625006e7)
(2.7100000000000004 6.095487932187499e7)
(2.72 6.1012299525000006e7)
(2.730000000000001 6.108002641562501e7)
(2.7399999999999998 6.1135974071875e7)
(2.7500000000000004 6.120958772812499e7)
(2.7600000000000002 6.1269954165625e7)
(2.7700000000000005 6.1315595134375e7)
(2.7800000000000002 6.1384794571875006e7)
(2.79 6.1437797134375e7)
(2.8000000000000003 6.149227338437499e7)
(2.81 6.1561471681250006e7)
(2.8200000000000007 6.161889302499998e7)
(2.8299999999999996 6.1674839540625e7)
(2.8400000000000003 6.173225974375e7)
(2.85 6.178967880625e7)
(2.8600000000000003 6.18456264625e7)
(2.87 6.190452035312499e7)
(2.8800000000000003 6.196488450937499e7)
(2.89 6.20223047125e7)
(2.9 6.2073834728124976e7)
(2.9100000000000006 6.213125493124999e7)
(2.9200000000000004 6.217984099374999e7)
(2.93 6.223137215e7)
(2.940000000000001 6.22917385875e7)
(2.95 6.233737955624999e7)
(2.9600000000000004 6.239185580625e7)
(2.97 6.2446328634375e7)
(2.980000000000001 6.248608283749998e7)
(2.9899999999999998 6.253467118125e7)
(3.0000000000000004 6.257883846249999e7)
(3.0100000000000002 6.263184102499999e7)
(3.0200000000000005 6.26671775875e7)
(3.03 6.270840205624999e7)
(3.04 6.2742264931250006e7)
(3.0500000000000003 6.27982125875e7)
(3.06 6.283649310312499e7)
(3.0700000000000007 6.2864468071875e7)
(3.0799999999999996 6.289980235312499e7)
(3.0900000000000003 6.2929248728125e7)
(3.1 6.29542774625e7)
(3.1100000000000003 6.2998448165625006e7)
(3.1200000000000006 6.302789339999999e7)
(3.1300000000000003 6.305292213437499e7)
(3.14 6.3073534368750006e7)
(3.15 6.309561915e7)
(3.1600000000000006 6.311181374374998e7)
(3.1700000000000004 6.3123592978125006e7)
(3.18 6.313095457187499e7)
(3.190000000000001 6.3176596681250006e7)
(3.2 6.3191321009375e7)
(3.2100000000000004 6.3206043056250006e7)
(3.22 6.3213405790625006e7)
(3.230000000000001 6.321929255625e7)
(3.2399999999999998 6.3226654150000006e7)
(3.2500000000000004 6.3234016884375e7)
(3.2600000000000002 6.3229600384375e7)
(3.2700000000000005 6.3228127837500006e7)
(3.28 6.323401916562498e7)
(3.29 6.3238433384375e7)
(3.3000000000000003 6.323696083749998e7)
(3.31 6.32369608375e7)
(3.3200000000000007 6.3238433384375e7)
(3.3299999999999996 6.320751446249999e7)
(3.3400000000000003 6.3206043056250006e7)
(3.35 6.3216348603125e7)
(3.3600000000000003 6.320457165e7)
(3.3700000000000006 6.3192792415625e7)
(3.3800000000000003 6.3183957134375e7)
(3.39 6.3175125275e7)
(3.4 6.317218018125e7)
(3.4100000000000006 6.315598330624999e7)
(3.4200000000000004 6.312800947812498e7)
(3.43 6.312653693125e7)
(3.440000000000001 6.3108869790625e7)
(3.45 6.309267519687499e7)
(3.4600000000000004 6.306470250937501e7)
(3.47 6.3057338634375e7)
(3.480000000000001 6.303231104062501e7)
(3.4899999999999998 6.301022511874999e7)
(3.5000000000000004 6.29881403375e7)
(3.5100000000000002 6.297636224374999e7)
(3.5200000000000005 6.2952804915625e7)
(3.53 6.292188599375e7)
(3.54 6.28924419e7)
(3.5500000000000003 6.2876245025e7)
(3.56 6.286152183749999e7)
(3.5700000000000007 6.2815879728125006e7)
(3.5799999999999996 6.280410049375e7)
(3.5900000000000003 6.278348939999999e7)
(3.6 6.275109793124999e7)
(3.6100000000000003 6.2706929509375e7)
(3.6200000000000006 6.269809650937499e7)
(3.6300000000000003 6.265981485312498e7)
(3.64 6.2636256384375006e7)
(3.65 6.2606812290625006e7)
(3.6600000000000006 6.258030986874999e7)
(3.6700000000000004 6.255233718125e7)
(3.68 6.25170029e7)
(3.690000000000001 6.2487556525000006e7)
(3.7 6.2459580415625006e7)
(3.709999999999999 6.2431606587500006e7)
(3.7200000000000006 6.239627230625e7)
(3.7300000000000004 6.234915879062499e7)
(3.74 6.2324127775000006e7)
(3.75 6.227259775937499e7)
(3.7600000000000016 6.2251985525e7)
(3.7700000000000005 6.2204870868750006e7)
(3.7799999999999994 6.2179842134375e7)
(3.79 6.213272975937499e7)
(3.8000000000000007 6.2101809696875006e7)
(3.8100000000000005 6.2066473134375e7)
(3.8200000000000003 6.2034083946875e7)
(3.83 6.1994330884375e7)
(3.84 6.1958994321875e7)
(3.8499999999999996 6.1917769853125e7)
(3.8600000000000003 6.188390811874999e7)
(3.870000000000001 6.185004410312499e7)
(3.88 6.18029305875e7)
(3.8900000000000006 6.177348421249999e7)
(3.9000000000000004 6.173373229062498e7)
(3.91 6.1701340821875e7)
(3.92 6.164686685312499e7)
(3.9300000000000006 6.160564010312499e7)
(3.9400000000000013 6.1582083915625006e7)
(3.95 6.154233085312499e7)
(3.959999999999999 6.149227224374999e7)
(3.9700000000000006 6.145546541562499e7)
(3.9800000000000004 6.1417186040625006e7)
(3.99 6.137448902500001e7)
(4. 6.132590296249999e7)
(4.010000000000002 6.12890927125e7)
(4.0200000000000005 6.12508133375e7)
(4.029999999999999 6.12037009625e7)
(4.04 6.1149223571875e7)
(4.050000000000001 6.111830464999999e7)
(4.0600000000000005 6.105499654062499e7)
(4.07 6.101671602499998e7)
(4.08 6.0971073915625e7)
(4.09 6.0919542759375006e7)
(4.1 6.0870956696875006e7)
(4.11 6.07870352125e7)
(4.120000000000001 6.0729615009375006e7)
(4.13 6.067072339999998e7)
(4.140000000000001 6.0613303196875e7)
(4.15 6.0522018978125e7)
(4.16 6.0469016415625006e7)
(4.17 6.038951143124999e7)
(4.180000000000001 6.0292338165625006e7)
(4.190000000000001 6.02216684625e7)
(4.2 6.0142163478125006e7)
(4.209999999999999 6.0037629759375e7)
(4.220000000000001 5.995223458749998e7)
(4.23 5.9862422915625006e7)
(4.24 5.975494524375e7)
(4.25 5.967249516562499e7)
(4.260000000000002 5.956060213437499e7)
(4.2700000000000005 5.9457538681250006e7)
(4.279999999999999 5.9363311650000006e7)
(4.29 5.926466697812501e7)
(4.300000000000001 5.916013211875e7)
(4.3100000000000005 5.9051180759375e7)
(4.32 5.894075799375e7)
(4.33 5.8815610900000006e7)
(4.34 5.870666068125e7)
(4.35 5.861096110312498e7)
(4.36 5.8496119556250006e7)
(4.370000000000001 5.8370974743750006e7)
(4.38 5.8257604603125006e7)
(4.390000000000001 5.813098724375e7)
(4.4 5.799700600937499e7)
(4.41 5.788363815e7)
(4.42 5.7727572134375e7)
(4.430000000000001 5.761715050937498e7)
(4.440000000000001 5.748758805625e7)
(4.45 5.733004949374999e7)
(4.459999999999999 5.717104066562499e7)
(4.470000000000001 5.701939229062498e7)
(4.48 5.6841242634375e7)
(4.49 5.662334105625e7)
(4.5 5.6426050571875006e7)
(4.510000000000002 5.6221400775000006e7)
(4.5200000000000005 5.603147074374999e7)
(4.529999999999999 5.579737343124999e7)
(4.54 5.558388835312499e7)
(4.550000000000001 5.537629346249999e7)
(4.5600000000000005 5.5152501696875e7)
(4.57 5.4921350618750006e7)
(4.58 5.472847549375e7)
(4.59 5.449290563437499e7)
(4.6 5.4273532650000006e7)
(4.61 5.4054157384375e7)
(4.620000000000001 5.3814169884375e7)
(4.63 5.3594795759375006e7)
(4.640000000000001 5.3397506415625e7)
(4.65 5.3164882790625006e7)
(4.66 5.294697893124999e7)
(4.67 5.2733493853125e7)
(4.680000000000001 5.251706368125e7)
(4.690000000000001 5.2285911462500006e7)
(4.7 5.2076842884375e7)
(4.709999999999999 5.1720543571875e7)
(4.720000000000001 5.1629261634375e7)
(4.73 5.14172479625e7)
(4.74 5.121701466562499e7)
(4.75 5.0971139259375006e7)
(4.760000000000002 5.076943227499999e7)
(4.7700000000000005 5.0560364837500006e7)
(4.779999999999999 5.0317433384375e7)
(4.79 5.011867149375e7)
(4.800000000000001 4.991107546249999e7)
(4.8100000000000005 4.969464415e7)
(4.82 4.9495883400000006e7)
(4.83 4.9272091634375e7)
(4.84 4.90806913375e7)
(4.85 4.889223499375e7)
(4.86 4.866844322812499e7)
(4.870000000000001 4.8454959290625e7)
(4.88 4.824294561875e7)
(4.890000000000001 4.806332455625e7)
(4.9 4.784395043125e7)
(4.91 4.7658438040625e7)
(4.92 4.7453787103125e7)
(4.930000000000001 4.728594413437499e7)
(4.940000000000001 4.7094543837500006e7)
(4.95 4.6881058759375e7)
(4.959999999999999 4.6692602415625006e7)
(4.970000000000001 4.6524759446875006e7)
(4.98 4.633483055625e7)
(4.99 4.614490280625e7)
(5. 4.594319810312499e7)
(5.010000000000002 4.577977049374999e7)
(5.0200000000000005 4.5598676884375e7)
(5.029999999999999 4.5423472321875006e7)
(5.04 4.5246792931250006e7)
(5.050000000000001 4.507747855624999e7)
(5.0600000000000005 4.489638494687499e7)
(5.07 4.4734429884375006e7)
(5.08 4.456364068124999e7)
(5.09 4.4381074525000006e7)
(5.1 4.4235316337500006e7)
(5.11 4.4068944775e7)
(5.120000000000001 4.388637861875e7)
(5.13 4.3770065665625e7)
(5.140000000000001 4.35904434625e7)
(5.15 4.343732368125e7)
(5.16 4.328567530625e7)
(5.17 4.3129609290625006e7)
(5.180000000000001 4.298679733749999e7)
(5.190000000000001 4.2864595337500006e7)
(5.2 4.2701166587500006e7)
(5.209999999999999 4.2570133868750006e7)
(5.220000000000001 4.2430262446875e7)
(5.23 4.2256529290625e7)
(5.24 4.213432843125e7)
(5.25 4.2009182478125006e7)
(5.260000000000002 4.186194946249999e7)
(5.2700000000000005 4.173385841562499e7)
(5.279999999999999 4.1577793540625e7)
(5.29 4.146737305625e7)
(5.300000000000001 4.13157224e7)
(5.3100000000000005 4.11949940875e7)
(5.32 4.1071318400000006e7)
(5.33 4.0946173587500006e7)
(5.34 4.0794524071875e7)
(5.35 4.0704714681250006e7)
(5.36 4.0551593759375006e7)
(5.370000000000001 4.0461783228125e7)
(5.38 4.032338663437499e7)
(5.390000000000001 4.0227685915625006e7)
(5.4 4.008339799375e7)
(5.41 3.9989169821875e7)
(5.42 3.983752372812499e7)
(5.430000000000001 3.975360224375e7)
(5.440000000000001 3.962403636875e7)
(5.45 3.9531280743750006e7)
(5.459999999999999 3.9382578603125e7)
(5.470000000000001 3.93192682125e7)
(5.48 3.917056493125e7)
(5.49 3.9077810446875e7)
(5.5 3.895708099375e7)
(5.510000000000002 3.887463091562499e7)
(5.5200000000000005 3.8746541009375e7)
(5.529999999999999 3.8664092071875e7)
(5.54 3.8535999884375e7)
(5.550000000000001 3.8457967446875e7)
(5.5600000000000005 3.8346073275e7)
(5.57 3.825478905625e7)
(5.58 3.8150254196875e7)
(5.59 3.8054554618750006e7)
(5.6 3.794413185312499e7)
(5.61 3.786904336874999e7)
(5.620000000000001 3.774684136875e7)
(5.63 3.7670280337500006e7)
(5.640000000000001 3.75642752125e7)
(5.65 3.7477408634375e7)
(5.66 3.736845727499999e7)
(5.67 3.72948413375e7)
(5.680000000000001 3.718736366562499e7)
(5.690000000000001 3.7112274040625e7)
(5.7 3.6997433634375e7)
(5.709999999999999 3.693265411874999e7)
(5.720000000000001 3.680309052499999e7)
(5.73 3.673977899374999e7)
(5.74 3.662494086875e7)
(5.75 3.6568992071875e7)
(5.760000000000002 3.6451208853125e7)
(5.7700000000000005 3.637464782187499e7)
(5.779999999999999 3.62863098375e7)
(5.79 3.621269389999999e7)
(5.800000000000001 3.6114049228125e7)
(5.8100000000000005 3.604337724375e7)
(5.82 3.5941789759375e7)
(5.83 3.58652275875e7)
(5.840000000000001 3.576216527499999e7)
(5.85 3.57003297125e7)
(5.86 3.5613463134375e7)
(5.870000000000001 3.552659655625e7)
(5.88 3.54264793375e7)
(5.890000000000001 3.5360223853125e7)
(5.9 3.526894305625e7)
(5.91 3.5202687571875e7)
(5.92 3.5099625259375006e7)
(5.930000000000001 3.5048094103125e7)
(5.940000000000001 3.493914388437499e7)
(5.95 3.4880251134375e7)
(5.959999999999999 3.47860229625e7)
(5.970000000000001 3.4713881853125006e7)
(5.98 3.4635849415625e7)
(5.99 3.455487074375e7)
(6. 3.4466532759375e7)
(6.010000000000002 3.4397333321875e7)
(6.0200000000000005 3.431782719687499e7)
(6.029999999999999 3.4260409275e7)
(6.04 3.416765365e7)
(6.050000000000001 3.4107287212500006e7)
(6.0600000000000005 3.4039561462500006e7)
(6.07 3.3958585071875e7)
(6.08 3.387908236875e7)
(6.090000000000001 3.3823133571875e7)
(6.1 3.37421549e7)
(6.109999999999999 3.366265105625e7)
(6.120000000000001 3.358608888437499e7)
(6.13 3.3527197275e7)
(6.140000000000001 3.3453582478125e7)
(6.15 3.338438418124999e7)
(6.16 3.330929683749999e7)
(6.17 3.3243041353124995e7)
(6.1800000000000015 3.31620649625e7)
(6.190000000000001 3.3100229399999995e7)
(6.2 3.3039862962499995e7)
(6.209999999999999 3.2972137212500002e7)
(6.220000000000001 3.2885270634375e7)
(6.23 3.2833739478125e7)
(6.24 3.2758650993749995e7)
(6.25 3.26982868375e7)
(6.260000000000002 3.2618782993750002e7)
(6.2700000000000005 3.2570195790625006e7)
(6.279999999999999 3.2481856665625002e7)
(6.290000000000001 3.2434743150000002e7)
(6.300000000000001 3.2365544853125002e7)
(6.3100000000000005 3.2290457509375002e7)
(6.32 3.2209479978124995e7)
(6.33 3.216825436875e7)
(6.340000000000001 3.2082860337499995e7)
(6.35 3.204458324375e7)
(6.359999999999999 3.196066061875e7)
(6.370000000000001 3.1904711821875e7)
(6.38 3.1828151931250002e7)
(6.390000000000001 3.1789871415625e7)
(6.4 3.1698588337499995e7)
(6.41 3.166030668125e7)
(6.42 3.1576385196875002e7)
(6.4300000000000015 3.1536634415624995e7)
(6.440000000000001 3.1464489884374995e7)
(6.45 3.1408543368749995e7)
(6.459999999999999 3.133492743125e7)
(6.470000000000001 3.1295175509375e7)
(6.48 3.1217143071875e7)
(6.49 3.1164139368750006e7)
(6.5 3.1096412478125e7)
(6.510000000000002 3.1059605650000002e7)
(6.5200000000000005 3.097273793125e7)
(6.529999999999999 3.0925624415625e7)
(6.540000000000001 3.0860842618750002e7)
(6.550000000000001 3.0813731384374995e7)
(6.5600000000000005 3.0743058259375e7)
(6.57 3.0692998509374995e7)
(6.58 3.0629690400000002e7)
(6.590000000000001 3.0567852556249995e7)
(6.6 3.0508960946875002e7)
(6.609999999999999 3.0463321118749995e7)
(6.620000000000001 3.0383813853125e7)
(6.63 3.0352896071875e7)
(6.640000000000001 3.0258669040625e7)
(6.65 3.0221861071875002e7)
(6.66 3.0146770306250002e7)
(6.67 3.0112908571875006e7)
(6.6800000000000015 3.0036348681250002e7)
(6.690000000000001 3.0001014399999995e7)
(6.7 2.9933287509374995e7)
(6.709999999999999 2.9895008134375002e7)
(6.720000000000001 2.9814030603125002e7)
(6.73 2.9774278681249995e7)
(6.74 2.9709498025e7)
(6.75 2.9666798728125002e7)
(6.760000000000002 2.9609377384375e7)
(6.7700000000000005 2.955343086875e7)
(6.779999999999999 2.9493066712500006e7)
(6.790000000000001 2.94385904625e7)
(6.800000000000001 2.9366447071875e7)
(6.8100000000000005 2.9334055603125e7)
(6.82 2.925896711875e7)
(6.83 2.9213328431250002e7)
(6.840000000000001 2.913971249375e7)
(6.85 2.9097014337499995e7)
(6.859999999999999 2.9030758853125e7)
(6.870000000000001 2.89998422125e7)
(6.88 2.8926227415624995e7)
(6.890000000000001 2.886880493125e7)
(6.9 2.8809914462499995e7)
(6.91 2.87745779e7)
(6.92 2.870243565e7)
(6.9300000000000015 2.8668571634375e7)
(6.940000000000001 2.8589067790624995e7)
(6.95 2.8546369634375e7)
(6.959999999999999 2.8486005478124995e7)
(6.970000000000001 2.84388919625e7)
(6.98 2.83593858375e7)
(6.99 2.8318161368750002e7)
(7. 2.8243074025e7)
(7.010000000000002 2.820921115e7)
(7.0200000000000005 2.8140010571875e7)
(7.029999999999999 2.8101731196875e7)
(7.040000000000001 2.8042839587500002e7)
(7.050000000000001 2.7998670025000002e7)
(7.0600000000000005 2.7927999181250002e7)
(7.07 2.7888248399999995e7)
(7.08 2.78190489625e7)
(7.090000000000001 2.7783713540625e7)
(7.1 2.771598665e7)
(7.109999999999999 2.765562249375e7)
(7.120000000000001 2.76040913375e7)
(7.13 2.757169986875e7)
(7.140000000000001 2.7506920353125e7)
(7.15 2.747158265e7)
(7.16 2.74053305875e7)
(7.17 2.7390605118750002e7)
(7.1800000000000015 2.7331713509374995e7)
(7.190000000000001 2.728459999375e7)
(7.2 2.7238957884375002e7)
(7.209999999999999 2.7202148775000002e7)
(7.220000000000001 2.7131477931249995e7)
(7.23 2.7090255743750002e7)
(7.24 2.7043141087500002e7)
(7.25 2.6998972665625002e7)
(7.260000000000002 2.6956276790625e7)
(7.2700000000000005 2.6917996275e7)
(7.279999999999999 2.68620463375e7)
(7.290000000000001 2.6822293275e7)
(7.300000000000001 2.6764875353124995e7)
(7.3100000000000005 2.67103979625e7)
(7.32 2.6672117446874995e7)
(7.33 2.6633839212499995e7)
(7.340000000000001 2.6564639774999995e7)
(7.35 2.6557277040624995e7)
(7.359999999999999 2.6501329384375002e7)
(7.370000000000001 2.6455689556249995e7)
(7.38 2.63894352125e7)
(7.390000000000001 2.6387962665625e7)
(7.4 2.631287418124999e7)
(7.41 2.6286372899999995e7)
(7.42 2.6224536196875e7)
(7.4300000000000015 2.619508868125e7)
(7.440000000000001 2.6139141025e7)
(7.45 2.611411343125e7)
(7.459999999999999 2.6066996493750002e7)
(7.470000000000001 2.6059636040625002e7)
(7.48 2.6015466478125e7)
(7.49 2.5980131056249995e7)
(7.5 2.5931546134375e7)
(7.510000000000002 2.5916822946874995e7)
(7.5200000000000005 2.5863818103125002e7)
(7.529999999999999 2.5841734462499995e7)
(7.540000000000001 2.5785785665625002e7)
(7.550000000000001 2.5769591071874995e7)
(7.5600000000000005 2.572247755625e7)
(7.57 2.5695976274999995e7)
(7.58 2.5631194478125e7)
(7.590000000000001 2.5610583384375e7)
(7.6 2.5560523634375e7)
(7.609999999999999 2.5532549806250002e7)
(7.620000000000001 2.5473658196875e7)
(7.630000000000001 2.5454515087499995e7)
(7.640000000000001 2.5400042259375002e7)
(7.65 2.5380900290624995e7)
(7.66 2.533820555625e7)
(7.67 2.53146470875e7)
(7.6800000000000015 2.5257226884375002e7)
(7.690000000000001 2.5248393884375e7)
(7.7 2.5190973681249995e7)
(7.71 2.51629987125e7)
(7.719999999999998 2.5124719337499995e7)
(7.7299999999999995 2.5093801556249995e7)
(7.740000000000001 2.5048159446875e7)
(7.749999999999999 2.502460211875e7)
(7.760000000000001 2.497012586875e7)
(7.7700000000000005 2.4953932415625e7)
(7.78 2.4900928712500002e7)
(7.790000000000002 2.4870009790625e7)
(7.8 2.4819950040625002e7)
(7.81 2.4812589587499995e7)
(7.820000000000003 2.475664193125e7)
(7.830000000000001 2.474191874375e7)
(7.840000000000001 2.4685971087500002e7)
(7.8500000000000005 2.4665358853125e7)
(7.8599999999999985 2.4632967384375e7)
(7.87 2.4607937509375e7)
(7.88 2.4559351446875002e7)
(7.89 2.45505195875e7)
(7.900000000000001 2.4501930103125e7)
(7.910000000000001 2.4478373915625e7)
(7.920000000000001 2.4429790134375e7)
(7.930000000000002 2.44180109e7)
(7.94 2.437236765e7)
(7.95 2.4348811462499995e7)
(7.96 2.4292864946875e7)
(7.969999999999998 2.4288446165625e7)
(7.9799999999999995 2.424133265e7)
(7.990000000000001 2.4222192962500002e7)
(7.999999999999999 2.4164772759375e7)
(8.01 2.4157411165625002e7)
(8.02 2.4116186696875e7)
(8.03 2.4089684275e7)
(8.040000000000001 2.4045514712500002e7)
(8.049999999999999 2.4041099353125e7)
(8.059999999999999 2.399840005625e7)
(8.070000000000002 2.3974845009375e7)
(8.08 2.3942453540625e7)
(8.09 2.3921840165625e7)
(8.1 2.3876201478125002e7)
(8.109999999999998 2.3882089384375002e7)
(8.12 2.3815833900000006e7)
(8.129999999999999 2.383055936875e7)
(8.139999999999999 2.3771665478125002e7)
(8.15 2.3771665478125e7)
(8.16 2.3718661775e7)
(8.17 2.3714246415625e7)
(8.180000000000001 2.3670075712499995e7)
(8.19 2.3649465759375006e7)
(8.2 2.362590843125e7)
(8.209999999999999 2.361412805625e7)
(8.219999999999997 2.356112549375e7)
(8.229999999999999 2.3561124353125002e7)
(8.24 2.3511068025e7)
(8.249999999999998 2.3511065743749995e7)
(8.26 2.3462479681250002e7)
(8.27 2.3466896181249995e7)
(8.28 2.3434506993749995e7)
(8.290000000000001 2.3435979540625e7)
(8.299999999999999 2.3371197743749995e7)
(8.309999999999999 2.3378560478124995e7)
(8.320000000000002 2.333586118125e7)
(8.33 2.3334389775e7)
(8.34 2.3268134290625e7)
(8.35 2.3288746525000002e7)
(8.359999999999998 2.3246049509375002e7)
(8.37 2.3250468290625006e7)
(8.379999999999999 2.3203353634374995e7)
(8.389999999999999 2.318421280625e7)
(8.4 2.315624011875e7)
(8.41 2.3148877384375e7)
(8.42 2.3104710103125e7)
(8.430000000000001 2.3115015649999995e7)
(8.44 2.3054649212499995e7)
(8.45 2.3064957040624995e7)
(8.459999999999999 2.3017842384374995e7)
(8.469999999999997 2.3028149071875e7)
(8.479999999999999 2.2975144228124995e7)
(8.49 2.2969256321875e7)
(8.499999999999998 2.2908891024999995e7)
(8.51 2.292361649374999e7)
(8.52 2.2864722603125e7)
(8.53 2.2873555603125e7)
(8.540000000000001 2.2824969540625e7)
(8.549999999999999 2.2824968399999995e7)
(8.559999999999999 2.276460424375e7)
(8.570000000000002 2.2777854884375e7)
(8.58 2.272190836875e7)
(8.59 2.273810524375e7)
(8.6 2.26762674e7)
(8.609999999999998 2.267626511875e7)
(8.62 2.2632097837499995e7)
(8.629999999999999 2.2636514337499995e7)
(8.639999999999999 2.2592344775e7)
(8.65 2.2587928275e7)
(8.66 2.254081361875e7)
(8.67 2.2546702665625e7)
(8.680000000000001 2.25054793375e7)
(8.69 2.2518729978125e7)
(8.7 2.2456892134375e7)
(8.709999999999999 2.2456892134374995e7)
(8.719999999999997 2.2412723712499995e7)
(8.729999999999999 2.2424500665625e7)
(8.74 2.235088586875e7)
(8.749999999999998 2.2372969509375e7)
(8.76 2.2325857134375e7)
(8.77 2.2321440634375006e7)
(8.78 2.2289049165624995e7)
(8.790000000000001 2.229199311875e7)
(8.799999999999999 2.2253712603125e7)
(8.809999999999999 2.2244879603124995e7)
(8.820000000000002 2.2213959540625e7)
(8.83 2.2215430946874995e7)
(8.84 2.2169789978125002e7)
(8.85 2.2177151571875002e7)
(8.859999999999998 2.2134454556249995e7)
(8.87 2.213151174375e7)
(8.879999999999999 2.2088813587499995e7)
(8.889999999999999 2.2099120275e7)
(8.9 2.206231230625e7)
(8.91 2.2059367212499995e7)
(8.92 2.2013725103125002e7)
(8.930000000000001 2.2012253696875e7)
(8.94 2.1968084134375002e7)
(8.95 2.197986336875e7)
(8.959999999999999 2.1932748712500002e7)
(8.969999999999997 2.19371652125e7)
(8.979999999999999 2.19077188375e7)
(8.99 2.1895939603125e7)
(8.999999999999998 2.1854716275e7)
(9.01 2.1873855962500002e7)
(9.02 2.1807602759375002e7)
(9.03 2.18208534e7)
(9.040000000000001 2.1778156384374995e7)
(9.049999999999999 2.1791407025e7)
(9.059999999999999 2.175018255625e7)
(9.070000000000002 2.174429236875e7)
(9.08 2.1708956946875e7)
(9.09 2.1708959228125e7)
(9.1 2.16633148375e7)
(9.109999999999998 2.1678039165625e7)
(9.12 2.163239705625e7)
(9.129999999999999 2.1623562915625e7)
(9.139999999999999 2.1602951821875e7)
(9.15 2.1608842009375e7)
(9.16 2.155436461875e7)
(9.17 2.1517557790625e7)
(9.180000000000001 2.1458666181250002e7)
(9.19 2.14778035875e7)
(9.2 2.1446886946875e7)
(9.209999999999999 2.1457193634375002e7)
(9.219999999999997 2.1410078978125e7)
(9.229999999999999 2.1418911978125e7)
(9.24 2.1387994196875e7)
(9.249999999999998 2.139535465e7)
(9.26 2.1355602728124995e7)
(9.27 2.13717984625e7)
(9.28 2.1330573993750002e7)
(9.290000000000001 2.132615749375e7)
(9.299999999999999 2.129229461875e7)
(9.309999999999999 2.1284931884375e7)
(9.320000000000002 2.1262847103125002e7)
(9.33 2.127168124375e7)
(9.34 2.1218678681250002e7)
(9.35 2.1226039134374995e7)
(9.359999999999998 2.1180398165625e7)
(9.37 2.1187759759375002e7)
(9.379999999999999 2.1162732165625002e7)
(9.389999999999999 2.1149479243749995e7)
(9.4 2.1111199868749995e7)
(9.41 2.1099421775000002e7)
(9.42 2.1069976540625e7)
(9.430000000000001 2.1086171134375002e7)
(9.44 2.1025804696875e7)
(9.45 2.104200043125e7)
(9.459999999999999 2.1000777103125e7)
(9.469999999999997 2.1018441962499995e7)
(9.479999999999999 2.0963967993749995e7)
(9.49 2.0988997868750002e7)
(9.499999999999998 2.0931577665624995e7)
(9.51 2.0938939259375e7)
(9.52 2.0894769696875e7)
(9.53 2.0896241103125e7)
(9.540000000000001 2.085796286875e7)
(9.549999999999999 2.0859435415625002e7)
(9.559999999999999 2.082262630625e7)
(9.570000000000002 2.0829989040625002e7)
(9.58 2.0787292025e7)
(9.59 2.0791707384375e7)
(9.6 2.0759318196874995e7)
(9.609999999999998 2.0759315915625e7)
(9.62 2.0723982774999995e7)
(9.629999999999999 2.074017736875e7)
(9.639999999999999 2.069011761875e7)
(9.65 2.070631449375e7)
(9.66 2.0657728431249995e7)
(9.67 2.0651837103125002e7)
(9.680000000000001 2.0616502821875e7)
(9.69 2.0640061290624995e7)
(9.7 2.0591472946875e7)
(9.709999999999999 2.0594418040625e7)
(9.719999999999997 2.0557611212499995e7)
(9.729999999999999 2.0576749759375e7)
(9.74 2.051785815e7)
(9.749999999999998 2.054877593125e7)
(9.76 2.05031349625e7)
(9.77 2.0511969103125e7)
(9.78 2.046780068125e7)
(9.790000000000001 2.0475162275e7)
(9.799999999999999 2.04309927125e7)
(9.809999999999999 2.04398257125e7)
(9.820000000000002 2.04147958375e7)
(9.83 2.0422158571875e7)
(9.84 2.03720999625e7)
(9.85 2.0389769384374995e7)
(9.859999999999998 2.0342653587500002e7)
(9.87 2.036620863437499e7)
(9.879999999999999 2.032645899375e7)
(9.889999999999999 2.032056880625e7)
(9.9 2.0289649884375e7)
(9.91 2.0291122431249995e7)
(9.92 2.0251370509375002e7)
(9.930000000000001 2.0261676056249995e7)
(9.94 2.0218979040625e7)
(9.95 2.0229285728125e7)
(9.959999999999999 2.0189532665625e7)
(9.969999999999997 2.0199839353125e7)
(9.979999999999999 2.0170391837499995e7)
(9.99 2.0161559978125e7)
(9.999999999999998 2.013064105625e7)
(10.01 2.014683565e7)
(10.02 2.01188629625e7)
(10.03 2.0126224556250002e7)
(10.040000000000001 2.0086471493750002e7)
(10.049999999999999 2.007763849375e7)
(10.059999999999999 2.0045245884375e7)
(10.070000000000002 2.005408230625e7)
(10.08 2.0021690837499995e7)
(10.09 2.0023162243750002e7)
(10.1 1.9998132368750002e7)
(10.109999999999998 1.9990770775e7)
(10.12 1.995985299375e7)
(10.129999999999999 1.9981937775e7)
(10.139999999999999 1.9937769353125e7)
(10.15 1.9953963946875002e7)
(10.16 1.9918627384375e7)
(10.17 1.9917153696875002e7)
(10.180000000000001 1.9896542603125e7)
(10.19 1.988623705625e7)
(10.2 1.9865623681249995e7)
(10.209999999999999 1.98656259625e7)
(10.219999999999997 1.9843540040625002e7)
(10.229999999999999 1.9846485134375002e7)
(10.24 1.9803786978125e7)
(10.249999999999998 1.98155662125e7)
(10.26 1.9775814290624995e7)
(10.27 1.97979002125e7)
(10.28 1.9759617415625e7)
(10.290000000000001 1.9778758243750002e7)
(10.299999999999999 1.9750784415625e7)
(10.309999999999999 1.9739006321875e7)
(10.320000000000002 1.9711031353125e7)
(10.33 1.9713976446875002e7)
(10.34 1.9681584978125e7)
(10.35 1.9702198353125002e7)
(10.359999999999998 1.9660973884374995e7)
(10.37 1.9665390384375e7)
(10.379999999999999 1.9627111009374995e7)
(10.389999999999999 1.965361343125e7)
(10.4 1.9612386681249995e7)
(10.41 1.9630054962500002e7)
(10.42 1.9591774446875e7)
(10.430000000000001 1.9587357946875002e7)
(10.44 1.9557911571875e7)
(10.45 1.957852380625e7)
(10.459999999999999 1.9529938884375e7)
(10.469999999999997 1.9552021384375002e7)
(10.479999999999999 1.9509325509375e7)
(10.49 1.9538771884374995e7)
(10.499999999999998 1.9488714415625e7)
(10.51 1.95078529625e7)
(10.52 1.946662849375e7)
(10.53 1.94739900875e7)
(10.540000000000001 1.9443072306249995e7)
(10.549999999999999 1.9451905306250002e7)
(10.559999999999999 1.9419514978125e7)
(10.570000000000002 1.943129193125e7)
(10.58 1.9394485103125e7)
(10.59 1.9400375290625e7)
(10.6 1.9376817962499995e7)
(10.609999999999998 1.9366511275e7)
(10.62 1.9340011134375002e7)
(10.629999999999999 1.9357677134375002e7)
(10.639999999999999 1.9326759353125e7)
(10.65 1.9345899040625e7)
(10.66 1.9294367884375e7)
(10.67 1.9289951384375e7)
(10.680000000000001 1.9264922650000002e7)
(10.69 1.927670074375e7)
(10.7 1.9261976415624995e7))