(
(323.2352((20e6 0.175844)(80e6 0.184472559)(120e6 0.201824858)))
(343.4226((20e6 0.184655)(80e6 0.193278818)(120e6 0.212555)))
(363.0989((20e6 0.194934)(80e6 0.201599437)(120e6 0.224596)))
(383.286((20e6 0.201982)(80e6 0.217720827)(120e6 0.239574)))
(403.474((20e6 0.214023)(80e6 0.231235434)(120e6 0.246353778)))
(423.406((20e6 0.218135)(80e6 0.238173892)(120e6 0.253097484)))
(443.593((20e6 0.223128)(80e6 0.243544552)(120e6 0.264282211)))
(463.269((20e6 0.227827)(80e6 0.249398131)(120e6 0.267273914)))
(483.712((20e6 0.233113)(80e6 0.254770352)(120e6 0.274722721)))
(503.389((20e6 0.238987)(80e6 0.263121813)(120e6 0.278656925)))
(523.065((20e6 0.240455)(80e6 0.267181)(120e6 0.280418925)))
)
