0.	293048.4625	100000.	100000.
0.010000000000000009	572789.025	100000.	100000.
0.020000000000000018	852526.165625	100000.	100000.
0.030000000000000027	1.4046456968750001e6	100000.	100000.
0.03999999999999998	1.8492807125000001e6	100000.	100000.
0.04999999999999999	2.7768369625000004e6	100000.	100000.
0.06	3.4496825250000004e6	100000.	100000.
0.07	4.3831289625e6	136159.91937500006	100000.
0.08000000000000002	5.611035728125e6	337866.90375000006	100000.
0.09000000000000002	6.515035790625e6	1.02690706e6	100000.
0.10000000000000003	7.663437571874999e6	1.79103684125e6	122674.12750000005
0.10999999999999993	9.10924705625e6	3.2000406381250005e6	174204.143125
0.12000000000000005	1.090988330625e7	4.706213138125e6	237515.67437500003
0.12999999999999995	1.5291481321875e7	7.681752450624999e6	554060.7837500001
0.14000000000000007	2.33170477125e7	1.5030056778749999e7	4.0228257368750004e6
0.14999999999999997	3.162824257187499e7	2.31763526225e7	9.486573471250001e6
0.1600000000000001	3.821388966562499e7	3.404348165375e7	2.1892265330625e7
0.16999999999999998	4.212582165e7	3.83867968725e7	3.0069477814999998e7
0.18	4.6790100759375e7	4.3223340013125e7	3.7233744580625005e7
0.19	5.0086605103125006e7	4.6689161013125e7	4.108236503375e7
0.2	5.277357199374999e7	4.9807514559999995e7	4.51636102525e7
0.21000000000000002	5.558421571249999e7	5.269765984125001e7	4.855287022125e7
0.22000000000000003	5.723614754062501e7	5.4501241185e7	5.0226889111875e7
0.22999999999999998	5.8595090446875e7	5.6326906169375e7	5.26606190025e7
0.24000000000000005	5.9580065759375006e7	5.765787638812501e7	5.393269647125001e7
0.25	6.01262939625e7	5.8604574606875e7	5.526808090874999e7
0.2599999999999999	6.060332272812498e7	5.9256804513125e7	5.6419428924375e7
0.27	6.0930175665625e7	5.9808921763124995e7	5.6928848018125e7
0.28000000000000014	6.108329658749999e7	6.012694056e7	5.756930553374999e7
0.29000000000000004	6.1242306556249976e7	6.0453794638124995e7	5.792854765874998e7
0.29999999999999993	6.128941893124999e7	6.0624582700625e7	5.827748537749999e7
0.31000000000000005	6.139100983749999e7	6.081598299750001e7	5.8517471736875e7
0.3200000000000002	6.1373342696875e7	6.088812752875e7	5.871034458062498e7
0.32999999999999996	6.14351794e7	6.10059107475e7	5.885757417437499e7
0.33999999999999997	6.141162207187498e7	6.1010328388124995e7	5.89606376275e7
0.35	6.144548494687499e7	6.1106029106875e7	5.9037196377500005e7
0.36	6.141603971249999e7	6.1072167372499995e7	5.9078423127500005e7
0.37	6.14484289e7	6.1122223700624995e7	5.912259268999999e7
0.38	6.1410150665625e7	6.1072165091249995e7	5.913584218999999e7
0.39	6.1433706853125006e7	6.111339070062501e7	5.9143204924375005e7
0.4	6.1385120790625e7	6.1051555138124995e7	5.9129952002500005e7
0.41000000000000003	6.142192761874998e7	6.107363763812499e7	5.913584218999999e7
0.42000000000000004	6.136892277499999e7	6.1020635075625e7	5.9115228815000005e7
0.43000000000000005	6.140131424374999e7	6.1030940622499995e7	5.9110813455625005e7
0.44000000000000006	6.1351255634375e7	6.0951437919375e7	5.9078421986875005e7
0.45000000000000007	6.136745365e7	6.098235456e7	5.907106039312499e7
0.45999999999999996	6.131444880625e7	6.0894016575625e7	5.902100292437499e7
0.46999999999999986	6.1335062181250006e7	6.0919046450625e7	5.901364018999999e7
0.48	6.129972675937499e7	6.0839540325625e7	5.899450050249999e7
0.4900000000000001	6.13070872125e7	6.084248541937501e7	5.896505412749998e7
0.5	6.127616943125e7	6.075561998187501e7	5.892235711187499e7
0.5099999999999999	6.127911338437499e7	6.0749729794375e7	5.890468997124999e7
0.52	6.123199986875e7	6.066580716937502e7	5.88634655025e7
0.5300000000000001	6.124377910312498e7	6.067316990375e7	5.884285212749998e7
0.54	6.120696999375e7	6.0571580138125e7	5.878543306499999e7
0.5499999999999999	6.121874922812498e7	6.0575996638124995e7	5.87751263775e7
0.5600000000000002	6.117310825937499e7	6.0477350825624995e7	5.872212267437499e7
0.5700000000000002	6.119666444687499e7	6.047735196625e7	5.870739834624998e7
0.5800000000000001	6.114807952499999e7	6.0378708435e7	5.864850673687499e7
0.59	6.1162801571875e7	6.036545779437501e7	5.862200659625e7
0.6	6.112893755625e7	6.0274173575624995e7	5.8579308440000005e7
0.61	6.114218933749998e7	6.026681198187501e7	5.857047544e7
0.62	6.1087714228125e7	6.016669476312501e7	5.8513055236875e7
0.63	6.112010569687498e7	6.01446111225e7	5.8462995486875005e7
0.64	6.1068572259375e7	6.0023880528749995e7	5.842766120562498e7
0.65	6.1087714228125e7	6.0010629888124995e7	5.839674114312499e7
0.66	6.1037655618750006e7	5.990609502875e7	5.835404526812499e7
0.67	6.106121180624999e7	5.9882538841249995e7	5.829073487749999e7
0.68	6.1015569696875006e7	5.976475334125e7	5.826423359625e7
0.6900000000000001	6.103765333749999e7	5.9748559888124995e7	5.8218593768125e7
0.7000000000000001	6.0989068415625e7	5.9618994013124995e7	5.8180310971250005e7
0.71	6.1005263009375e7	5.959838406e7	5.813614369e7
0.7199999999999999	6.097581663437499e7	5.947617977875e7	5.80757772525e7
0.7300000000000001	6.097876400937499e7	5.9455567544375e7	5.8038970424375005e7
0.7400000000000001	6.093606471249998e7	5.9334839231875e7	5.7983025049375e7
0.75	6.0955205540625e7	5.929655871624999e7	5.794768734625e7
0.76	6.0911035978125e7	5.9164051169374995e7	5.788143414312499e7
0.7699999999999998	6.0930175665625e7	5.9105159559999995e7	5.7840209674375e7
0.78	6.0894841384375e7	5.9015347888125e7	5.777542673687498e7
0.79	6.090220183749999e7	5.8960871638124995e7	5.773567481499998e7
0.8	6.0869811509375006e7	5.8835726825624995e7	5.766942047124999e7
0.8100000000000003	6.088895119687499e7	5.879302981e7	5.7625252049375e7
0.8200000000000001	6.0847726728125e7	5.8661994809999995e7	5.7541329424375e7
0.8300000000000001	6.086981036875e7	5.86266582475e7	5.746624208062498e7
0.8400000000000001	6.0807973665625e7	5.849414956e7	5.7420598830625e7
0.8499999999999999	6.0830058446875e7	5.843378540375e7	5.735581817437499e7
0.8600000000000001	6.079472302499998e7	5.8317472450624995e7	5.727778573687499e7
0.8700000000000001	6.0806502259375006e7	5.8262996200624995e7	5.722625458062499e7
0.8800000000000001	6.0777055884375e7	5.814521184125e7	5.711435926812499e7
0.8900000000000003	6.078441747812498e7	5.8080431184999995e7	5.703779937749999e7
0.9000000000000001	6.075349855625e7	5.7961173138125e7	5.694504261187499e7
0.9099999999999999	6.076233155625e7	5.7918476122499995e7	5.6875845455625005e7
0.9199999999999999	6.071668944687499e7	5.778007952875e7	5.6766892955625e7
0.9299999999999999	6.073730396249999e7	5.773001977875e7	5.666235923687499e7
0.9399999999999997	6.0715218040625006e7	5.7591623184999995e7	5.6548991377500005e7
0.95	6.072994122812499e7	5.755039871625e7	5.646801498687499e7
0.96	6.069607835312499e7	5.7398748059999995e7	5.633108979937499e7
0.97	6.072405218125e7	5.7366358872499995e7	5.620594384625e7
0.9800000000000002	6.0687245353125e7	5.722354577874999e7	5.609404739312499e7
0.99	6.070785644687499e7	5.716317934125e7	5.598362576812501e7
1.	6.0684300259375006e7	5.7026255294375e7	5.583197625249999e7
1.01	6.0694606946875e7	5.698355827875001e7	5.569799501812499e7
1.0199999999999998	6.0668104525e7	5.6837801231875e7	5.554634778374999e7
1.03	6.0699023446875e7	5.677154574750001e7	5.543150737749998e7
1.04	6.066074293125e7	5.6637565653749995e7	5.53004723775e7
1.05	6.0685771665625e7	5.659781259124999e7	5.5167963690000005e7
1.0600000000000003	6.065632529062499e7	5.6459415997499995e7	5.5028094549375e7
1.07	6.06739947125e7	5.640199579437501e7	5.4889697955625e7
1.08	6.064749229062501e7	5.626359920062501e7	5.4730687986875e7
1.09	6.0663688025e7	5.620470531e7	5.4596709033750005e7
1.0999999999999999	6.063571419687498e7	5.6061891075625e7	5.4453893658750005e7
1.11	6.0651909931250006e7	5.6007414825625e7	5.4314024518125005e7
1.12	6.061657336874999e7	5.584987854437501e7	5.4140291361875e7
1.1300000000000001	6.0625407509375e7	5.5788040700625e7	5.40107266275e7
1.1400000000000003	6.0598906228125006e7	5.5642282513125e7	5.385466289312501e7
1.1500000000000001	6.0612158009375e7	5.5586334856874995e7	5.3732460893125e7
1.16	6.058712813437499e7	5.5437631575624995e7	5.3561672830625e7
1.17	6.060626668124999e7	5.5365489325624995e7	5.3420332283750005e7
1.18	6.0563570806250006e7	5.5219729997499995e7	5.3256904674375e7
1.1899999999999997	6.0570931259375e7	5.515053056000001e7	5.311409044e7
1.2	6.054443111874999e7	5.499446682562501e7	5.2938887018125e7
1.21	6.0550320165625006e7	5.4928212481874995e7	5.2815211330625005e7
1.22	6.0520873790625e7	5.4786870794375e7	5.2637061674375005e7
1.2300000000000002	6.053854093125e7	5.4694114028749995e7	5.2498662799375005e7
1.24	6.051056596250001e7	5.4543939341249995e7	5.2313153830625005e7
1.25	6.052381888437499e7	5.448504773187501e7	5.216297686187501e7
1.26	6.048701091562499e7	5.4326037763124995e7	5.198335465875001e7
1.2699999999999998	6.0501734103125e7	5.4258312013125e7	5.1824344690000005e7
1.28	6.0470814040625e7	5.409488440375001e7	5.1657974268125005e7
1.29	6.047964818124999e7	5.402715865375e7	5.1507799580625005e7
1.3	6.0448729259375006e7	5.38578419975e7	5.1323759736875e7
1.3100000000000003	6.047817791562499e7	5.3788644841249995e7	5.1157389315000005e7
1.32	6.043695230625e7	5.3628161184999995e7	5.0989545205625e7
1.33	6.045756568125001e7	5.3532462747499995e7	5.0851147471250005e7
1.34	6.0414866384375e7	5.338522859125e7	5.0658275768125005e7
1.3499999999999999	6.0434008353125e7	5.3327809528749995e7	5.050220975249999e7
1.36	6.0392781603125e7	5.31408268725e7	5.030639181500001e7
1.3700000000000003	6.041192243125e7	5.3051015200624995e7	5.0132662080625e7
1.3800000000000001	6.038100465e7	5.289495146625e7	4.9961871736875e7
1.3900000000000003	6.0395726696875e7	5.28213332475e7	4.9824946549375005e7
1.4000000000000001	6.034566808749999e7	5.265790791937501e7	4.9615879111875e7
1.4100000000000001	6.037364305625e7	5.2548957700625e7	4.94347855025e7
1.42	6.0329472353125e7	5.2385531231875e7	4.9256634705625e7
1.43	6.033830649375e7	5.2326638481874995e7	4.9100569830625005e7
1.4399999999999997	6.031033266562499e7	5.2139653544375e7	4.8919475080625e7
1.45	6.032799980624998e7	5.2061623388124995e7	4.877224434625e7
1.4600000000000002	6.028972157187499e7	5.189672323187501e7	4.854109212749999e7
1.47	6.0298554571875e7	5.1823108434999995e7	4.8413002221250005e7
1.4800000000000002	6.026027405624999e7	5.162434540375e7	4.8202461096250005e7
1.49	6.027941374374999e7	5.1553675700625e7	4.80434511275e7
1.5	6.027205214999999e7	5.136080171625e7	4.7835855096250005e7
1.51	6.027646979062499e7	5.127835277874999e7	4.7679790221250005e7
1.5199999999999998	6.0241134368750006e7	5.1119343950625e7	4.7488389924375e7
1.53	6.0238190415625e7	5.1026588325625e7	4.727932134625e7
1.5399999999999998	6.0211687993750006e7	5.085138376312501e7	4.712178278375e7
1.55	6.02396629625e7	5.0763042356874995e7	4.694068917437501e7
1.5600000000000003	6.019990989999999e7	5.058047734124999e7	4.6755180205625005e7
1.57	6.0199908759375e7	5.0486249169374995e7	4.657997336187499e7
1.58	6.0171936071875e7	5.0305155559999995e7	4.6388574205625005e7
1.59	6.0185186712500006e7	5.021387134124999e7	4.6201589268125005e7
1.5999999999999999	6.0166045884375e7	5.0032777731875e7	4.59984108775e7
1.61	6.016015797812499e7	4.991646591937501e7	4.58673758775e7
1.6200000000000003	6.013512924374999e7	4.9751565763124995e7	4.5643584111875005e7
1.6300000000000001	6.014248855625e7	4.968089606e7	4.5465435596250005e7
1.6400000000000003	6.01130444625e7	4.947035493499999e7	4.5271090205625e7
1.6500000000000001	6.0120404915625e7	4.9401157778749995e7	4.5115025330625005e7
1.6600000000000001	6.00732914e7	4.9209756341249995e7	4.489270497125e7
1.67	6.009684758749999e7	4.9119944669374995e7	4.4723389455625005e7
1.68	6.00674012125e7	4.8932962013124995e7	4.453787934625e7
1.6899999999999997	6.008506949375e7	4.8851986763125e7	4.435531090875e7
1.7	6.0026176743750006e7	4.86458609975e7	4.4178634940000005e7
1.7100000000000002	6.005562311874999e7	4.8547217466249995e7	4.3997541330625e7
1.72	6.0004091962500006e7	4.836170621625e7	4.3801722252500005e7
1.7300000000000002	6.002764929062498e7	4.8255698809999995e7	4.3620628643125005e7
1.74	5.999231386874999e7	4.8090799794374995e7	4.343953503375e7
1.75	6.000850846249999e7	4.8002460669375e7	4.3236356643125e7
1.7600000000000002	5.996434118125e7	4.7796337185e7	4.3065567440000005e7
1.77	5.9979064368750006e7	4.7674137466249995e7	4.2906558611875005e7
1.7800000000000007	5.995845099375e7	4.7534267185e7	4.2694543799375e7
1.7899999999999996	5.994961799375e7	4.7415010278749995e7	4.2525230565000005e7
1.8000000000000003	5.992458811874999e7	4.7239804575625e7	4.2319104799375e7
1.81	5.9929003478125e7	4.714263245062501e7	4.215715315875e7
1.8199999999999998	5.988925155625e7	4.6961537700625e7	4.1942195533750005e7
1.83	5.989808569687499e7	4.6865836981875e7	4.1822937486875e7
1.8399999999999999	5.9859806321875006e7	4.6653824450625e7	4.15873676275e7
1.85	5.9883362509375006e7	4.6561067685e7	4.14106893775e7
1.8599999999999999	5.984213918125e7	4.6369669669375e7	4.120603844e7
1.8700000000000006	5.986569536875e7	4.6290163544374995e7	4.106322534625e7
1.8799999999999994	5.980238725937499e7	4.6103180888125e7	4.08526865025e7
1.8900000000000001	5.981416535312499e7	4.599128557562501e7	4.0671590611875e7
1.9	5.979502338437499e7	4.580724459125e7	4.0489023315e7
1.9100000000000001	5.9786190384375006e7	4.571890774749999e7	4.0306456018125005e7
1.92	5.976116164999999e7	4.552897885687501e7	4.013566909625e7
1.9300000000000002	5.9753798915625006e7	4.5420026356875e7	3.9951630393125005e7
1.94	5.971551954062499e7	4.5238933888124995e7	3.9777897236875e7
1.9499999999999997	5.973465922812499e7	4.5152066169375e7	3.9612997080625005e7
1.9600000000000004	5.9680184118750006e7	4.4962139559999995e7	3.9415708877500005e7
1.9700000000000002	5.9712575587500006e7	4.4867911388125e7	3.9256700049375e7
1.98	5.965809933749999e7	4.46735659975e7	3.903438197125e7
1.9900000000000002	5.9665460931250006e7	4.4579337825625e7	3.8882732455625005e7
2.	5.9621292509375006e7	4.4382048481875e7	3.871488834625e7
2.0100000000000002	5.963012436875e7	4.428634890374999e7	3.8544101424375005e7
2.02	5.9587428493750006e7	4.4106725559999995e7	3.8342395580625005e7
2.0300000000000007	5.96036230875e7	4.4016916169375e7	3.8192219752500005e7
2.0399999999999996	5.955356447812499e7	4.383581913812499e7	3.7993455580625e7
2.0500000000000003	5.9569761353125006e7	4.3723926106875e7	3.78594766275e7
2.06	5.951675650937499e7	4.35516654975e7	3.7654825690000005e7
2.07	5.9522646696875e7	4.3457436185e7	3.7488452986875005e7
2.08	5.9471115540625e7	4.3264563341249995e7	3.7307360518125e7
2.09	5.949172777499998e7	4.3165920950625e7	3.7151295643125e7
2.1	5.9456392353125e7	4.299071410687499e7	3.6958422799375005e7
2.11	5.9441670306250006e7	4.2895014528749995e7	3.6828858065e7
2.1200000000000006	5.9407807431250006e7	4.2705086778749995e7	3.663156872125e7
2.1299999999999994	5.9397499603125006e7	4.2634415935e7	3.6484336846250005e7
2.14	5.937394341562499e7	4.2447433278749995e7	3.6264965002500005e7
2.15	5.9351858634375006e7	4.2362038106875e7	3.6138344221250005e7
2.16	5.931946716562499e7	4.2167693856875e7	3.5949887877500005e7
2.17	5.9329773853125e7	4.2088188872499995e7	3.5790880190000005e7
2.18	5.927971524375e7	4.190414902875e7	3.562156353375e7
2.19	5.927971524375e7	4.182170009125e7	3.5477276752500005e7
2.1999999999999997	5.921640485312499e7	4.163766024750001e7	3.527998740875e7
2.2100000000000004	5.9217878540625e7	4.152576721625001e7	3.5113618127500005e7
2.22	5.9181070571875e7	4.1384422106875e7	3.4953134471250005e7
2.23	5.917960030625e7	4.1301974309999995e7	3.4807375143125e7
2.24	5.9136901009375e7	4.1100268466249995e7	3.463364312749999e7
2.25	5.914131750937499e7	4.1032541575624995e7	3.4474634299375005e7
2.2600000000000002	5.908389730624999e7	4.0852919372499995e7	3.431267809625e7
2.27	5.9076535712500006e7	4.072335806e7	3.4169865002500005e7
2.2800000000000007	5.902942105624998e7	4.058790427875e7	3.3999076940000005e7
2.2899999999999996	5.9030894743750006e7	4.05201762475e7	3.3834177924375e7
2.3000000000000003	5.899261536875e7	4.0349388185e7	3.3694308783750005e7
2.31	5.89926130875e7	4.0238965419375e7	3.355002200250001e7
2.32	5.8930777525e7	4.009762259125e7	3.3363038205624994e7
2.33	5.8921944525e7	3.999897906e7	3.3221696518124994e7
2.34	5.8870412228125006e7	3.9844386731875e7	3.306268654937501e7
2.35	5.887041336875e7	3.9757519013124995e7	3.2933122955625e7
2.36	5.88188822125e7	3.9613232231875e7	3.274319634625e7
2.3700000000000006	5.8818881071875006e7	3.9526367935e7	3.264602422125e7
2.3799999999999994	5.8768823603125e7	3.9361467778749995e7	3.2454622783749998e7
2.39	5.8754100415625e7	3.929226834125001e7	3.2308864596250005e7
2.4	5.8693735118750006e7	3.912295396625e7	3.2154272268125005e7
2.41	5.8695208806250006e7	3.90611161225e7	3.202617894e7
2.42	5.86584008375e7	3.8881493919375e7	3.1861281065000005e7
2.43	5.863631491562499e7	3.8828491356875e7	3.1716995424375e7
2.44	5.8577424446875e7	3.865917584125e7	3.1560930549375e7
2.4499999999999997	5.8581839806250006e7	3.8569366450624995e7	3.1443145049375005e7
2.4600000000000004	5.852147564999999e7	3.8429495028749995e7	3.126793934625e7
2.47	5.850233368125e7	3.8358824185e7	3.116635072125e7
2.48	5.8450802525e7	3.8216009950625e7	3.1008814439999994e7
2.49	5.84390267125e7	3.815270184125001e7	3.0854219830624998e7
2.5	5.839191091562499e7	3.800105346625001e7	3.071287928375e7
2.5100000000000002	5.838160536874999e7	3.791713084125e7	3.0595092643125e7
2.52	5.831829611874998e7	3.778462329437501e7	3.0428723361875e7
2.5300000000000007	5.8307990571875006e7	3.7719841497499995e7	3.0288851939999998e7
2.5399999999999996	5.8243208775e7	3.75726096225e7	3.0166652221249998e7
2.5500000000000003	5.8243207634375006e7	3.75004673725e7	3.0050339268125e7
2.56	5.816664774374999e7	3.7354708044375e7	2.991046784625e7
2.57	5.81651763375e7	3.7278148153749995e7	2.9788268127499998e7
2.58	5.8112173775e7	3.7142695513125e7	2.9648397846249998e7
2.59	5.808861644687499e7	3.7088220403749995e7	2.9520306799375e7
2.6	5.802677974374999e7	3.6939515981874995e7	2.9396631111874998e7
2.61	5.802088955624999e7	3.68938738725e7	2.9271486299374998e7
2.6200000000000006	5.795021757187499e7	3.6745171731875e7	2.914633920562501e7
2.6299999999999994	5.793991316562499e7	3.6687750388124995e7	2.9004997518125005e7
2.64	5.7878075321875e7	3.6547882388124995e7	2.8882797799374998e7
2.65	5.7870713728125e7	3.6493406138125e7	2.8795930080625e7
2.66	5.77985703375e7	3.6359427184999995e7	2.8639866346249998e7
2.67	5.7779430650000006e7	3.630200584125e7	2.8502940018124998e7
2.68	5.772937204062499e7	3.6159190466249995e7	2.8416074580625e7
2.69	5.7705815853125e7	3.61223824975e7	2.8304179268125e7
2.6999999999999997	5.764397686875e7	3.5972208950624995e7	2.8156947393125005e7
2.7100000000000004	5.7633671321875e7	3.5944235122499995e7	2.8058303861875e7
2.72	5.7568889525e7	3.5794059294374995e7	2.7922848939999998e7
2.73	5.753355524375e7	3.5769029419375e7	2.7830093314999998e7
2.74	5.748202408749998e7	3.5612965685e7	2.770641990875e7
2.75	5.7462882118750006e7	3.557910052875e7	2.7626914924375e7
2.7600000000000002	5.7403992790625e7	3.5458372216249995e7	2.747821278375e7
2.77	5.738338055624999e7	3.5412730106875e7	2.7367786596249998e7
2.7800000000000007	5.7318596478125e7	3.5271388419375e7	2.7266199111875e7
2.7899999999999996	5.730092819687499e7	3.5228690263125e7	2.7166081893124998e7
2.8000000000000003	5.7225841993750006e7	3.5110904763125e7	2.7051241486875e7
2.81	5.721258907187501e7	3.506821002875e7	2.69511231275e7
2.8200000000000003	5.714339305625e7	3.4944535481875e7	2.681420022125e7
2.83	5.7140446821875e7	3.4910672606874995e7	2.6739111736875e7
2.84	5.7069775978125006e7	3.478552437250001e7	2.6627215283750005e7
2.85	5.704769119687499e7	3.4754606591249995e7	2.65491851275e7
2.86	5.697849518124999e7	3.4622099044375e7	2.6421091799375e7
2.8700000000000006	5.695640811874999e7	3.4591181263124995e7	2.6346004455624998e7
2.8799999999999994	5.691076715e7	3.448075621625e7	2.6241470736875e7
2.89	5.687543172812499e7	3.4438061481875e7	2.6148715111875e7
2.9	5.67988718375e7	3.43246936225e7	2.6039763752500005e7
2.91	5.677973214999999e7	3.429819006e7	2.5976455643125005e7
2.92	5.672231194687499e7	3.4165682513125e7	2.584247440875e7
2.93	5.671200411875e7	3.4150959325624995e7	2.5765915658750005e7
2.94	5.663838932187499e7	3.4024340825625e7	2.5673157752500005e7
2.9499999999999997	5.662661122812499e7	3.4000784638125e7	2.56010155025e7
2.9600000000000004	5.656035802499998e7	3.3878581497499995e7	2.5477340955624998e7
2.97	5.6535327009375e7	3.3868275950624995e7	2.5419919611875e7
2.98	5.647496399375e7	3.374607395062501e7	2.531980353375e7
2.9900000000000007	5.6429319603125e7	3.3707794575625e7	2.5234410643125e7
3.	5.6377790728125006e7	3.3601787169375e7	2.5144597830624998e7
3.0100000000000002	5.635128944687499e7	3.3563507794375e7	2.5060677486875005e7
3.02	5.6298286884375006e7	3.3475169810000002e7	2.4956141486874998e7
3.0300000000000007	5.626442286875e7	3.3433944200625e7	2.4895779611875005e7
3.0399999999999996	5.62040587125e7	3.3322047747500002e7	2.480891303375e7
3.0500000000000003	5.6165778196875e7	3.3310270794375006e7	2.4739712455625e7
3.06	5.610688544687499e7	3.3195428106875e7	2.463223478375e7
3.0700000000000003	5.60921634e7	3.318365115375e7	2.4570398080624998e7
3.0799999999999996	5.602296396249998e7	3.3062920560000002e7	2.4493835908750005e7
3.09	5.6012657275e7	3.3055560106875e7	2.443641684625e7
3.1	5.593462483749999e7	3.2940719700624995e7	2.4345133768124998e7
3.11	5.591990279062499e7	3.2931886700625e7	2.4259739736875e7
3.1200000000000006	5.585364730625e7	3.2817045153749995e7	2.4180235893125e7
3.1299999999999994	5.584481316562499e7	3.2797906606874995e7	2.4106619955625005e7
3.14	5.576678186875e7	3.2691900341250006e7	2.4043309565e7
3.15	5.575205868125e7	3.2677176013125e7	2.3968223361875e7
3.16	5.56946373375e7	3.2580005028750002e7	2.3881355643125e7
3.1700000000000004	5.567549765000001e7	3.2560864200625006e7	2.382835194e7
3.18	5.5584216853125e7	3.2456329341250006e7	2.3760626190000005e7
3.19	5.559746521249998e7	3.2443079841249995e7	2.3685537705624998e7
3.1999999999999997	5.551796136874998e7	3.2340016388125002e7	2.3597198580625005e7
3.2100000000000004	5.5497349134375e7	3.2316460200625002e7	2.3550086205625005e7
3.22	5.543551015e7	3.2225175981875006e7	2.3474997721249998e7
3.23	5.541489905625e7	3.2211926481875e7	2.3423466565e7
3.2400000000000007	5.53398117125e7	3.2114754356875002e7	2.3335128580624998e7
3.25	5.5333920384375e7	3.209561352875e7	2.3260041236875e7
3.2600000000000002	5.526472436875e7	3.2008746950625002e7	2.3215872815e7
3.27	5.525736163437499e7	3.1986662169375e7	2.3168757018125e7
3.2800000000000007	5.51837468375e7	3.1898324185e7	2.3084836674375e7
3.2899999999999996	5.518816333749999e7	3.1885073544375e7	2.3018582330625e7
3.3000000000000003	5.510424071249999e7	3.1798206966249995e7	2.2956744486875e7
3.31	5.508657471249998e7	3.1779067278750002e7	2.2906687018124998e7
3.3200000000000003	5.500706858749999e7	3.16818928725e7	2.2834542486874998e7
3.3299999999999996	5.500706858749999e7	3.168042146625e7	2.2785956424375005e7
3.34	5.493639888437499e7	3.1584723028750002e7	2.271381303375e7
3.35	5.4927563603125e7	3.15670547475e7	2.266522697125e7
3.36	5.4848057478125e7	3.1480188169375002e7	2.25945561275e7
3.3700000000000006	5.4842170712500006e7	3.1475769388125002e7	2.2557749299375e7
3.3799999999999994	5.478327568125e7	3.137565331e7	2.2491493815000005e7
3.39	5.4772970134375e7	3.1377125856875002e7	2.2428185705625e7
3.4	5.470230043125e7	3.1287314185e7	2.237223690875e7
3.41	5.469052347812499e7	3.1288786731874995e7	2.232512453375e7
3.4200000000000004	5.4628685634375e7	3.1191615747500002e7	2.2258869049375e7
3.43	5.462279658749999e7	3.118425415375e7	2.2216173174375e7
3.44	5.45432904625e7	3.1084135794375e7	2.2155807877499998e7
3.4499999999999997	5.453003982187499e7	3.107235656e7	2.2107220674375005e7
3.4600000000000004	5.4472620759375e7	3.1011993544375002e7	2.2054218111875e7
3.47	5.446525802499999e7	3.0998742903750002e7	2.2002688096249998e7
3.48	5.4387225587500006e7	3.090893009125e7	2.1945265611875e7
3.4900000000000007	5.4391642087500006e7	3.0905984997500002e7	2.19158203775e7
3.5	5.433275161875e7	3.0823536060000002e7	2.1839260486875e7
3.5100000000000002	5.43283328375e7	3.0816174466250002e7	2.1817175705625e7
3.52	5.423557949375e7	3.0730780434999995e7	2.1737670721249998e7
3.5300000000000007	5.423999599374999e7	3.0726363935e7	2.1696446252499998e7
3.5399999999999996	5.41840483375e7	3.065127659125e7	2.1640498596250005e7
3.5500000000000003	5.4164907509375e7	3.0645386403750002e7	2.1608108268125e7
3.56	5.41001257125e7	3.05511593725e7	2.1550688065e7
3.5700000000000003	5.4101598259375e7	3.0558519825625e7	2.151829659625e7
3.5799999999999996	5.404270550937499e7	3.0476070888125e7	2.147118422125e7
3.59	5.4032398821875e7	3.0474599481875e7	2.1412290330624998e7
3.6	5.396025657187499e7	3.039214940375e7	2.1372538408750005e7
3.61	5.3966145618750006e7	3.039656590375e7	2.134309203375e7
3.6200000000000006	5.3886640634375e7	3.0308227919375e7	2.1272420049375e7
3.6299999999999994	5.388811318125e7	3.0311173013125e7	2.125033640875e7
3.64	5.383069297812499e7	3.0224306435e7	2.1191443658750005e7
3.65	5.3821857696875e7	3.0225776700625002e7	2.115905219e7
3.66	5.376149354062499e7	3.0156579544375e7	2.1103105674374998e7
3.6700000000000004	5.3754131946875e7	3.0149217950625e7	2.1072187893125e7
3.68	5.370554474375e7	3.007265806e7	2.103096228375e7
3.69	5.36908238375e7	3.0081489919375e7	2.1008876361875e7
3.6999999999999997	5.3633403634375e7	2.9999040981874995e7	2.0944094565000005e7
3.7100000000000004	5.3637820134375e7	2.998726402875e7	2.0919065830624998e7
3.72	5.356126024374999e7	2.9918065731875e7	2.0866063268125e7
3.73	5.355095355625e7	2.99357328725e7	2.083367294e7
3.7400000000000007	5.350531144687499e7	2.9847393747499995e7	2.0793919877499998e7
3.75	5.350531144687499e7	2.9851811388125002e7	2.0760055861875e7
3.759999999999999	5.3447890103125e7	2.977230640375e7	2.0702635658749998e7
3.7700000000000005	5.343905824375e7	2.976936359125e7	2.0668773924375e7
3.7800000000000002	5.3377221540625e7	2.9704580653750002e7	2.0618715315e7
3.79	5.338163804062499e7	2.97075257475e7	2.060693722125e7
3.8	5.3322745290625e7	2.9638327450624995e7	2.054362797125e7
3.8100000000000014	5.331243860312499e7	2.9620659169375e7	2.0531848736874998e7
3.8200000000000003	5.32609085875e7	2.957648846625e7	2.0465595533750005e7
3.829999999999999	5.3260906306250006e7	2.9573544513124995e7	2.0446455846250005e7
3.84	5.318876405624999e7	2.9507291309999995e7	2.0415535783749998e7
3.8500000000000005	5.3197598196875006e7	2.9489624169375006e7	2.037725640875e7
3.8600000000000003	5.314017913437499e7	2.942925659125e7	2.0336030799375e7
3.87	5.3144595634375e7	2.9436620466250002e7	2.0318363658749998e7
3.88	5.309159193125e7	2.9388033263125e7	2.0281555689999998e7
3.8899999999999997	5.3097480978125e7	2.937331007562499e7	2.0234442174375005e7
3.8999999999999995	5.301944968125e7	2.929969527875e7	2.0184382424375e7
3.91	5.304006077499998e7	2.9314417325625006e7	2.0157881143125e7
3.920000000000001	5.2969392212500006e7	2.924521902875e7	2.0143156814999998e7
3.9299999999999997	5.297528011875e7	2.924521902875e7	2.01196006275e7
3.9400000000000004	5.292227755625e7	2.918338346625e7	2.006806947125e7
3.95	5.2929639150000006e7	2.9183381184999995e7	2.0038623096249998e7
3.96	5.2869273853125e7	2.911418402875e7	1.9991510721250005e7
3.9699999999999998	5.2861912259375006e7	2.913037976312499e7	1.99753161275e7
3.9800000000000004	5.282363174375e7	2.90626528725e7	1.9937035611875005e7
3.990000000000001	5.2811853650000006e7	2.9065595685000002e7	1.992672778375e7
4.	5.2755904853125e7	2.899934362249999e7	1.9864892221249998e7
4.009999999999999	5.2747071853125006e7	2.9005232669375e7	1.9850170174374998e7
4.0200000000000005	5.2713208978125e7	2.8931616731875e7	1.9797164190000005e7
4.03	5.2697014384375e7	2.8950756419375002e7	1.9788332330625e7
4.04	5.264401068125e7	2.8874196528750002e7	1.975741340875e7
4.05	5.2652844821875e7	2.888744831e7	1.974710672125e7
4.060000000000001	5.25939532125e7	2.882413906e7	1.969410415875e7
4.07	5.2602785071875e7	2.8835918294375002e7	1.9679379830624998e7
4.079999999999999	5.2530642821875e7	2.8779968356875e7	1.9652878549375e7
4.09	5.252622518124999e7	2.8775551856875002e7	1.9626377268125005e7
4.1000000000000005	5.249530625937499e7	2.8725494388124995e7	1.9566011971249998e7
4.11	5.249530625937499e7	2.8719605341250002e7	1.957190215875e7
4.12	5.2440830009375006e7	2.8666600497500002e7	1.9532149096249998e7
4.13	5.24393574625e7	2.8672490685e7	1.9507120361875005e7
4.14	5.239666158749999e7	2.861065284125e7	1.9477673986875e7
4.1499999999999995	5.2401079228125e7	2.8613597935e7	1.9461478252499998e7
4.16	5.234218647812499e7	2.855765027875e7	1.9430559330625e7
4.170000000000001	5.234807666562499e7	2.8560595372500002e7	1.940553059625e7
4.18	5.2303907103125006e7	2.8519369763125002e7	1.9359888486875e7
4.19	5.2302433415625006e7	2.8531147856875002e7	1.9351055486875e7
4.2	5.2242069259375e7	2.8456060513125002e7	1.9315718924375e7
4.21	5.224206811875e7	2.8473728794375002e7	1.929657809625e7
4.22	5.220378760312499e7	2.841483490375e7	1.926860540875e7
4.23	5.2199371103125006e7	2.841630859125e7	1.924504922125e7
4.240000000000001	5.2168453321875e7	2.8367721388125006e7	1.9203823611874998e7
4.25	5.2158147775000006e7	2.8364778575624995e7	1.9190571830625e7
4.259999999999999	5.2093365978125e7	2.8310302325625e7	1.916407169e7
4.2700000000000005	5.211250566562499e7	2.8330913419375006e7	1.915523640875e7
4.28	5.2068336103125006e7	2.8270550403750002e7	1.910517894e7
4.29	5.205655686875e7	2.82823284975e7	1.9109596580624998e7
4.3	5.202858418125e7	2.8226380841250002e7	1.907278747125e7
4.310000000000001	5.2025639087500006e7	2.8217546700624995e7	1.905512147125e7
4.32	5.1975580478125e7	2.8196933325624995e7	1.900947822125e7
4.329999999999999	5.196969143124999e7	2.8196934466249995e7	1.9006535408750005e7
4.34	5.1924049321875e7	2.8133625216250002e7	1.8971197705624994e7
4.3500000000000005	5.193435486874999e7	2.8138042856875002e7	1.8962364705624998e7
4.36	5.189460408749999e7	2.808209520062499e7	1.89226105025e7
4.37	5.1897548040625e7	2.8092399606875006e7	1.8906417049375e7
4.38	5.183423879062499e7	2.8032035450625002e7	1.8871081627500005e7
4.39	5.185190479062499e7	2.8052647685e7	1.8863718893125e7
4.3999999999999995	5.17974319625e7	2.7996698888125e7	1.8841634111875e7
4.41	5.180037477499999e7	2.8011422075625e7	1.8816606518124998e7
4.420000000000001	5.1753262400000006e7	2.796577996625e7	1.878127109625e7
4.43	5.175326125937499e7	2.7967253653750002e7	1.877979969e7
4.44	5.172087093125e7	2.791277740375e7	1.8759186315e7
4.45	5.1716455571875e7	2.7927501731875006e7	1.873268503375e7
4.46	5.165756282187499e7	2.7870080388125002e7	1.8709127705625005e7
4.47	5.16678660875e7	2.788333331e7	1.8706183752499998e7
4.48	5.16251702125e7	2.783032846624999e7	1.8672320877499998e7
4.490000000000001	5.164431104062499e7	2.78524132475e7	1.8647291002500005e7
4.5	5.1583946884375006e7	2.7797938138125002e7	1.8622259986875e7
4.509999999999999	5.158541829062499e7	2.7809716231875002e7	1.8619317174375e7
4.5200000000000005	5.154861032187501e7	2.7755239981875e7	1.8592813611875e7
4.53	5.1553026821875e7	2.7772908263125e7	1.8569257424375e7
4.54	5.150885839999999e7	2.7715489200625e7	1.85383385025e7
4.55	5.1511802353125e7	2.772726615375e7	1.8526560408749998e7
4.560000000000001	5.146174374375e7	2.7672791044375002e7	1.8510366955624998e7
4.57	5.148824616562499e7	2.7687513091250002e7	1.850153053375e7
4.579999999999999	5.143229736874999e7	2.7644816075625002e7	1.8466196252500005e7
4.59	5.143082482187499e7	2.7661011809999995e7	1.846030834625e7
4.6000000000000005	5.1405797228125006e7	2.7612426888124995e7	1.8430860830625e7
4.61	5.1385183853125e7	2.7621259888124995e7	1.84323333775e7
4.62	5.1366043025000006e7	2.7566784778750002e7	1.838080222125e7
4.63	5.1357208884375e7	2.756972987250001e7	1.8388163815e7
4.64	5.1324819696875006e7	2.7515254763125e7	1.835724603375e7
4.6499999999999995	5.131745810312499e7	2.755206159125e7	1.8345465658749998e7
4.66	5.1277706181250006e7	2.7494641388125e7	1.8314547877500005e7
4.670000000000001	5.128212268124999e7	2.74902237475e7	1.8299825830625005e7
4.68	5.1246787259375e7	2.7459307106875002e7	1.8279211315e7
4.69	5.125562254062499e7	2.74725577475e7	1.8276267361875e7
4.7	5.1223229931250006e7	2.7421026591250006e7	1.824387703375e7
4.71	5.120998043125e7	2.7438693731875002e7	1.8246820986875e7
4.72	5.117758782187499e7	2.7388636263125002e7	1.822032084625e7
4.73	5.117022736875e7	2.7397469263124995e7	1.8204125111875e7
4.740000000000001	5.113489080625e7	2.7356244794375e7	1.8187930518125e7
4.75	5.113047430624999e7	2.7373911935000006e7	1.8161426955625e7
4.759999999999999	5.1093667478125e7	2.731796427875e7	1.81364005025e7
4.7700000000000005	5.110691811875e7	2.732385446625e7	1.8134925674374998e7
4.78	5.106421996249999e7	2.7288517903750002e7	1.8108424393125e7
4.79	5.1068637603125e7	2.7301768544375002e7	1.8108423252500005e7
4.8	5.102888568125e7	2.7266431981875002e7	1.8076032924374998e7
4.810000000000001	5.103624613437499e7	2.7276739810000002e7	1.80657273775e7
4.82	5.100827230624999e7	2.7223738388125e7	1.803922609625e7
4.829999999999999	5.1000909571875e7	2.7228152606875e7	1.8040697502499998e7
4.84	5.0959687384375e7	2.7189874372499995e7	1.8008307174375e7
4.8500000000000005	5.0969991790625e7	2.7206066685e7	1.800388953375e7
4.86	5.092140686874999e7	2.71648444975e7	1.7975917986875005e7
4.87	5.093318496249999e7	2.7160425716250002e7	1.7978860799374998e7
4.88	5.0889016540625e7	2.7126563981875002e7	1.7944999065e7
4.89	5.089932094687499e7	2.7145703669375e7	1.7931746143125e7
4.8999999999999995	5.0871348259375e7	2.7100062700625006e7	1.791113619e7
4.91	5.0872819665625e7	2.711037052875e7	1.792438569e7
4.920000000000001	5.0824233603125e7	2.7077977919375002e7	1.7891995361875e7
4.93	5.083454029062499e7	2.707356256e7	1.7889050268125e7
4.94	5.080803786875e7	2.7036753450625e7	1.7847825799375005e7
4.95	5.080362136874998e7	2.7044115044375e7	1.7846353252499998e7
4.96	5.07697562125e7	2.6997000388125006e7	1.7815435471249998e7
4.97	5.07579804e7	2.7024974216250002e7	1.7831630065e7
4.98	5.073442193125e7	2.69837497475e7	1.779776719e7
4.990000000000001	5.071528224375e7	2.698522115375e7	1.779776719e7
5.	5.0694670009375e7	2.6943996685e7	1.77742110025e7
5.009999999999999	5.0691724915625e7	2.6949885731875002e7	1.77668471275e7
5.0200000000000005	5.06755314625e7	2.6917494263125e7	1.7740346986875005e7
5.03	5.0677001728125006e7	2.6943997825625002e7	1.774623603375e7
5.04	5.065197299374999e7	2.6914551450625e7	1.7710900611875e7
5.05	5.064019489999999e7	2.6905718450625e7	1.7693232330624998e7
5.060000000000001	5.0622527759375006e7	2.6867436794375002e7	1.768292678375e7
5.07	5.0618110118750006e7	2.6863021434999995e7	1.768292678375e7
5.079999999999999	5.0588664884375006e7	2.6830628825625002e7	1.765348040875e7
5.09	5.0581301009375e7	2.6842410341250002e7	1.7652009002499998e7
5.1000000000000005	5.0550383228125e7	2.680118359125e7	1.7625507721249998e7
5.11	5.055480086875e7	2.681001659125e7	1.76358121275e7
5.12	5.0523883087500006e7	2.678793409125e7	1.7604894346249998e7
5.13	5.052977213437499e7	2.6812961685e7	1.7603421799375e7
5.14	5.050032461874999e7	2.6762903075625002e7	1.7579864471249998e7
5.1499999999999995	5.049737952499998e7	2.6767319575625002e7	1.7563671018125e7
5.16	5.047676843124999e7	2.6731985294375002e7	1.7537167455624998e7
5.170000000000001	5.0516520353125e7	2.6749654716249995e7	1.7538641143124998e7
5.18	5.049149047812499e7	2.6733456700625e7	1.7528333315e7
5.19	5.049590811874999e7	2.6729040200625002e7	1.7538640002499998e7
5.2	5.047382333749999e7	2.6696649872500002e7	1.75091936275e7
5.21	5.048560143125e7	2.6699593825625002e7	1.7513610127499998e7
5.22	5.0451739696875e7	2.6673092544375002e7	1.7484164893125e7
5.23	5.047235079062499e7	2.668339809125e7	1.7488582533749998e7
5.240000000000001	5.044585064999999e7	2.6652479169375e7	1.7459135018125e7
5.25	5.044437696249999e7	2.6655424263125002e7	1.7475330752500005e7
5.259999999999999	5.0429654915625e7	2.6617144888125002e7	1.7429687502499998e7
5.2700000000000005	5.044584950937499e7	2.6630396669375002e7	1.7445883236875e7
5.28	5.041051522812499e7	2.6602421700625002e7	1.742527328375e7
5.29	5.040756899374999e7	2.66083107475e7	1.7432633736875e7
5.3	5.038254025937499e7	2.6590643606875e7	1.7384047674375e7
5.310000000000001	5.0395790900000006e7	2.6592115013124995e7	1.7388465314999998e7
5.32	5.0363400571875e7	2.6553834497500002e7	1.7360491486875e7
5.329999999999999	5.037370611874999e7	2.657739296625e7	1.7356072705625e7
5.34	5.0360455478125e7	2.6534695950625e7	1.7339878111875e7
5.3500000000000005	5.035456757187499e7	2.65405849975e7	1.7347239705625005e7
5.36	5.03177584625e7	2.65111386225e7	1.7323682377499998e7
5.37	5.0339842103125e7	2.6519971622500002e7	1.7332516518125e7
5.38	5.0304507821875e7	2.6489052700625002e7	1.7297179955625e7
5.39	5.031628705625e7	2.650230334125e7	1.7280985361875e7
5.3999999999999995	5.0285365853125e7	2.6453717278750002e7	1.7264790768124998e7
5.41	5.0285365853125e7	2.64861087475e7	1.72721535025e7
5.420000000000001	5.02647559e7	2.6444883138125002e7	1.72515401275e7
5.43	5.028095049375e7	2.6455189825625e7	1.72427071275e7
5.44	5.024266997812499e7	2.6421326950625e7	1.7235343252499998e7
5.45	5.025592289999999e7	2.6433106184999995e7	1.7219147518125e7
5.46	5.0213223603125e7	2.63977696225e7	1.7223566299375005e7
5.47	5.020439060312499e7	2.6399242169374995e7	1.7207370565e7
5.48	5.019408391562499e7	2.6365380435e7	1.720000897125e7
5.490000000000001	5.020144665e7	2.6396298216249995e7	1.716909119e7
5.5	5.01572770875e7	2.6359489106875e7	1.716025590875e7
5.509999999999999	5.012046911875e7	2.6371269481875e7	1.7145531580625e7
5.5200000000000005	5.0040964134375e7	2.6330042731875e7	1.71337546275e7
5.53	5.0020350759375e7	2.6349183559999995e7	1.712197653375e7
5.54	4.9967348196875e7	2.6310904185000002e7	1.70998917525e7
5.55	4.9955568962500006e7	2.6331516419375e7	1.7102836846250005e7
5.560000000000001	4.991581818125e7	2.6282929216250002e7	1.7071917924375005e7
5.57	4.99261225875e7	2.6315321825625002e7	1.7076334424374998e7
5.579999999999999	4.9895204806250006e7	2.6266735763125002e7	1.7055722190000005e7
5.59	4.988784321249999e7	2.6293234763125e7	1.706455519e7
5.6000000000000005	4.986575843125e7	2.6246122388125002e7	1.705572219e7
5.61	4.9868702384375006e7	2.6279985263125e7	1.7020386768125005e7
5.62	4.9840730837500006e7	2.6234344294375002e7	1.7023333002499998e7
5.63	4.9833368103125e7	2.6244648700625e7	1.7011552627499998e7
5.64	4.981864377499999e7	2.62034253725e7	1.7015970268124998e7
5.6499999999999995	4.980539427499999e7	2.623139806e7	1.6993885486875e7
5.66	4.9796560134375e7	2.6199006591250002e7	1.6995358033749998e7
5.670000000000001	4.9800977775e7	2.6219618825625002e7	1.698063484625e7
5.68	4.9798033821875e7	2.6178394356875e7	1.697474465875e7
5.69	4.9778894134375e7	2.6190173591250002e7	1.6949715924375e7
5.7	4.976416980625e7	2.6154838169375002e7	1.693352019e7
5.71	4.977005885312499e7	2.6175450403749995e7	1.6923214643125e7
5.72	4.9740611337500006e7	2.61401161225e7	1.6930576236875e7
5.73	4.975533680624999e7	2.6160728356875002e7	1.6908491455625e7
5.740000000000001	4.971558374374999e7	2.6103309294375e7	1.69099640025e7
5.75	4.973030693124999e7	2.613717102875e7	1.6895240815e7
5.759999999999999	4.971263865e7	2.610477956e7	1.6881989033749998e7
5.7700000000000005	4.972147165e7	2.6131281981875002e7	1.6868738393125e7
5.78	4.969055386875e7	2.6072388091250002e7	1.68893506275e7
5.79	4.969497036874999e7	2.6095947700625e7	1.6851070111875005e7
5.8	4.9675831821875e7	2.6057667185e7	1.6855488893125e7
5.810000000000001	4.968761105625e7	2.608269477875e7	1.685401634625e7
5.82	4.9671413040625e7	2.6057666044375002e7	1.6845182205625005e7
5.829999999999999	4.9666996540625e7	2.6059138591250002e7	1.6839293158749998e7
5.84	4.96537459e7	2.602085921625e7	1.681867978375e7
5.8500000000000005	4.964049411875e7	2.605030559125e7	1.6803957736874998e7
5.86	4.964344035312499e7	2.601496902875e7	1.6799538955625e7
5.87	4.964196780624999e7	2.6023804310000002e7	1.6793651049375005e7
5.88	4.9619881884375e7	2.5989940294375002e7	1.6778929002500005e7
5.890000000000001	4.9619881884375e7	2.600024584125e7	1.6780399268125e7
5.8999999999999995	4.9624299525e7	2.597521596625e7	1.6762730986875003e7
5.91	4.96051598375e7	2.5989939153750006e7	1.6750952893125e7
5.920000000000001	4.959485429062499e7	2.5959020231875e7	1.6752426580625e7
5.93	4.9583075056250006e7	2.59722708725e7	1.6725925299375e7
5.94	4.957424091562499e7	2.5944298185000002e7	1.6742118752500001e7
5.95	4.9572769509375e7	2.5963439013125002e7	1.6728870393125e7
5.96	4.9559517728125e7	2.5925157356875002e7	1.6728868111875001e7
5.97	4.9571298103125006e7	2.5945770731875002e7	1.6705313065000001e7
5.98	4.955068472812499e7	2.5898657216250002e7	1.6677339236875e7
5.990000000000001	4.9555101228125e7	2.5911906716250002e7	1.6683228283750001e7
6.	4.954479568125e7	2.5883932888125e7	1.6693533830624998e7
6.009999999999999	4.9540378040625e7	2.5911907856875002e7	1.6672920455625e7
6.0200000000000005	4.953596154062499e7	2.5872155934999995e7	1.6669978783750001e7
6.03	4.9533016446875e7	2.5869209700625002e7	1.666555772125e7
6.04	4.950504261875e7	2.5850071153750002e7	1.6668505096250001e7
6.05	4.95094614e7	2.5883932888125e7	1.6646420315e7
6.060000000000001	4.9490320571875e7	2.5879515247500006e7	1.6621390440000003e7
6.07	4.9510931665625e7	2.5867738294375e7	1.6625808080625e7
6.079999999999999	4.949031943124999e7	2.5823568731875e7	1.6630224580625005e7
6.09	4.9491791978125e7	2.5835346825625e7	1.6614029986875e7
6.1000000000000005	4.94785413375e7	2.5808845544375e7	1.6616973940000001e7
6.11	4.948590179062499e7	2.5836819372500002e7	1.6611084893125003e7
6.12	4.946528955625e7	2.5795594903750002e7	1.6608139799375e7
6.13	4.948884688437499e7	2.5822096185000002e7	1.6586056158750001e7
6.140000000000001	4.9459401650000006e7	2.578823331e7	1.6590472658750001e7
6.1499999999999995	4.9469706056250006e7	2.5814735731875e7	1.6589000111875e7
6.159999999999999	4.945204005624999e7	2.5783815669375e7	1.6574276924375003e7
6.170000000000001	4.946529069687499e7	2.5798538856875e7	1.6556609783750001e7
6.18	4.9444677321875e7	2.576025834125e7	1.6566915330625005e7
6.19	4.94608753375e7	2.5789706997500002e7	1.6572804377500003e7
6.2	4.94446784625e7	2.5763203435000002e7	1.6565442783750001e7
6.21	4.9452038915625e7	2.5785288216249995e7	1.6565442783750001e7
6.22	4.9435845462500006e7	2.5738173560000002e7	1.6544829408750001e7
6.230000000000001	4.943878827499999e7	2.5772037575625002e7	1.6550719596250001e7
6.240000000000001	4.9418176040625e7	2.5733758200625002e7	1.6553664690000001e7
6.25	4.9446149868750006e7	2.5745536294375e7	1.6547774502500001e7
6.259999999999999	4.943289922812499e7	2.572345265375e7	1.6528633674374998e7
6.2700000000000005	4.9443204775e7	2.5738174700625e7	1.6534525002500001e7
6.28	4.9431426681250006e7	2.5708728325625002e7	1.6547774502500001e7
6.29	4.943731800937499e7	2.5752897888125002e7	1.653157990875e7
6.3	4.94196485875e7	2.5720506419374995e7	1.6513912768125003e7
6.310000000000001	4.942553877499999e7	2.5758784653749995e7	1.6512440221250003e7
6.32	4.943142668124999e7	2.5721980106875002e7	1.6537468955625001e7
6.329999999999999	4.944320705625e7	2.5738175841250002e7	1.65227446275e7
6.340000000000001	4.941964744687499e7	2.5699895325625e7	1.6500660986875001e7
6.3500000000000005	4.943731686875e7	2.5727868013125002e7	1.6487409205625003e7
6.36	4.941817718125e7	2.5702838138124995e7	1.6510966533750001e7
6.37	4.9435844321875e7	2.5701367872500002e7	1.6506551174375001e7
6.38	4.9412285853125e7	2.5691060044375e7	1.6506551174375001e7
6.390000000000001	4.9431425540625e7	2.5705783231875e7	1.6491826846250003e7
6.3999999999999995	4.9403452853125006e7	2.5677810544375002e7	1.6491825705625001e7
6.409999999999999	4.9425537634375e7	2.5710200872500002e7	1.6490356580625001e7
6.420000000000001	4.940639680625e7	2.5673392903750002e7	1.6484465252500001e7
6.43	4.9418176040625e7	2.568811609125e7	1.6469743205625001e7
6.44	4.9396091259375006e7	2.5660142263125e7	1.6491827986874998e7
6.45	4.941081444687498e7	2.5688114950625002e7	1.6466798111875001e7
6.46	4.93960924e7	2.5651308122500002e7	1.647710365875e7
6.47	4.9422592540625e7	2.5664558763125e7	1.6477104799375003e7
6.480000000000001	4.938578685312499e7	2.5643945388125e7	1.6468271799375e7
6.490000000000001	4.9406397946875e7	2.5677810544375002e7	1.646238047125e7
6.5	4.937842411875e7	2.5633638700625e7	1.6471215752500001e7
6.509999999999999	4.939167475937499e7	2.5670446669375e7	1.64550188775e7
6.5200000000000005	4.9375480165625e7	2.56380586225e7	1.6446184736875001e7
6.53	4.9390203353125006e7	2.5651309263125e7	1.644913097125e7
6.54	4.937400761875e7	2.5618918935e7	1.6452073783750001e7
6.55	4.93916759e7	2.5633640981875002e7	1.64255725025e7
6.560000000000001	4.9356340478125e7	2.560714084125e7	1.6444713330625e7
6.57	4.9379895525e7	2.563805634125e7	1.6425573643125001e7
6.579999999999999	4.93519228375e7	2.5596833013125e7	1.6424101096249998e7
6.590000000000001	4.9371062525000006e7	2.5620389200625e7	1.6402017455624996e7
6.6000000000000005	4.932394786875e7	2.5568860325625e7	1.6413795549375e7
6.61	4.9350450290625e7	2.5607139700625002e7	1.6406433955625001e7
6.62	4.933867333749999e7	2.557033059125e7	1.6400544908750003e7
6.63	4.934750633749999e7	2.5593887919374995e7	1.6376985299375001e7
6.640000000000001	4.9287141040625e7	2.5555607403750006e7	1.6381405221250003e7
6.6499999999999995	4.933278314999999e7	2.5580636138125e7	1.6378458986875e7
6.659999999999999	4.929597518124999e7	2.5534997450625002e7	1.6374042486875001e7
6.670000000000001	4.932836436875e7	2.5568859185e7	1.636373694e7
6.68	4.928125199374999e7	2.5527633575625e7	1.6362264393125e7
6.69	4.931658855625e7	2.554088421625e7	1.6354901658749998e7
6.7	4.9266529946875e7	2.55158566225e7	1.6365209486875003e7
6.71	4.9309225821875e7	2.5545301856875002e7	1.6356373065000003e7
6.72	4.9276833212500006e7	2.5511438981875002e7	1.6343123565e7
6.730000000000001	4.928272339999999e7	2.5536468856875e7	1.6319566236875001e7
6.740000000000001	4.9240028665625e7	2.5490826747500002e7	1.632251019e7
6.75	4.9262111165625e7	2.5520274263125e7	1.6321039924375e7
6.759999999999999	4.9237081290625e7	2.54746298725e7	1.6318093690000001e7
6.7700000000000005	4.926063747812499e7	2.5504078528750002e7	1.6291592408750003e7
6.78	4.921794274374999e7	2.5465795731875002e7	1.6297482596250003e7
6.79	4.9247387978125006e7	2.547610470062501e7	1.6285704502500003e7
6.8	4.922088783749999e7	2.54525473725e7	1.6293066096250001e7
6.810000000000001	4.922383179062499e7	2.54952432475e7	1.6282759408750003e7
6.82	4.919880305625e7	2.544076927875e7	1.6268035080625005e7
6.829999999999999	4.921499764999998e7	2.5467269419375002e7	1.6273925268125001e7
6.840000000000001	4.918849636874999e7	2.5426043809999995e7	1.6257729533750001e7
6.8500000000000005	4.920763605625e7	2.5459907825625002e7	1.6263618580625e7
6.86	4.9175245728125e7	2.5430461450625e7	1.6248895393125e7
6.87	4.920321841562499e7	2.5456963872500002e7	1.6257730674375005e7
6.88	4.9161993946875e7	2.5411320622500002e7	1.6263618580625e7
6.890000000000001	4.919291172812499e7	2.543046259125e7	1.6237117299375001e7
6.8999999999999995	4.9142854259375e7	2.540395902875e7	1.6225339205625001e7
6.909999999999999	4.91752445875e7	2.5442240685e7	1.6215032518125e7
6.920000000000001	4.913991030625e7	2.53818742475e7	1.622828315875e7
6.93	4.9154632353125e7	2.5409850356875e7	1.6235643611875001e7
6.94	4.91163518375e7	2.5364207106875e7	1.6220922705625e7
6.95	4.914285311875e7	2.5393654622500002e7	1.61973653775e7
6.96	4.9108991384375006e7	2.5367153341250002e7	1.6191476330625001e7
6.97	4.9145797071875e7	2.5393652341249995e7	1.6176753143125001e7
6.980000000000001	4.9098684696875e7	2.5358319200625006e7	1.6200309330625e7
6.990000000000001	4.913254757187499e7	2.5365678513125e7	1.6188531236875001e7
7.	4.9091323103125e7	2.5336233278750002e7	1.6172335502500001e7
7.009999999999999	4.911929807187499e7	2.5371568700625e7	1.6166445315000001e7
7.0200000000000005	4.9085435196875006e7	2.5337708106875e7	1.6162029955625001e7
7.03	4.909279564999999e7	2.5350957606874995e7	1.6153196955625e7
7.04	4.9058932775e7	2.5315622185000002e7	1.6154667221250001e7
7.05	4.9092794509375e7	2.533770696625e7	1.6148778174375003e7
7.060000000000001	4.9045682134375e7	2.5317094731875e7	1.6134057268124998e7
7.07	4.907365596249998e7	2.5330343091250002e7	1.6135528674375e7
7.079999999999999	4.9045680993750006e7	2.5292063716249995e7	1.6135528674375e7
7.090000000000001	4.9079545009375e7	2.5309730856875e7	1.6122278033750003e7
7.1000000000000005	4.90294864e7	2.5289119763125e7	1.6123749440000001e7
7.11	4.905157118124999e7	2.5324455184999995e7	1.6117860393125003e7
7.12	4.90059302125e7	2.5281758169374995e7	1.6110498799375001e7
7.13	4.9048626087500006e7	2.5297955044375e7	1.6113443893124998e7
7.140000000000001	4.901476093125e7	2.525378434125e7	1.6103137205625e7
7.1499999999999995	4.902654244687499e7	2.5286174669375002e7	1.61134427525e7
7.159999999999999	4.8991205884375e7	2.5258201981875e7	1.6069273190000001e7
7.170000000000001	4.9020652259375006e7	2.5275870263124995e7	1.6092830518124998e7
7.18	4.898679052499999e7	2.5247895294375002e7	1.6083997518125e7
7.19	4.90191797125e7	2.5275870263124995e7	1.607663478375e7
7.2	4.898237402499999e7	2.5219920325625006e7	1.605307859625e7
7.21	4.898826193124999e7	2.5252312935e7	1.605307859625e7
7.22	4.895881555624999e7	2.5214032419375002e7	1.605602369e7
7.230000000000001	4.898678938437499e7	2.5252311794375e7	1.6057496236875e7
7.240000000000001	4.89470374625e7	2.5215503825625002e7	1.6051607190000001e7
7.25	4.8964704603125e7	2.5224337966250002e7	1.6048660955625e7
7.259999999999999	4.8944091228125e7	2.519930809125e7	1.6028048721249998e7
7.2700000000000005	4.895439905625e7	2.5228754466250002e7	1.6025104768125001e7
7.28	4.892642522812499e7	2.52081433725e7	1.6045717002499998e7
7.29	4.89205339e7	2.5211087325625006e7	1.6038354268125001e7
7.3	4.8855755525e7	2.5177224450625002e7	1.6025103627500001e7
7.310000000000001	4.887195011875e7	2.5222866559999995e7	1.5994186986875001e7
7.32	4.8841030056250006e7	2.5165446356875002e7	1.5992713299375e7
7.329999999999999	4.888372593124999e7	2.5193420185e7	1.6001548580625001e7
7.340000000000001	4.882189036875e7	2.5137472528750002e7	1.6011854127500001e7
7.3500000000000005	4.884250374374999e7	2.5178696997500002e7	1.5991240752500001e7
7.36	4.88204189625e7	2.5141889028750002e7	1.5998603486875001e7
7.37	4.8841028915625e7	2.5172806810000002e7	1.5986825393125001e7
7.38	4.880422436874999e7	2.5130109794375e7	1.5989769346250001e7
7.390000000000001	4.8842502603125e7	2.5141887888125002e7	1.5979461518125001e7
7.3999999999999995	4.879686049374999e7	2.51153877475e7	1.5982406611875003e7
7.409999999999999	4.8829251962500006e7	2.5149250622500002e7	1.5960322971250001e7
7.420000000000001	4.879391768125e7	2.5102135966249995e7	1.5944127236875001e7
7.43	4.879244399375e7	2.5125693294375006e7	1.5947072330625e7
7.44	4.878655494687499e7	2.5078578638125002e7	1.5945600924375e7
7.45	4.8790971446875e7	2.5100665700625e7	1.5933820549375001e7
7.46	4.876299761874999e7	2.5077107231875e7	1.591026322125e7
7.47	4.878213844687499e7	2.5096245778749995e7	1.5922042455624998e7
7.480000000000001	4.8760053665625e7	2.5057967544375e7	1.590143022125e7
7.490000000000001	4.8770360353125006e7	2.5088884185e7	1.5904375315000001e7
7.5	4.875416461875e7	2.5066801685e7	1.5905847861875e7
7.509999999999999	4.874827443125e7	2.5071218185e7	1.5892596080625001e7
7.5200000000000005	4.874385564999999e7	2.50314651225e7	1.5886707033750001e7
7.53	4.8749746978125e7	2.5059438950625002e7	1.5889650986875001e7
7.54	4.872177315e7	2.5035881622499995e7	1.5869041033750001e7
7.55	4.874238538437499e7	2.5038826716249995e7	1.5861678299375001e7
7.560000000000001	4.870410486874999e7	2.5021159575625002e7	1.585873434625e7
7.57	4.872618965e7	2.5018215622500002e7	1.5855789252500003e7
7.579999999999999	4.868938282187498e7	2.499907365375e7	1.582781428375e7
7.590000000000001	4.8712939009375e7	2.499907365375e7	1.5838119830625003e7
7.6000000000000005	4.868496518125e7	2.4982880200625002e7	1.5826342877500001e7
7.61	4.8705576275e7	2.5007908935e7	1.581309109625e7
7.62	4.866729918124998e7	2.4974046060000002e7	1.5823396643125e7
7.63	4.86776035875e7	2.497551746625e7	1.5801314143125001e7
7.640000000000001	4.865257485312499e7	2.4940182044375002e7	1.580278669e7
7.6499999999999995	4.867024199375e7	2.4978462560000002e7	1.5791006314999998e7
7.659999999999999	4.8634906571875e7	2.4940182044375e7	1.5783644721250003e7
7.670000000000001	4.865699135312499e7	2.4978461419375002e7	1.5774811721250001e7
7.680000000000001	4.862018224375e7	2.4919569810000002e7	1.5768921533750001e7
7.69	4.8636380259375006e7	2.4960794278750006e7	1.5760088533749998e7
7.7	4.861282064999999e7	2.4912207075625002e7	1.5768922674374998e7
7.71	4.862018452499999e7	2.4940183185000002e7	1.5745365346250001e7
7.72	4.857454355625e7	2.4891595981875e7	1.573947515875e7
7.730000000000001	4.8603989931250006e7	2.4928403950625e7	1.5742421393125e7
7.740000000000001	4.859220955625e7	2.4881290435e7	1.5730643299375e7
7.75	4.8601043696875006e7	2.49180961225e7	1.5733588393125001e7
7.76	4.857454355625e7	2.4873927700625e7	1.5727698205625001e7
7.769999999999998	4.8586320509375e7	2.4904845481875e7	1.5701196924375003e7
7.779999999999999	4.8555402728125e7	2.4859204513125006e7	1.5687946283750001e7
7.790000000000001	4.855982036875e7	2.4894539935000002e7	1.570561228375e7
7.799999999999999	4.8542153228125e7	2.4856260560000002e7	1.5682054955625e7
7.8100000000000005	4.8546569728125e7	2.4872456294375e7	1.5690889096250001e7
7.82	4.8521537571875e7	2.4837122013125e7	1.5685000049375e7
7.83	4.8542150946875e7	2.4868039794375002e7	1.5671750549374998e7
7.840000000000002	4.8515649665625e7	2.4822396544375e7	1.5658499908750003e7
7.85	4.852448380624999e7	2.4857734247500002e7	1.5658499908750003e7
7.859999999999999	4.848178679062499e7	2.482975927875e7	1.5646720674375001e7
7.870000000000003	4.8514175978125e7	2.48533177475e7	1.5634942580625003e7
7.880000000000001	4.8484731884375e7	2.4815036091250002e7	1.5636416268125001e7
7.890000000000001	4.850976061875e7	2.4813564685e7	1.5630524940000001e7
7.9	4.848473074374998e7	2.4791478763125e7	1.5645249268125e7
7.909999999999998	4.850534525937499e7	2.4817978903749995e7	1.5631998627500001e7
7.92	4.846264710312499e7	2.4801784310000002e7	1.5618746846249996e7
7.93	4.847884169687499e7	2.4822396544375e7	1.5592246705625003e7
7.9399999999999995	4.845086786875e7	2.4788534810000002e7	1.5618746846250003e7
7.950000000000001	4.846853614999999e7	2.4800312903750002e7	1.5611384111875001e7
7.960000000000001	4.843614468124999e7	2.4757615888125006e7	1.5604024799375003e7
7.970000000000001	4.845086786875e7	2.4791478763125e7	1.5593716971250001e7
7.980000000000002	4.8422894040625006e7	2.4748782888125e7	1.5578994924375e7
7.99	4.8444978821875e7	2.478411602875e7	1.5578994924375001e7
8.	4.843320072812499e7	2.4753198247500002e7	1.5580467471250001e7
8.01	4.8443506275e7	2.4785588575625002e7	1.5561326643125003e7
8.019999999999998	4.841700499374999e7	2.4738473919375e7	1.5570160783750001e7
8.03	4.8414058759375006e7	2.4757615888125e7	1.5556909002500003e7
8.040000000000001	4.83963939e7	2.4735531106875002e7	1.5552491361875003e7
8.049999999999999	4.8415532446875e7	2.4762032388124995e7	1.5553966190000001e7
8.06	4.8391976259375e7	2.4711974919374995e7	1.5536297908750003e7
8.07	4.840080811874999e7	2.4754670794375002e7	1.555396619e7
8.08	4.837283429062499e7	2.470755727875e7	1.5548076002500001e7
8.090000000000002	4.8381669571875e7	2.474583665375e7	1.5542186955625003e7
8.1	4.8365472696875006e7	2.469283409125e7	1.5540714408750001e7
8.11	4.8372836571875006e7	2.4731114606875002e7	1.55230461275e7
8.120000000000003	4.8356639696875006e7	2.4695778044375e7	1.5517157080625001e7
8.13	4.8371364025e7	2.4728169513125002e7	1.5528935174375003e7
8.14	4.8347806696875e7	2.4676639497500002e7	1.55142131275e7
8.15	4.8364001290625006e7	2.4711974919375002e7	1.5500960205625003e7
8.159999999999998	4.8336026321875e7	2.4664860263125002e7	1.5505380127500003e7
8.17	4.836547383749999e7	2.4700195685000002e7	1.5517159361875003e7
8.18	4.831835918124999e7	2.4673693263125e7	1.5493602033750005e7
8.19	4.8343390196875e7	2.4692831810000002e7	1.54891832525e7
8.200000000000001	4.830658336875e7	2.4641302934999995e7	1.5483294205625001e7
8.21	4.8330139556250006e7	2.4682528544375002e7	1.54803502525e7
8.22	4.830510968125e7	2.464866452875e7	1.54803502525e7
8.230000000000002	4.8325720775e7	2.4689890138125002e7	1.5475932611875003e7
8.24	4.8284498587500006e7	2.4664859122500006e7	1.5483293065e7
8.25	4.8310998728125e7	2.4678110903750002e7	1.5475932611875003e7
8.26	4.8285968853125e7	2.46354127475e7	1.5478877705625003e7
8.269999999999998	4.83183614625e7	2.467222071625e7	1.5461209424375001e7
8.28	4.82741919e7	2.4628052294375002e7	1.5449431330625001e7
8.290000000000001	4.8312472415625e7	2.4650137075625002e7	1.5447957643125e7
8.299999999999999	4.82683017125e7	2.4623636935000002e7	1.5459735736875001e7
8.31	4.8296275540625e7	2.4641301794375e7	1.5443541143125e7
8.32	4.824916088437499e7	2.4610384013125002e7	1.5443541143125e7
8.33	4.8290385353125006e7	2.4647191981875002e7	1.5431763049375e7
8.340000000000002	4.8249162025e7	2.4601549872500006e7	1.544795878375e7
8.35	4.828449744687499e7	2.4632469935e7	1.542734540875e7
8.36	4.824474552499999e7	2.45927168725e7	1.5428817955625001e7
8.370000000000003	4.827713471249999e7	2.4630997388125e7	1.542292890875e7
8.38	4.8240327884375e7	2.45927168725e7	1.5419984955625001e7
8.39	4.825652361874999e7	2.463394134125e7	1.5414094768125001e7
8.4	4.8240327884375006e7	2.459860706e7	1.5396427627500003e7
8.409999999999998	4.824916088437499e7	2.4614801653750002e7	1.53964276275e7
8.42	4.823738279062499e7	2.457946509125e7	1.5403790361874998e7
8.43	4.8241799290625006e7	2.4601552153750002e7	1.54126245025e7
8.44	4.8202048509375e7	2.4564741903750002e7	1.5406734315000003e7
8.450000000000001	4.822413329062499e7	2.4605967513125002e7	1.5389066033750001e7
8.46	4.820351991562499e7	2.4552964950625002e7	1.5393483674374998e7
8.47	4.823296515e7	2.4591244325625e7	1.5402316674375e7
8.480000000000002	4.8202048509375e7	2.4555908903750002e7	1.5394955080625001e7
8.49	4.8212352915625e7	2.4586827825625006e7	1.5361092205625001e7
8.5	4.8193214368750006e7	2.4544130810000002e7	1.5366982393125e7
8.51	4.821677055624999e7	2.4579466231875e7	1.5380231893125e7
8.519999999999998	4.820204736875e7	2.4548547310000002e7	1.538759234625e7
8.53	4.8212352915625e7	2.4567688138125e7	1.5383176986875001e7
8.540000000000001	4.81696559e7	2.45338241225e7	1.5372870299375001e7
8.549999999999999	4.8188796728125e7	2.4561797950625e7	1.5347841565e7
8.56	4.8175546087500006e7	2.4536769216250002e7	1.5358148252500001e7
8.57	4.8203519915625e7	2.4566215591250006e7	1.5355203158750001e7
8.58	4.8162295446875e7	2.4514684435e7	1.5365508705625e7
8.590000000000002	4.818438136875e7	2.4560324263125e7	1.5349314111875001e7
8.6	4.815493385312499e7	2.4514685575624995e7	1.5346369018125003e7
8.61	4.816376685312499e7	2.4532353856875002e7	1.5334592065000001e7
8.620000000000003	4.8153462446875e7	2.450732284125e7	1.5365510986875e7
8.63	4.81843790875e7	2.4539713169375e7	1.5349312971250001e7
8.64	4.815493271249999e7	2.4499961247499995e7	1.536109334625e7
8.65	4.816818449374999e7	2.452057234125e7	1.5330174424375001e7
8.659999999999998	4.8147572259375e7	2.4498489841250002e7	1.5327229330625001e7
8.67	4.815640639999999e7	2.4523518575625002e7	1.5322812830625001e7
8.68	4.8124014931250006e7	2.4491128247500002e7	1.5328700736875001e7
8.69	4.81460997125e7	2.4514683294375002e7	1.5316924924374998e7
8.700000000000001	4.811517964999999e7	2.4486709466249995e7	1.5312506143125001e7
8.71	4.814609857187499e7	2.4513213028750002e7	1.5311034736875e7
8.72	4.8112235696875e7	2.4473458825625e7	1.5322811690000001e7
8.730000000000002	4.814462602499999e7	2.4486711747500002e7	1.5324284236875003e7
8.74	4.811518079062499e7	2.4474932513125006e7	1.5312506143125e7
8.75	4.811665447812499e7	2.4505850294375e7	1.5294837861875e7
8.76	4.809309600937499e7	2.4454319138125006e7	1.5309561049375003e7
8.769999999999998	4.8122542384375e7	2.4489654560000002e7	1.5308088502500001e7
8.78	4.811076429062499e7	2.4454320278750002e7	1.5303672002500001e7
8.790000000000001	4.8109292884375e7	2.448229296625e7	1.5290420221250003e7
8.799999999999999	4.808867950937499e7	2.4469042325625002e7	1.5290421361875e7
8.81	4.8090152056250006e7	2.4479350153750002e7	1.528600372125e7
8.82	4.807101236874999e7	2.4449902638125e7	1.5287476268125001e7
8.83	4.810045760312498e7	2.4458737919375e7	1.5281587221250001e7
8.840000000000002	4.8073956321875e7	2.4442542185000002e7	1.5291893908750001e7
8.85	4.80989873375e7	2.4463154419375e7	1.52742256275e7
8.86	4.806806727499999e7	2.443370690375e7	1.5272754221250001e7
8.870000000000003	4.8088679509375e7	2.4452847731875e7	1.52742256275e7
8.88	4.8050400134375e7	2.4436650856875002e7	1.5277170721250001e7
8.89	4.808426186875e7	2.4457264231875002e7	1.5271280533750001e7
8.9	4.8043037400000006e7	2.4430762950625e7	1.5281587221250001e7
8.909999999999998	4.805776172812499e7	2.444401359125e7	1.5252140846250001e7
8.92	4.8032731853125e7	2.4416039763125002e7	1.5249196893125003e7
8.93	4.8062178228125e7	2.4433705763125002e7	1.5250668299375001e7
8.94	4.8031260446875e7	2.4411623263125006e7	1.5255087080625001e7
8.950000000000001	4.8075428868750006e7	2.4442541044375e7	1.52491957525e7
8.96	4.802978675937499e7	2.4401316575625e7	1.524330784625e7
8.97	4.8054816634375006e7	2.4420456263125002e7	1.5240362752500001e7
8.980000000000002	4.80342044e7	2.4411620981875e7	1.5244780393125001e7
8.99	4.8035674665625006e7	2.4424872763125002e7	1.5228583518125e7
9.	4.801800752499999e7	2.4402787981875e7	1.5227110971250003e7
9.01	4.8034205540625e7	2.4420456263125002e7	1.5228584658750001e7
9.019999999999998	4.801653611874999e7	2.4388065935e7	1.5231528611875001e7
9.03	4.8038622040625e7	2.4407205622500006e7	1.5222695611875e7
9.040000000000001	4.800770311874999e7	2.4392482435e7	1.5225639565000001e7
9.049999999999999	4.801211961875e7	2.4411623263125006e7	1.5233002299375e7
9.06	4.80077008375e7	2.4389538481875e7	1.5218279111875e7
9.07	4.80238977125e7	2.4401315435000002e7	1.522269447125e7
9.08	4.798414464999998e7	2.4376286700625002e7	1.5209443830624998e7
9.090000000000002	4.799150852499999e7	2.4389537341250002e7	1.5191775549375001e7
9.1	4.798708974374999e7	2.4364508606875002e7	1.5216806565000005e7
9.11	4.8010647071875006e7	2.4388065935e7	1.52020833775e7
9.120000000000003	4.7995925025e7	2.4368925106875e7	1.5191777830625003e7
9.13	4.800181293124999e7	2.4367453700625e7	1.5190304143125001e7
9.14	4.797531279062499e7	2.4357145872500002e7	1.5196193190000003e7
9.15	4.800181407187499e7	2.4383648294375002e7	1.519766459625e7
9.159999999999998	4.79517554625e7	2.4352729372500002e7	1.51814700025e7
9.17	4.798267324374999e7	2.436745256e7	1.518736019e7
9.18	4.7956173103125e7	2.43394798725e7	1.5184415096250001e7
9.19	4.79900348375e7	2.4354201919375e7	1.5178524908750001e7
9.200000000000001	4.795322686874999e7	2.4355674466250002e7	1.5187360189999996e7
9.21	4.7976784196875e7	2.4364507466249995e7	1.5177054643125001e7
9.22	4.7956170821875e7	2.4340951278750002e7	1.5163801721250005e7
9.230000000000002	4.7979727009375e7	2.4342423825625002e7	1.5153496174374998e7
9.24	4.7942921321875e7	2.432622809125e7	1.5174108408750001e7
9.25	4.796795005625e7	2.4345367778750002e7	1.5171164455625003e7
9.26	4.7925254181250006e7	2.4321812731874995e7	1.5157913815000003e7
9.269999999999998	4.79252519e7	2.4327701778750002e7	1.5156441268125e7
9.28	4.7897279212500006e7	2.4315922544375e7	1.5141716940000001e7
9.290000000000001	4.791347380625e7	2.4310033497500002e7	1.512846515875e7
9.299999999999999	4.7878138384375006e7	2.4298254263125002e7	1.5124049799375001e7
9.31	4.7891389025000006e7	2.42938366225e7	1.5113744252500003e7
9.32	4.787372188437498e7	2.42673376225e7	1.5118161893125e7
9.33	4.7869305384375006e7	2.4280587122500002e7	1.5104910111875e7
9.340000000000002	4.7866360290625e7	2.4268810169375e7	1.5099021065000001e7
9.35	4.788550111874999e7	2.426880902875e7	1.5100493611875003e7
9.36	4.7861943790625e7	2.4268807888125002e7	1.5104910111875e7
9.370000000000003	4.787077793125e7	2.42555572475e7	1.5101965018125001e7
9.38	4.785752615e7	2.4264391388125e7	1.5099021065000001e7
9.39	4.786930652499999e7	2.4251140747499995e7	1.5090185783749998e7
9.4	4.7836916196875e7	2.4257029794375e7	1.5084296736875e7
9.409999999999998	4.785163824375e7	2.4261447435000002e7	1.5085770424375001e7
9.42	4.780894008749998e7	2.4252613294375e7	1.506810328375e7
9.43	4.8032731853125e7	2.424377915375e7	1.5073993471250001e7
9.44	4.851270457187499e7	2.4265863935e7	1.5059269143125001e7
9.450000000000001	4.9095741884375e7	2.4329174325625e7	1.510196615875e7
9.46	4.9379896665625e7	2.4361565794375002e7	1.515496872125e7
9.47	4.939756380625e7	2.432622809125e7	1.5134357627499998e7
9.480000000000002	4.9213525103125e7	2.4226112013124995e7	1.5063685643125e7
9.49	4.894998255624999e7	2.4021459935e7	1.4895843815000003e7
9.5	4.866582549374999e7	2.3750556935e7	1.4605795424375003e7
9.51	4.839933785312499e7	2.3556209263125002e7	1.4318696690000003e7
9.519999999999998	4.810193014999998e7	2.3274997294374995e7	1.4049263955625001e7
9.53	4.7860471243750006e7	2.3011455888124995e7	1.3775413580625003e7
9.540000000000001	4.771912955624999e7	2.2797970810000002e7	1.3541315127500001e7
9.549999999999999	4.7639624571875e7	2.2615403513125002e7	1.329396603375e7
9.56	4.759545500937499e7	2.2421056981875002e7	1.3065760049375e7
9.57	4.7617539790625e7	2.2301801216250002e7	1.2950917361875001e7
9.58	4.758514946249999e7	2.2245852419375e7	1.2869942111875e7
9.590000000000002	4.759840124375e7	2.2214934638125006e7	1.2796325033749998e7
9.6	4.757337136875e7	2.2188433356875002e7	1.2800744955625e7
9.61	4.760134519687499e7	2.2186959669375e7	1.2774241393125001e7
9.620000000000003	4.7579259275e7	2.2175181575625002e7	1.2766879799375001e7
9.63	4.759545500937499e7	2.2167821122500002e7	1.2771298580625e7
9.64	4.757926041562499e7	2.2167819981875002e7	1.2758046799375e7
9.65	4.759545386875e7	2.2156041888125002e7	1.2749212658749998e7
9.659999999999998	4.758073296249999e7	2.2170765075625e7	1.275951934625e7
9.67	4.759250991562498e7	2.2163402341250006e7	1.2744796158750001e7
9.68	4.756306354062499e7	2.2178126669375e7	1.2756575393125e7
9.69	4.758073296249999e7	2.2150153981875e7	1.2724183924374996e7
9.700000000000001	4.7557176775e7	2.2166347435e7	1.270210028375e7
9.71	4.7563065821875e7	2.2161932075625e7	1.2682959455625e7
9.72	4.7514478618750006e7	2.2148681435e7	1.268148690875e7
9.730000000000002	4.752184135312499e7	2.212070646625e7	1.2646151486874998e7
9.74	4.7446752868750006e7	2.2100095372499995e7	1.2601980783749998e7
9.75	4.7434973634375e7	2.20456191225e7	1.2544562861875e7
9.76	4.7396691978125006e7	2.1973475731875002e7	1.24149981275e7
9.769999999999998	4.7398164525000006e7	2.1904277435e7	1.2285435674375e7
9.78	4.7333385009375e7	2.1876303606875e7	1.2163233674374998e7
9.790000000000001	4.729804844687499e7	2.1773241294375006e7	1.196594319e7
9.799999999999999	4.7280382446875e7	2.1636316106875e7	1.1764236205625e7
9.81	4.7333382728125e7	2.1465528044375002e7	1.1559585268124998e7
9.82	4.7432030821875e7	2.1263821060000002e7	1.1300459221250001e7
9.83	4.7632262978125e7	2.1016474247500002e7	1.091618494e7
9.840000000000002	4.771765700937499e7	2.0729370950625e7	1.0609944236875e7
9.85	4.777065843125e7	2.0449634950625002e7	1.00239652525e7
9.86	4.76028154625e7	2.0146337060000002e7	9.505712018125e6
9.870000000000003	4.722443365e7	1.9689921669375e7	8.42356344e6
9.88	4.6143756478125006e7	1.896996259125e7	7.682990986874999e6
9.89	4.36467173375e7	1.7602185544375002e7	6.527227611875e6
9.9	3.3836709290625e7	1.4775346091249997e7	5.3479046274999995e6
9.909999999999998	1.5627168399999999e7	1.1508289263124999e7	3.9639329868750004e6
9.92	1.8625313531250001e6	6.661441716249999e6	2.1515175025e6
9.93	357831.4	1.4303210287499996e6	767545.861875
9.94	100000.	248055.23187500006	202177.97125000006
9.950000000000001	100000.	100000.	100000.
9.96	100000.	100000.	100000.
9.97	100000.	100000.	100000.
9.980000000000002	100000.	100000.	100000.
9.99	100000.	100000.	100000.
10.	100000.	100000.	100000.
10.01	100000.	100000.	100000.
10.019999999999998	100000.	100000.	100000.
10.03	100000.	100000.	100000.
10.040000000000001	100000.	100000.	100000.
10.049999999999999	100000.	100000.	100000.
10.06	100000.	100000.	100000.
10.07	100000.	100000.	100000.
10.08	100000.	100000.	100000.
10.090000000000002	100000.	100000.	100000.
10.1	100000.	100000.	100000.
10.11	100000.	100000.	100000.
10.120000000000003	100000.	100000.	100000.
10.13	100000.	100000.	100000.
10.14	100000.	100000.	100000.
10.15	100000.	100000.	100000.
10.159999999999998	100000.	100000.	100000.
10.17	100000.	100000.	100000.
10.18	100000.	100000.	100000.
10.19	100000.	100000.	100000.
10.200000000000001	100000.	100000.	100000.
10.21	100000.	100000.	100000.
10.22	100000.	100000.	100000.
10.230000000000002	100000.	100000.	100000.
10.24	100000.	100000.	100000.
10.25	100000.	100000.	100000.
10.26	100000.	100000.	100000.
10.269999999999998	100000.	100000.	100000.
10.28	100000.	100000.	100000.
10.290000000000001	100000.	100000.	100000.
10.299999999999999	100000.	100000.	100000.
10.31	100000.	100000.	100000.
10.32	100000.	100000.	100000.
10.33	100000.	100000.	100000.
10.340000000000002	100000.	100000.	100000.
10.35	100000.	100000.	100000.
10.36	100000.	100000.	100000.
10.370000000000003	100000.	100000.	100000.
10.38	100000.	100000.	100000.
10.39	100000.	100000.	100000.
10.4	100000.	100000.	100000.
10.409999999999998	100000.	100000.	100000.
10.42	100000.	100000.	100000.
10.43	100000.	100000.	100000.
10.44	100000.	100000.	100000.
10.450000000000001	100000.	100000.	100000.
10.46	100000.	100000.	100000.
10.47	100000.	100000.	100000.
10.480000000000002	100000.	100000.	100000.
10.49	100000.	100000.	100000.
10.5	100000.	100000.	100000.
10.51	100000.	100000.	100000.
10.519999999999998	100000.	100000.	100000.
10.53	100000.	100000.	100000.
10.540000000000001	100000.	100000.	100000.
10.549999999999999	100000.	100000.	100000.
10.56	100000.	100000.	100000.
10.57	100000.	100000.	100000.
10.58	100000.	100000.	100000.
10.590000000000002	100000.	100000.	100000.
10.6	100000.	100000.	100000.
10.61	100000.	100000.	100000.
10.620000000000003	100000.	100000.	100000.
10.63	100000.	100000.	100000.
10.64	100000.	100000.	100000.
10.65	100000.	100000.	100000.
10.659999999999998	100000.	100000.	100000.
10.67	100000.	100000.	100000.
10.68	100000.	100000.	100000.
10.69	100000.	100000.	100000.
10.700000000000001	100000.	100000.	100000.
10.71	100000.	100000.	100000.
10.72	100000.	100000.	100000.
10.730000000000002	100000.	100000.	100000.
10.74	100000.	100000.	100000.
10.75	100000.	100000.	100000.