((0. 293048.4625)
(0.010000000000000009 572789.025)
(0.020000000000000018 852526.165625)
(0.030000000000000027 1.4046456968750001e6)
(0.03999999999999998 1.8492807125000001e6)
(0.04999999999999999 2.7768369625000004e6)
(0.06 3.4496825250000004e6)
(0.07 4.3831289625e6)
(0.08000000000000002 5.611035728125e6)
(0.09000000000000002 6.515035790625e6)
(0.10000000000000003 7.663437571874999e6)
(0.10999999999999993 9.10924705625e6)
(0.12000000000000005 1.090988330625e7)
(0.12999999999999995 1.5291481321875e7)
(0.14000000000000007 2.33170477125e7)
(0.14999999999999997 3.162824257187499e7)
(0.1600000000000001 3.821388966562499e7)
(0.16999999999999998 4.212582165e7)
(0.18 4.6790100759375e7)
(0.19 5.0086605103125006e7)
(0.2 5.277357199374999e7)
(0.21000000000000002 5.558421571249999e7)
(0.22000000000000003 5.723614754062501e7)
(0.22999999999999998 5.8595090446875e7)
(0.24000000000000005 5.9580065759375006e7)
(0.25 6.01262939625e7)
(0.2599999999999999 6.060332272812498e7)
(0.27 6.0930175665625e7)
(0.28000000000000014 6.108329658749999e7)
(0.29000000000000004 6.1242306556249976e7)
(0.29999999999999993 6.128941893124999e7)
(0.31000000000000005 6.139100983749999e7)
(0.3200000000000002 6.1373342696875e7)
(0.32999999999999996 6.14351794e7)
(0.33999999999999997 6.141162207187498e7)
(0.35 6.144548494687499e7)
(0.36 6.141603971249999e7)
(0.37 6.14484289e7)
(0.38 6.1410150665625e7)
(0.39 6.1433706853125006e7)
(0.4 6.1385120790625e7)
(0.41000000000000003 6.142192761874998e7)
(0.42000000000000004 6.136892277499999e7)
(0.43000000000000005 6.140131424374999e7)
(0.44000000000000006 6.1351255634375e7)
(0.45000000000000007 6.136745365e7)
(0.45999999999999996 6.131444880625e7)
(0.46999999999999986 6.1335062181250006e7)
(0.48 6.129972675937499e7)
(0.4900000000000001 6.13070872125e7)
(0.5 6.127616943125e7)
(0.5099999999999999 6.127911338437499e7)
(0.52 6.123199986875e7)
(0.5300000000000001 6.124377910312498e7)
(0.54 6.120696999375e7)
(0.5499999999999999 6.121874922812498e7)
(0.5600000000000002 6.117310825937499e7)
(0.5700000000000002 6.119666444687499e7)
(0.5800000000000001 6.114807952499999e7)
(0.59 6.1162801571875e7)
(0.6 6.112893755625e7)
(0.61 6.114218933749998e7)
(0.62 6.1087714228125e7)
(0.63 6.112010569687498e7)
(0.64 6.1068572259375e7)
(0.65 6.1087714228125e7)
(0.66 6.1037655618750006e7)
(0.67 6.106121180624999e7)
(0.68 6.1015569696875006e7)
(0.6900000000000001 6.103765333749999e7)
(0.7000000000000001 6.0989068415625e7)
(0.71 6.1005263009375e7)
(0.7199999999999999 6.097581663437499e7)
(0.7300000000000001 6.097876400937499e7)
(0.7400000000000001 6.093606471249998e7)
(0.75 6.0955205540625e7)
(0.76 6.0911035978125e7)
(0.7699999999999998 6.0930175665625e7)
(0.78 6.0894841384375e7)
(0.79 6.090220183749999e7)
(0.8 6.0869811509375006e7)
(0.8100000000000003 6.088895119687499e7)
(0.8200000000000001 6.0847726728125e7)
(0.8300000000000001 6.086981036875e7)
(0.8400000000000001 6.0807973665625e7)
(0.8499999999999999 6.0830058446875e7)
(0.8600000000000001 6.079472302499998e7)
(0.8700000000000001 6.0806502259375006e7)
(0.8800000000000001 6.0777055884375e7)
(0.8900000000000003 6.078441747812498e7)
(0.9000000000000001 6.075349855625e7)
(0.9099999999999999 6.076233155625e7)
(0.9199999999999999 6.071668944687499e7)
(0.9299999999999999 6.073730396249999e7)
(0.9399999999999997 6.0715218040625006e7)
(0.95 6.072994122812499e7)
(0.96 6.069607835312499e7)
(0.97 6.072405218125e7)
(0.9800000000000002 6.0687245353125e7)
(0.99 6.070785644687499e7)
(1. 6.0684300259375006e7)
(1.01 6.0694606946875e7)
(1.0199999999999998 6.0668104525e7)
(1.03 6.0699023446875e7)
(1.04 6.066074293125e7)
(1.05 6.0685771665625e7)
(1.0600000000000003 6.065632529062499e7)
(1.07 6.06739947125e7)
(1.08 6.064749229062501e7)
(1.09 6.0663688025e7)
(1.0999999999999999 6.063571419687498e7)
(1.11 6.0651909931250006e7)
(1.12 6.061657336874999e7)
(1.1300000000000001 6.0625407509375e7)
(1.1400000000000003 6.0598906228125006e7)
(1.1500000000000001 6.0612158009375e7)
(1.16 6.058712813437499e7)
(1.17 6.060626668124999e7)
(1.18 6.0563570806250006e7)
(1.1899999999999997 6.0570931259375e7)
(1.2 6.054443111874999e7)
(1.21 6.0550320165625006e7)
(1.22 6.0520873790625e7)
(1.2300000000000002 6.053854093125e7)
(1.24 6.051056596250001e7)
(1.25 6.052381888437499e7)
(1.26 6.048701091562499e7)
(1.2699999999999998 6.0501734103125e7)
(1.28 6.0470814040625e7)
(1.29 6.047964818124999e7)
(1.3 6.0448729259375006e7)
(1.3100000000000003 6.047817791562499e7)
(1.32 6.043695230625e7)
(1.33 6.045756568125001e7)
(1.34 6.0414866384375e7)
(1.3499999999999999 6.0434008353125e7)
(1.36 6.0392781603125e7)
(1.3700000000000003 6.041192243125e7)
(1.3800000000000001 6.038100465e7)
(1.3900000000000003 6.0395726696875e7)
(1.4000000000000001 6.034566808749999e7)
(1.4100000000000001 6.037364305625e7)
(1.42 6.0329472353125e7)
(1.43 6.033830649375e7)
(1.4399999999999997 6.031033266562499e7)
(1.45 6.032799980624998e7)
(1.4600000000000002 6.028972157187499e7)
(1.47 6.0298554571875e7)
(1.4800000000000002 6.026027405624999e7)
(1.49 6.027941374374999e7)
(1.5 6.027205214999999e7)
(1.51 6.027646979062499e7)
(1.5199999999999998 6.0241134368750006e7)
(1.53 6.0238190415625e7)
(1.5399999999999998 6.0211687993750006e7)
(1.55 6.02396629625e7)
(1.5600000000000003 6.019990989999999e7)
(1.57 6.0199908759375e7)
(1.58 6.0171936071875e7)
(1.59 6.0185186712500006e7)
(1.5999999999999999 6.0166045884375e7)
(1.61 6.016015797812499e7)
(1.6200000000000003 6.013512924374999e7)
(1.6300000000000001 6.014248855625e7)
(1.6400000000000003 6.01130444625e7)
(1.6500000000000001 6.0120404915625e7)
(1.6600000000000001 6.00732914e7)
(1.67 6.009684758749999e7)
(1.68 6.00674012125e7)
(1.6899999999999997 6.008506949375e7)
(1.7 6.0026176743750006e7)
(1.7100000000000002 6.005562311874999e7)
(1.72 6.0004091962500006e7)
(1.7300000000000002 6.002764929062498e7)
(1.74 5.999231386874999e7)
(1.75 6.000850846249999e7)
(1.7600000000000002 5.996434118125e7)
(1.77 5.9979064368750006e7)
(1.7800000000000007 5.995845099375e7)
(1.7899999999999996 5.994961799375e7)
(1.8000000000000003 5.992458811874999e7)
(1.81 5.9929003478125e7)
(1.8199999999999998 5.988925155625e7)
(1.83 5.989808569687499e7)
(1.8399999999999999 5.9859806321875006e7)
(1.85 5.9883362509375006e7)
(1.8599999999999999 5.984213918125e7)
(1.8700000000000006 5.986569536875e7)
(1.8799999999999994 5.980238725937499e7)
(1.8900000000000001 5.981416535312499e7)
(1.9 5.979502338437499e7)
(1.9100000000000001 5.9786190384375006e7)
(1.92 5.976116164999999e7)
(1.9300000000000002 5.9753798915625006e7)
(1.94 5.971551954062499e7)
(1.9499999999999997 5.973465922812499e7)
(1.9600000000000004 5.9680184118750006e7)
(1.9700000000000002 5.9712575587500006e7)
(1.98 5.965809933749999e7)
(1.9900000000000002 5.9665460931250006e7)
(2. 5.9621292509375006e7)
(2.0100000000000002 5.963012436875e7)
(2.02 5.9587428493750006e7)
(2.0300000000000007 5.96036230875e7)
(2.0399999999999996 5.955356447812499e7)
(2.0500000000000003 5.9569761353125006e7)
(2.06 5.951675650937499e7)
(2.07 5.9522646696875e7)
(2.08 5.9471115540625e7)
(2.09 5.949172777499998e7)
(2.1 5.9456392353125e7)
(2.11 5.9441670306250006e7)
(2.1200000000000006 5.9407807431250006e7)
(2.1299999999999994 5.9397499603125006e7)
(2.14 5.937394341562499e7)
(2.15 5.9351858634375006e7)
(2.16 5.931946716562499e7)
(2.17 5.9329773853125e7)
(2.18 5.927971524375e7)
(2.19 5.927971524375e7)
(2.1999999999999997 5.921640485312499e7)
(2.2100000000000004 5.9217878540625e7)
(2.22 5.9181070571875e7)
(2.23 5.917960030625e7)
(2.24 5.9136901009375e7)
(2.25 5.914131750937499e7)
(2.2600000000000002 5.908389730624999e7)
(2.27 5.9076535712500006e7)
(2.2800000000000007 5.902942105624998e7)
(2.2899999999999996 5.9030894743750006e7)
(2.3000000000000003 5.899261536875e7)
(2.31 5.89926130875e7)
(2.32 5.8930777525e7)
(2.33 5.8921944525e7)
(2.34 5.8870412228125006e7)
(2.35 5.887041336875e7)
(2.36 5.88188822125e7)
(2.3700000000000006 5.8818881071875006e7)
(2.3799999999999994 5.8768823603125e7)
(2.39 5.8754100415625e7)
(2.4 5.8693735118750006e7)
(2.41 5.8695208806250006e7)
(2.42 5.86584008375e7)
(2.43 5.863631491562499e7)
(2.44 5.8577424446875e7)
(2.4499999999999997 5.8581839806250006e7)
(2.4600000000000004 5.852147564999999e7)
(2.47 5.850233368125e7)
(2.48 5.8450802525e7)
(2.49 5.84390267125e7)
(2.5 5.839191091562499e7)
(2.5100000000000002 5.838160536874999e7)
(2.52 5.831829611874998e7)
(2.5300000000000007 5.8307990571875006e7)
(2.5399999999999996 5.8243208775e7)
(2.5500000000000003 5.8243207634375006e7)
(2.56 5.816664774374999e7)
(2.57 5.81651763375e7)
(2.58 5.8112173775e7)
(2.59 5.808861644687499e7)
(2.6 5.802677974374999e7)
(2.61 5.802088955624999e7)
(2.6200000000000006 5.795021757187499e7)
(2.6299999999999994 5.793991316562499e7)
(2.64 5.7878075321875e7)
(2.65 5.7870713728125e7)
(2.66 5.77985703375e7)
(2.67 5.7779430650000006e7)
(2.68 5.772937204062499e7)
(2.69 5.7705815853125e7)
(2.6999999999999997 5.764397686875e7)
(2.7100000000000004 5.7633671321875e7)
(2.72 5.7568889525e7)
(2.73 5.753355524375e7)
(2.74 5.748202408749998e7)
(2.75 5.7462882118750006e7)
(2.7600000000000002 5.7403992790625e7)
(2.77 5.738338055624999e7)
(2.7800000000000007 5.7318596478125e7)
(2.7899999999999996 5.730092819687499e7)
(2.8000000000000003 5.7225841993750006e7)
(2.81 5.721258907187501e7)
(2.8200000000000003 5.714339305625e7)
(2.83 5.7140446821875e7)
(2.84 5.7069775978125006e7)
(2.85 5.704769119687499e7)
(2.86 5.697849518124999e7)
(2.8700000000000006 5.695640811874999e7)
(2.8799999999999994 5.691076715e7)
(2.89 5.687543172812499e7)
(2.9 5.67988718375e7)
(2.91 5.677973214999999e7)
(2.92 5.672231194687499e7)
(2.93 5.671200411875e7)
(2.94 5.663838932187499e7)
(2.9499999999999997 5.662661122812499e7)
(2.9600000000000004 5.656035802499998e7)
(2.97 5.6535327009375e7)
(2.98 5.647496399375e7)
(2.9900000000000007 5.6429319603125e7)
(3. 5.6377790728125006e7)
(3.0100000000000002 5.635128944687499e7)
(3.02 5.6298286884375006e7)
(3.0300000000000007 5.626442286875e7)
(3.0399999999999996 5.62040587125e7)
(3.0500000000000003 5.6165778196875e7)
(3.06 5.610688544687499e7)
(3.0700000000000003 5.60921634e7)
(3.0799999999999996 5.602296396249998e7)
(3.09 5.6012657275e7)
(3.1 5.593462483749999e7)
(3.11 5.591990279062499e7)
(3.1200000000000006 5.585364730625e7)
(3.1299999999999994 5.584481316562499e7)
(3.14 5.576678186875e7)
(3.15 5.575205868125e7)
(3.16 5.56946373375e7)
(3.1700000000000004 5.567549765000001e7)
(3.18 5.5584216853125e7)
(3.19 5.559746521249998e7)
(3.1999999999999997 5.551796136874998e7)
(3.2100000000000004 5.5497349134375e7)
(3.22 5.543551015e7)
(3.23 5.541489905625e7)
(3.2400000000000007 5.53398117125e7)
(3.25 5.5333920384375e7)
(3.2600000000000002 5.526472436875e7)
(3.27 5.525736163437499e7)
(3.2800000000000007 5.51837468375e7)
(3.2899999999999996 5.518816333749999e7)
(3.3000000000000003 5.510424071249999e7)
(3.31 5.508657471249998e7)
(3.3200000000000003 5.500706858749999e7)
(3.3299999999999996 5.500706858749999e7)
(3.34 5.493639888437499e7)
(3.35 5.4927563603125e7)
(3.36 5.4848057478125e7)
(3.3700000000000006 5.4842170712500006e7)
(3.3799999999999994 5.478327568125e7)
(3.39 5.4772970134375e7)
(3.4 5.470230043125e7)
(3.41 5.469052347812499e7)
(3.4200000000000004 5.4628685634375e7)
(3.43 5.462279658749999e7)
(3.44 5.45432904625e7)
(3.4499999999999997 5.453003982187499e7)
(3.4600000000000004 5.4472620759375e7)
(3.47 5.446525802499999e7)
(3.48 5.4387225587500006e7)
(3.4900000000000007 5.4391642087500006e7)
(3.5 5.433275161875e7)
(3.5100000000000002 5.43283328375e7)
(3.52 5.423557949375e7)
(3.5300000000000007 5.423999599374999e7)
(3.5399999999999996 5.41840483375e7)
(3.5500000000000003 5.4164907509375e7)
(3.56 5.41001257125e7)
(3.5700000000000003 5.4101598259375e7)
(3.5799999999999996 5.404270550937499e7)
(3.59 5.4032398821875e7)
(3.6 5.396025657187499e7)
(3.61 5.3966145618750006e7)
(3.6200000000000006 5.3886640634375e7)
(3.6299999999999994 5.388811318125e7)
(3.64 5.383069297812499e7)
(3.65 5.3821857696875e7)
(3.66 5.376149354062499e7)
(3.6700000000000004 5.3754131946875e7)
(3.68 5.370554474375e7)
(3.69 5.36908238375e7)
(3.6999999999999997 5.3633403634375e7)
(3.7100000000000004 5.3637820134375e7)
(3.72 5.356126024374999e7)
(3.73 5.355095355625e7)
(3.7400000000000007 5.350531144687499e7)
(3.75 5.350531144687499e7)
(3.759999999999999 5.3447890103125e7)
(3.7700000000000005 5.343905824375e7)
(3.7800000000000002 5.3377221540625e7)
(3.79 5.338163804062499e7)
(3.8 5.3322745290625e7)
(3.8100000000000014 5.331243860312499e7)
(3.8200000000000003 5.32609085875e7)
(3.829999999999999 5.3260906306250006e7)
(3.84 5.318876405624999e7)
(3.8500000000000005 5.3197598196875006e7)
(3.8600000000000003 5.314017913437499e7)
(3.87 5.3144595634375e7)
(3.88 5.309159193125e7)
(3.8899999999999997 5.3097480978125e7)
(3.8999999999999995 5.301944968125e7)
(3.91 5.304006077499998e7)
(3.920000000000001 5.2969392212500006e7)
(3.9299999999999997 5.297528011875e7)
(3.9400000000000004 5.292227755625e7)
(3.95 5.2929639150000006e7)
(3.96 5.2869273853125e7)
(3.9699999999999998 5.2861912259375006e7)
(3.9800000000000004 5.282363174375e7)
(3.990000000000001 5.2811853650000006e7)
(4. 5.2755904853125e7)
(4.009999999999999 5.2747071853125006e7)
(4.0200000000000005 5.2713208978125e7)
(4.03 5.2697014384375e7)
(4.04 5.264401068125e7)
(4.05 5.2652844821875e7)
(4.060000000000001 5.25939532125e7)
(4.07 5.2602785071875e7)
(4.079999999999999 5.2530642821875e7)
(4.09 5.252622518124999e7)
(4.1000000000000005 5.249530625937499e7)
(4.11 5.249530625937499e7)
(4.12 5.2440830009375006e7)
(4.13 5.24393574625e7)
(4.14 5.239666158749999e7)
(4.1499999999999995 5.2401079228125e7)
(4.16 5.234218647812499e7)
(4.170000000000001 5.234807666562499e7)
(4.18 5.2303907103125006e7)
(4.19 5.2302433415625006e7)
(4.2 5.2242069259375e7)
(4.21 5.224206811875e7)
(4.22 5.220378760312499e7)
(4.23 5.2199371103125006e7)
(4.240000000000001 5.2168453321875e7)
(4.25 5.2158147775000006e7)
(4.259999999999999 5.2093365978125e7)
(4.2700000000000005 5.211250566562499e7)
(4.28 5.2068336103125006e7)
(4.29 5.205655686875e7)
(4.3 5.202858418125e7)
(4.310000000000001 5.2025639087500006e7)
(4.32 5.1975580478125e7)
(4.329999999999999 5.196969143124999e7)
(4.34 5.1924049321875e7)
(4.3500000000000005 5.193435486874999e7)
(4.36 5.189460408749999e7)
(4.37 5.1897548040625e7)
(4.38 5.183423879062499e7)
(4.39 5.185190479062499e7)
(4.3999999999999995 5.17974319625e7)
(4.41 5.180037477499999e7)
(4.420000000000001 5.1753262400000006e7)
(4.43 5.175326125937499e7)
(4.44 5.172087093125e7)
(4.45 5.1716455571875e7)
(4.46 5.165756282187499e7)
(4.47 5.16678660875e7)
(4.48 5.16251702125e7)
(4.490000000000001 5.164431104062499e7)
(4.5 5.1583946884375006e7)
(4.509999999999999 5.158541829062499e7)
(4.5200000000000005 5.154861032187501e7)
(4.53 5.1553026821875e7)
(4.54 5.150885839999999e7)
(4.55 5.1511802353125e7)
(4.560000000000001 5.146174374375e7)
(4.57 5.148824616562499e7)
(4.579999999999999 5.143229736874999e7)
(4.59 5.143082482187499e7)
(4.6000000000000005 5.1405797228125006e7)
(4.61 5.1385183853125e7)
(4.62 5.1366043025000006e7)
(4.63 5.1357208884375e7)
(4.64 5.1324819696875006e7)
(4.6499999999999995 5.131745810312499e7)
(4.66 5.1277706181250006e7)
(4.670000000000001 5.128212268124999e7)
(4.68 5.1246787259375e7)
(4.69 5.125562254062499e7)
(4.7 5.1223229931250006e7)
(4.71 5.120998043125e7)
(4.72 5.117758782187499e7)
(4.73 5.117022736875e7)
(4.740000000000001 5.113489080625e7)
(4.75 5.113047430624999e7)
(4.759999999999999 5.1093667478125e7)
(4.7700000000000005 5.110691811875e7)
(4.78 5.106421996249999e7)
(4.79 5.1068637603125e7)
(4.8 5.102888568125e7)
(4.810000000000001 5.103624613437499e7)
(4.82 5.100827230624999e7)
(4.829999999999999 5.1000909571875e7)
(4.84 5.0959687384375e7)
(4.8500000000000005 5.0969991790625e7)
(4.86 5.092140686874999e7)
(4.87 5.093318496249999e7)
(4.88 5.0889016540625e7)
(4.89 5.089932094687499e7)
(4.8999999999999995 5.0871348259375e7)
(4.91 5.0872819665625e7)
(4.920000000000001 5.0824233603125e7)
(4.93 5.083454029062499e7)
(4.94 5.080803786875e7)
(4.95 5.080362136874998e7)
(4.96 5.07697562125e7)
(4.97 5.07579804e7)
(4.98 5.073442193125e7)
(4.990000000000001 5.071528224375e7)
(5. 5.0694670009375e7)
(5.009999999999999 5.0691724915625e7)
(5.0200000000000005 5.06755314625e7)
(5.03 5.0677001728125006e7)
(5.04 5.065197299374999e7)
(5.05 5.064019489999999e7)
(5.060000000000001 5.0622527759375006e7)
(5.07 5.0618110118750006e7)
(5.079999999999999 5.0588664884375006e7)
(5.09 5.0581301009375e7)
(5.1000000000000005 5.0550383228125e7)
(5.11 5.055480086875e7)
(5.12 5.0523883087500006e7)
(5.13 5.052977213437499e7)
(5.14 5.050032461874999e7)
(5.1499999999999995 5.049737952499998e7)
(5.16 5.047676843124999e7)
(5.170000000000001 5.0516520353125e7)
(5.18 5.049149047812499e7)
(5.19 5.049590811874999e7)
(5.2 5.047382333749999e7)
(5.21 5.048560143125e7)
(5.22 5.0451739696875e7)
(5.23 5.047235079062499e7)
(5.240000000000001 5.044585064999999e7)
(5.25 5.044437696249999e7)
(5.259999999999999 5.0429654915625e7)
(5.2700000000000005 5.044584950937499e7)
(5.28 5.041051522812499e7)
(5.29 5.040756899374999e7)
(5.3 5.038254025937499e7)
(5.310000000000001 5.0395790900000006e7)
(5.32 5.0363400571875e7)
(5.329999999999999 5.037370611874999e7)
(5.34 5.0360455478125e7)
(5.3500000000000005 5.035456757187499e7)
(5.36 5.03177584625e7)
(5.37 5.0339842103125e7)
(5.38 5.0304507821875e7)
(5.39 5.031628705625e7)
(5.3999999999999995 5.0285365853125e7)
(5.41 5.0285365853125e7)
(5.420000000000001 5.02647559e7)
(5.43 5.028095049375e7)
(5.44 5.024266997812499e7)
(5.45 5.025592289999999e7)
(5.46 5.0213223603125e7)
(5.47 5.020439060312499e7)
(5.48 5.019408391562499e7)
(5.490000000000001 5.020144665e7)
(5.5 5.01572770875e7)
(5.509999999999999 5.012046911875e7)
(5.5200000000000005 5.0040964134375e7)
(5.53 5.0020350759375e7)
(5.54 4.9967348196875e7)
(5.55 4.9955568962500006e7)
(5.560000000000001 4.991581818125e7)
(5.57 4.99261225875e7)
(5.579999999999999 4.9895204806250006e7)
(5.59 4.988784321249999e7)
(5.6000000000000005 4.986575843125e7)
(5.61 4.9868702384375006e7)
(5.62 4.9840730837500006e7)
(5.63 4.9833368103125e7)
(5.64 4.981864377499999e7)
(5.6499999999999995 4.980539427499999e7)
(5.66 4.9796560134375e7)
(5.670000000000001 4.9800977775e7)
(5.68 4.9798033821875e7)
(5.69 4.9778894134375e7)
(5.7 4.976416980625e7)
(5.71 4.977005885312499e7)
(5.72 4.9740611337500006e7)
(5.73 4.975533680624999e7)
(5.740000000000001 4.971558374374999e7)
(5.75 4.973030693124999e7)
(5.759999999999999 4.971263865e7)
(5.7700000000000005 4.972147165e7)
(5.78 4.969055386875e7)
(5.79 4.969497036874999e7)
(5.8 4.9675831821875e7)
(5.810000000000001 4.968761105625e7)
(5.82 4.9671413040625e7)
(5.829999999999999 4.9666996540625e7)
(5.84 4.96537459e7)
(5.8500000000000005 4.964049411875e7)
(5.86 4.964344035312499e7)
(5.87 4.964196780624999e7)
(5.88 4.9619881884375e7)
(5.890000000000001 4.9619881884375e7)
(5.8999999999999995 4.9624299525e7)
(5.91 4.96051598375e7)
(5.920000000000001 4.959485429062499e7)
(5.93 4.9583075056250006e7)
(5.94 4.957424091562499e7)
(5.95 4.9572769509375e7)
(5.96 4.9559517728125e7)
(5.97 4.9571298103125006e7)
(5.98 4.955068472812499e7)
(5.990000000000001 4.9555101228125e7)
(6. 4.954479568125e7)
(6.009999999999999 4.9540378040625e7)
(6.0200000000000005 4.953596154062499e7)
(6.03 4.9533016446875e7)
(6.04 4.950504261875e7)
(6.05 4.95094614e7)
(6.060000000000001 4.9490320571875e7)
(6.07 4.9510931665625e7)
(6.079999999999999 4.949031943124999e7)
(6.09 4.9491791978125e7)
(6.1000000000000005 4.94785413375e7)
(6.11 4.948590179062499e7)
(6.12 4.946528955625e7)
(6.13 4.948884688437499e7)
(6.140000000000001 4.9459401650000006e7)
(6.1499999999999995 4.9469706056250006e7)
(6.159999999999999 4.945204005624999e7)
(6.170000000000001 4.946529069687499e7)
(6.18 4.9444677321875e7)
(6.19 4.94608753375e7)
(6.2 4.94446784625e7)
(6.21 4.9452038915625e7)
(6.22 4.9435845462500006e7)
(6.230000000000001 4.943878827499999e7)
(6.240000000000001 4.9418176040625e7)
(6.25 4.9446149868750006e7)
(6.259999999999999 4.943289922812499e7)
(6.2700000000000005 4.9443204775e7)
(6.28 4.9431426681250006e7)
(6.29 4.943731800937499e7)
(6.3 4.94196485875e7)
(6.310000000000001 4.942553877499999e7)
(6.32 4.943142668124999e7)
(6.329999999999999 4.944320705625e7)
(6.340000000000001 4.941964744687499e7)
(6.3500000000000005 4.943731686875e7)
(6.36 4.941817718125e7)
(6.37 4.9435844321875e7)
(6.38 4.9412285853125e7)
(6.390000000000001 4.9431425540625e7)
(6.3999999999999995 4.9403452853125006e7)
(6.409999999999999 4.9425537634375e7)
(6.420000000000001 4.940639680625e7)
(6.43 4.9418176040625e7)
(6.44 4.9396091259375006e7)
(6.45 4.941081444687498e7)
(6.46 4.93960924e7)
(6.47 4.9422592540625e7)
(6.480000000000001 4.938578685312499e7)
(6.490000000000001 4.9406397946875e7)
(6.5 4.937842411875e7)
(6.509999999999999 4.939167475937499e7)
(6.5200000000000005 4.9375480165625e7)
(6.53 4.9390203353125006e7)
(6.54 4.937400761875e7)
(6.55 4.93916759e7)
(6.560000000000001 4.9356340478125e7)
(6.57 4.9379895525e7)
(6.579999999999999 4.93519228375e7)
(6.590000000000001 4.9371062525000006e7)
(6.6000000000000005 4.932394786875e7)
(6.61 4.9350450290625e7)
(6.62 4.933867333749999e7)
(6.63 4.934750633749999e7)
(6.640000000000001 4.9287141040625e7)
(6.6499999999999995 4.933278314999999e7)
(6.659999999999999 4.929597518124999e7)
(6.670000000000001 4.932836436875e7)
(6.68 4.928125199374999e7)
(6.69 4.931658855625e7)
(6.7 4.9266529946875e7)
(6.71 4.9309225821875e7)
(6.72 4.9276833212500006e7)
(6.730000000000001 4.928272339999999e7)
(6.740000000000001 4.9240028665625e7)
(6.75 4.9262111165625e7)
(6.759999999999999 4.9237081290625e7)
(6.7700000000000005 4.926063747812499e7)
(6.78 4.921794274374999e7)
(6.79 4.9247387978125006e7)
(6.8 4.922088783749999e7)
(6.810000000000001 4.922383179062499e7)
(6.82 4.919880305625e7)
(6.829999999999999 4.921499764999998e7)
(6.840000000000001 4.918849636874999e7)
(6.8500000000000005 4.920763605625e7)
(6.86 4.9175245728125e7)
(6.87 4.920321841562499e7)
(6.88 4.9161993946875e7)
(6.890000000000001 4.919291172812499e7)
(6.8999999999999995 4.9142854259375e7)
(6.909999999999999 4.91752445875e7)
(6.920000000000001 4.913991030625e7)
(6.93 4.9154632353125e7)
(6.94 4.91163518375e7)
(6.95 4.914285311875e7)
(6.96 4.9108991384375006e7)
(6.97 4.9145797071875e7)
(6.980000000000001 4.9098684696875e7)
(6.990000000000001 4.913254757187499e7)
(7. 4.9091323103125e7)
(7.009999999999999 4.911929807187499e7)
(7.0200000000000005 4.9085435196875006e7)
(7.03 4.909279564999999e7)
(7.04 4.9058932775e7)
(7.05 4.9092794509375e7)
(7.060000000000001 4.9045682134375e7)
(7.07 4.907365596249998e7)
(7.079999999999999 4.9045680993750006e7)
(7.090000000000001 4.9079545009375e7)
(7.1000000000000005 4.90294864e7)
(7.11 4.905157118124999e7)
(7.12 4.90059302125e7)
(7.13 4.9048626087500006e7)
(7.140000000000001 4.901476093125e7)
(7.1499999999999995 4.902654244687499e7)
(7.159999999999999 4.8991205884375e7)
(7.170000000000001 4.9020652259375006e7)
(7.18 4.898679052499999e7)
(7.19 4.90191797125e7)
(7.2 4.898237402499999e7)
(7.21 4.898826193124999e7)
(7.22 4.895881555624999e7)
(7.230000000000001 4.898678938437499e7)
(7.240000000000001 4.89470374625e7)
(7.25 4.8964704603125e7)
(7.259999999999999 4.8944091228125e7)
(7.2700000000000005 4.895439905625e7)
(7.28 4.892642522812499e7)
(7.29 4.89205339e7)
(7.3 4.8855755525e7)
(7.310000000000001 4.887195011875e7)
(7.32 4.8841030056250006e7)
(7.329999999999999 4.888372593124999e7)
(7.340000000000001 4.882189036875e7)
(7.3500000000000005 4.884250374374999e7)
(7.36 4.88204189625e7)
(7.37 4.8841028915625e7)
(7.38 4.880422436874999e7)
(7.390000000000001 4.8842502603125e7)
(7.3999999999999995 4.879686049374999e7)
(7.409999999999999 4.8829251962500006e7)
(7.420000000000001 4.879391768125e7)
(7.43 4.879244399375e7)
(7.44 4.878655494687499e7)
(7.45 4.8790971446875e7)
(7.46 4.876299761874999e7)
(7.47 4.878213844687499e7)
(7.480000000000001 4.8760053665625e7)
(7.490000000000001 4.8770360353125006e7)
(7.5 4.875416461875e7)
(7.509999999999999 4.874827443125e7)
(7.5200000000000005 4.874385564999999e7)
(7.53 4.8749746978125e7)
(7.54 4.872177315e7)
(7.55 4.874238538437499e7)
(7.560000000000001 4.870410486874999e7)
(7.57 4.872618965e7)
(7.579999999999999 4.868938282187498e7)
(7.590000000000001 4.8712939009375e7)
(7.6000000000000005 4.868496518125e7)
(7.61 4.8705576275e7)
(7.62 4.866729918124998e7)
(7.63 4.86776035875e7)
(7.640000000000001 4.865257485312499e7)
(7.6499999999999995 4.867024199375e7)
(7.659999999999999 4.8634906571875e7)
(7.670000000000001 4.865699135312499e7)
(7.680000000000001 4.862018224375e7)
(7.69 4.8636380259375006e7)
(7.7 4.861282064999999e7)
(7.71 4.862018452499999e7)
(7.72 4.857454355625e7)
(7.730000000000001 4.8603989931250006e7)
(7.740000000000001 4.859220955625e7)
(7.75 4.8601043696875006e7)
(7.76 4.857454355625e7)
(7.769999999999998 4.8586320509375e7)
(7.779999999999999 4.8555402728125e7)
(7.790000000000001 4.855982036875e7)
(7.799999999999999 4.8542153228125e7)
(7.8100000000000005 4.8546569728125e7)
(7.82 4.8521537571875e7)
(7.83 4.8542150946875e7)
(7.840000000000002 4.8515649665625e7)
(7.85 4.852448380624999e7)
(7.859999999999999 4.848178679062499e7)
(7.870000000000003 4.8514175978125e7)
(7.880000000000001 4.8484731884375e7)
(7.890000000000001 4.850976061875e7)
(7.9 4.848473074374998e7)
(7.909999999999998 4.850534525937499e7)
(7.92 4.846264710312499e7)
(7.93 4.847884169687499e7)
(7.9399999999999995 4.845086786875e7)
(7.950000000000001 4.846853614999999e7)
(7.960000000000001 4.843614468124999e7)
(7.970000000000001 4.845086786875e7)
(7.980000000000002 4.8422894040625006e7)
(7.99 4.8444978821875e7)
(8. 4.843320072812499e7)
(8.01 4.8443506275e7)
(8.019999999999998 4.841700499374999e7)
(8.03 4.8414058759375006e7)
(8.040000000000001 4.83963939e7)
(8.049999999999999 4.8415532446875e7)
(8.06 4.8391976259375e7)
(8.07 4.840080811874999e7)
(8.08 4.837283429062499e7)
(8.090000000000002 4.8381669571875e7)
(8.1 4.8365472696875006e7)
(8.11 4.8372836571875006e7)
(8.120000000000003 4.8356639696875006e7)
(8.13 4.8371364025e7)
(8.14 4.8347806696875e7)
(8.15 4.8364001290625006e7)
(8.159999999999998 4.8336026321875e7)
(8.17 4.836547383749999e7)
(8.18 4.831835918124999e7)
(8.19 4.8343390196875e7)
(8.200000000000001 4.830658336875e7)
(8.21 4.8330139556250006e7)
(8.22 4.830510968125e7)
(8.230000000000002 4.8325720775e7)
(8.24 4.8284498587500006e7)
(8.25 4.8310998728125e7)
(8.26 4.8285968853125e7)
(8.269999999999998 4.83183614625e7)
(8.28 4.82741919e7)
(8.290000000000001 4.8312472415625e7)
(8.299999999999999 4.82683017125e7)
(8.31 4.8296275540625e7)
(8.32 4.824916088437499e7)
(8.33 4.8290385353125006e7)
(8.340000000000002 4.8249162025e7)
(8.35 4.828449744687499e7)
(8.36 4.824474552499999e7)
(8.370000000000003 4.827713471249999e7)
(8.38 4.8240327884375e7)
(8.39 4.825652361874999e7)
(8.4 4.8240327884375006e7)
(8.409999999999998 4.824916088437499e7)
(8.42 4.823738279062499e7)
(8.43 4.8241799290625006e7)
(8.44 4.8202048509375e7)
(8.450000000000001 4.822413329062499e7)
(8.46 4.820351991562499e7)
(8.47 4.823296515e7)
(8.480000000000002 4.8202048509375e7)
(8.49 4.8212352915625e7)
(8.5 4.8193214368750006e7)
(8.51 4.821677055624999e7)
(8.519999999999998 4.820204736875e7)
(8.53 4.8212352915625e7)
(8.540000000000001 4.81696559e7)
(8.549999999999999 4.8188796728125e7)
(8.56 4.8175546087500006e7)
(8.57 4.8203519915625e7)
(8.58 4.8162295446875e7)
(8.590000000000002 4.818438136875e7)
(8.6 4.815493385312499e7)
(8.61 4.816376685312499e7)
(8.620000000000003 4.8153462446875e7)
(8.63 4.81843790875e7)
(8.64 4.815493271249999e7)
(8.65 4.816818449374999e7)
(8.659999999999998 4.8147572259375e7)
(8.67 4.815640639999999e7)
(8.68 4.8124014931250006e7)
(8.69 4.81460997125e7)
(8.700000000000001 4.811517964999999e7)
(8.71 4.814609857187499e7)
(8.72 4.8112235696875e7)
(8.730000000000002 4.814462602499999e7)
(8.74 4.811518079062499e7)
(8.75 4.811665447812499e7)
(8.76 4.809309600937499e7)
(8.769999999999998 4.8122542384375e7)
(8.78 4.811076429062499e7)
(8.790000000000001 4.8109292884375e7)
(8.799999999999999 4.808867950937499e7)
(8.81 4.8090152056250006e7)
(8.82 4.807101236874999e7)
(8.83 4.810045760312498e7)
(8.840000000000002 4.8073956321875e7)
(8.85 4.80989873375e7)
(8.86 4.806806727499999e7)
(8.870000000000003 4.8088679509375e7)
(8.88 4.8050400134375e7)
(8.89 4.808426186875e7)
(8.9 4.8043037400000006e7)
(8.909999999999998 4.805776172812499e7)
(8.92 4.8032731853125e7)
(8.93 4.8062178228125e7)
(8.94 4.8031260446875e7)
(8.950000000000001 4.8075428868750006e7)
(8.96 4.802978675937499e7)
(8.97 4.8054816634375006e7)
(8.980000000000002 4.80342044e7)
(8.99 4.8035674665625006e7)
(9. 4.801800752499999e7)
(9.01 4.8034205540625e7)
(9.019999999999998 4.801653611874999e7)
(9.03 4.8038622040625e7)
(9.040000000000001 4.800770311874999e7)
(9.049999999999999 4.801211961875e7)
(9.06 4.80077008375e7)
(9.07 4.80238977125e7)
(9.08 4.798414464999998e7)
(9.090000000000002 4.799150852499999e7)
(9.1 4.798708974374999e7)
(9.11 4.8010647071875006e7)
(9.120000000000003 4.7995925025e7)
(9.13 4.800181293124999e7)
(9.14 4.797531279062499e7)
(9.15 4.800181407187499e7)
(9.159999999999998 4.79517554625e7)
(9.17 4.798267324374999e7)
(9.18 4.7956173103125e7)
(9.19 4.79900348375e7)
(9.200000000000001 4.795322686874999e7)
(9.21 4.7976784196875e7)
(9.22 4.7956170821875e7)
(9.230000000000002 4.7979727009375e7)
(9.24 4.7942921321875e7)
(9.25 4.796795005625e7)
(9.26 4.7925254181250006e7)
(9.269999999999998 4.79252519e7)
(9.28 4.7897279212500006e7)
(9.290000000000001 4.791347380625e7)
(9.299999999999999 4.7878138384375006e7)
(9.31 4.7891389025000006e7)
(9.32 4.787372188437498e7)
(9.33 4.7869305384375006e7)
(9.340000000000002 4.7866360290625e7)
(9.35 4.788550111874999e7)
(9.36 4.7861943790625e7)
(9.370000000000003 4.787077793125e7)
(9.38 4.785752615e7)
(9.39 4.786930652499999e7)
(9.4 4.7836916196875e7)
(9.409999999999998 4.785163824375e7)
(9.42 4.780894008749998e7)
(9.43 4.8032731853125e7)
(9.44 4.851270457187499e7)
(9.450000000000001 4.9095741884375e7)
(9.46 4.9379896665625e7)
(9.47 4.939756380625e7)
(9.480000000000002 4.9213525103125e7)
(9.49 4.894998255624999e7)
(9.5 4.866582549374999e7)
(9.51 4.839933785312499e7)
(9.519999999999998 4.810193014999998e7)
(9.53 4.7860471243750006e7)
(9.540000000000001 4.771912955624999e7)
(9.549999999999999 4.7639624571875e7)
(9.56 4.759545500937499e7)
(9.57 4.7617539790625e7)
(9.58 4.758514946249999e7)
(9.590000000000002 4.759840124375e7)
(9.6 4.757337136875e7)
(9.61 4.760134519687499e7)
(9.620000000000003 4.7579259275e7)
(9.63 4.759545500937499e7)
(9.64 4.757926041562499e7)
(9.65 4.759545386875e7)
(9.659999999999998 4.758073296249999e7)
(9.67 4.759250991562498e7)
(9.68 4.756306354062499e7)
(9.69 4.758073296249999e7)
(9.700000000000001 4.7557176775e7)
(9.71 4.7563065821875e7)
(9.72 4.7514478618750006e7)
(9.730000000000002 4.752184135312499e7)
(9.74 4.7446752868750006e7)
(9.75 4.7434973634375e7)
(9.76 4.7396691978125006e7)
(9.769999999999998 4.7398164525000006e7)
(9.78 4.7333385009375e7)
(9.790000000000001 4.729804844687499e7)
(9.799999999999999 4.7280382446875e7)
(9.81 4.7333382728125e7)
(9.82 4.7432030821875e7)
(9.83 4.7632262978125e7)
(9.840000000000002 4.771765700937499e7)
(9.85 4.777065843125e7)
(9.86 4.76028154625e7)
(9.870000000000003 4.722443365e7)
(9.88 4.6143756478125006e7)
(9.89 4.36467173375e7)
(9.9 3.3836709290625e7)
(9.909999999999998 1.5627168399999999e7)
(9.92 1.8625313531250001e6)
(9.93 357831.4)
(9.94 100000.)
(9.950000000000001 100000.)
(9.96 100000.)
(9.97 100000.)
(9.980000000000002 100000.)
(9.99 100000.)
(10. 100000.)
(10.01 100000.)
(10.019999999999998 100000.)
(10.03 100000.)
(10.040000000000001 100000.)
(10.049999999999999 100000.)
(10.06 100000.)
(10.07 100000.)
(10.08 100000.)
(10.090000000000002 100000.)
(10.1 100000.)
(10.11 100000.)
(10.120000000000003 100000.)
(10.13 100000.)
(10.14 100000.)
(10.15 100000.)
(10.159999999999998 100000.)
(10.17 100000.)
(10.18 100000.)
(10.19 100000.)
(10.200000000000001 100000.)
(10.21 100000.)
(10.22 100000.)
(10.230000000000002 100000.)
(10.24 100000.)
(10.25 100000.)
(10.26 100000.)
(10.269999999999998 100000.)
(10.28 100000.)
(10.290000000000001 100000.)
(10.299999999999999 100000.)
(10.31 100000.)
(10.32 100000.)
(10.33 100000.)
(10.340000000000002 100000.)
(10.35 100000.)
(10.36 100000.)
(10.370000000000003 100000.)
(10.38 100000.)
(10.39 100000.)
(10.4 100000.)
(10.409999999999998 100000.)
(10.42 100000.)
(10.43 100000.)
(10.44 100000.)
(10.450000000000001 100000.)
(10.46 100000.)
(10.47 100000.)
(10.480000000000002 100000.)
(10.49 100000.)
(10.5 100000.)
(10.51 100000.)
(10.519999999999998 100000.)
(10.53 100000.)
(10.540000000000001 100000.)
(10.549999999999999 100000.)
(10.56 100000.)
(10.57 100000.)
(10.58 100000.)
(10.590000000000002 100000.)
(10.6 100000.)
(10.61 100000.)
(10.620000000000003 100000.)
(10.63 100000.)
(10.64 100000.)
(10.65 100000.)
(10.659999999999998 100000.)
(10.67 100000.)
(10.68 100000.)
(10.69 100000.)
(10.700000000000001 100000.)
(10.71 100000.)
(10.72 100000.)
(10.730000000000002 100000.)
(10.74 100000.)
(10.75 100000.))