((0. 149056.19062500002)
(0.010000000000000009 343401.58125000005)
(0.020000000000000018 701174.5812499999)
(0.030000000000000027 1.0236098781249998e6)
(0.03999999999999998 1.550697253125e6)
(0.04999999999999999 2.1646500656250003e6)
(0.06 2.9758945031250003e6)
(0.07 3.9991503312500003e6)
(0.08000000000000002 4.8854821125e6)
(0.09000000000000002 5.9440733625e6)
(0.10000000000000003 7.054195768750001e6)
(0.10999999999999993 8.230571378124999e6)
(0.12000000000000005 9.911950721875e6)
(0.12999999999999995 1.232948601875e7)
(0.14000000000000007 1.7360372268749997e7)
(0.14999999999999997 2.465567289375e7)
(0.1600000000000001 3.2348497299999997e7)
(0.16999999999999998 3.690088337812501e7)
(0.18 3.9474483550000004e7)
(0.19 4.1650558800000004e7)
(0.2 4.2871103971875e7)
(0.21000000000000002 4.3738294925e7)
(0.22000000000000003 4.4284523128125004e7)
(0.22999999999999998 4.4592236378125004e7)
(0.24000000000000005 4.4779219034375004e7)
(0.25 4.4867558159375004e7)
(0.2599999999999999 4.4919088175e7)
(0.27 4.4919089315625004e7)
(0.28000000000000014 4.491614308125e7)
(0.29000000000000004 4.4885226440625004e7)
(0.29999999999999993 4.4880809940625e7)
(0.31000000000000005 4.484989101875e7)
(0.3200000000000002 4.4829277643750004e7)
(0.32999999999999996 4.4802777503125e7)
(0.33999999999999997 4.4780691581250004e7)
(0.35 4.4749772659375e7)
(0.36 4.4720327425e7)
(0.37 4.4701186596875004e7)
(0.38 4.4671740221875e7)
(0.39 4.4657017034375004e7)
(0.4 4.4629043206250004e7)
(0.41000000000000003 4.4609904659375e7)
(0.42000000000000004 4.458487364375e7)
(0.43000000000000005 4.456720650312499e7)
(0.44000000000000006 4.4549538221875004e7)
(0.45000000000000007 4.4517147893750004e7)
(0.45999999999999996 4.4508312612500004e7)
(0.46999999999999986 4.44994796125e7)
(0.48 4.4478868518750004e7)
(0.4900000000000001 4.4458257425e7)
(0.5 4.4449423284375004e7)
(0.5099999999999999 4.4427337362500004e7)
(0.52 4.441408558124999e7)
(0.5300000000000001 4.4396418440625e7)
(0.54 4.4375807346875004e7)
(0.5499999999999999 4.4349306065625004e7)
(0.5600000000000002 4.4352248878125e7)
(0.5700000000000002 4.4344887284375e7)
(0.5800000000000001 4.4328692690625e7)
(0.59 4.4308080456250004e7)
(0.6 4.4293356128125e7)
(0.61 4.428599453437499e7)
(0.62 4.4258021846875004e7)
(0.63 4.426243834687501e7)
(0.64 4.4235937065625e7)
(0.65 4.4218268784375004e7)
(0.66 4.4207964378125004e7)
(0.67 4.419618514375e7)
(0.68 4.418882240937499e7)
(0.6900000000000001 4.4174099221875e7)
(0.7000000000000001 4.4152014440625004e7)
(0.71 4.41387638e7)
(0.7199999999999999 4.4143180300000004e7)
(0.7300000000000001 4.4131401065625004e7)
(0.7400000000000001 4.411226251875e7)
(0.75 4.4085760096875e7)
(0.76 4.408428754999999e7)
(0.7699999999999998 4.4071036909375e7)
(0.78 4.406662155e7)
(0.79 4.4048952128125004e7)
(0.8 4.4034230081250004e7)
(0.8100000000000003 4.402392339375e7)
(0.8200000000000001 4.4020978300000004e7)
(0.8300000000000001 4.4000367206250004e7)
(0.8400000000000001 4.3997422112500004e7)
(0.8499999999999999 4.3965030643750004e7)
(0.8600000000000001 4.3967975737500004e7)
(0.8700000000000001 4.3951781143750004e7)
(0.8800000000000001 4.3945892096875e7)
(0.8900000000000003 4.3934112862500004e7)
(0.9000000000000001 4.3919389675e7)
(0.9099999999999999 4.3909084128125e7)
(0.9199999999999999 4.3903193940625e7)
(0.9299999999999999 4.389141470625e7)
(0.9399999999999997 4.3891415846875004e7)
(0.95 4.38546067375e7)
(0.96 4.385755183125e7)
(0.97 4.3845776018750004e7)
(0.9800000000000002 4.3838412143750004e7)
(0.99 4.3820745003125e7)
(1. 4.3806021815625e7)
(1.01 4.3800131628125e7)
(1.0199999999999998 4.3791298628125e7)
(1.03 4.3772158940625e7)
(1.04 4.377510289375001e7)
(1.05 4.3760379706250004e7)
(1.0600000000000003 4.376479620625e7)
(1.07 4.37235717375e7)
(1.08 4.3733878425e7)
(1.09 4.3708849690625004e7)
(1.0999999999999999 4.3707377143750004e7)
(1.11 4.36720428625e7)
(1.12 4.368234955e7)
(1.1300000000000001 4.365878994062499e7)
(1.1400000000000003 4.36602624875e7)
(1.1500000000000001 4.3645539300000004e7)
(1.16 4.3644067893750004e7)
(1.17 4.362492820625e7)
(1.18 4.3626399612500004e7)
(1.1899999999999997 4.359695323750001e7)
(1.2 4.35881202375e7)
(1.21 4.3567506862500004e7)
(1.22 4.356456290937499e7)
(1.2300000000000002 4.3555727628125004e7)
(1.24 4.3543950675000004e7)
(1.25 4.3527754940625e7)
(1.26 4.3530698893750004e7)
(1.2699999999999998 4.3502725065625e7)
(1.28 4.3496834878125e7)
(1.29 4.3479168878125004e7)
(1.3 4.348800301875e7)
(1.3100000000000003 4.3455612690625004e7)
(1.32 4.345266645625e7)
(1.33 4.3433527909375004e7)
(1.34 4.3440889503125e7)
(1.3499999999999999 4.3412914534375004e7)
(1.36 4.3427640003125004e7)
(1.3700000000000003 4.339524739375e7)
(1.3800000000000001 4.3383468159375e7)
(1.3900000000000003 4.3362857065625004e7)
(1.4000000000000001 4.3371690065625e7)
(1.4100000000000001 4.334224483124999e7)
(1.42 4.3349605284375004e7)
(1.43 4.3323102862500004e7)
(1.4399999999999997 4.333193814375e7)
(1.45 4.329954553437499e7)
(1.4600000000000002 4.330101808124999e7)
(1.47 4.3270100300000004e7)
(1.4800000000000002 4.3277463034375004e7)
(1.49 4.3248015518750004e7)
(1.5 4.325832220625e7)
(1.51 4.3221514237500004e7)
(1.5199999999999998 4.3231819784375e7)
(1.53 4.3211207550000004e7)
(1.5399999999999998 4.320090200312501e7)
(1.55 4.3181761175e7)
(1.5600000000000003 4.3186179956250004e7)
(1.57 4.3153787346875e7)
(1.58 4.315967753437499e7)
(1.59 4.3133175112500004e7)
(1.5999999999999999 4.3134648800000004e7)
(1.61 4.310667383125e7)
(1.6200000000000003 4.3103729878125004e7)
(1.6300000000000001 4.308311764375e7)
(1.6400000000000003 4.307722745625e7)
(1.6500000000000001 4.306103286249999e7)
(1.6600000000000001 4.3058088909375004e7)
(1.67 4.30315864875e7)
(1.68 4.3037474393750004e7)
(1.6899999999999997 4.299477851875e7)
(1.7 4.300655775312501e7)
(1.7100000000000002 4.2977111378125004e7)
(1.72 4.2987416925e7)
(1.7300000000000002 4.2952082643750004e7)
(1.74 4.2963858456250004e7)
(1.75 4.29093844875e7)
(1.7600000000000002 4.292263626875e7)
(1.77 4.289613270625e7)
(1.7800000000000007 4.2891717346875004e7)
(1.7899999999999996 4.2871105112500004e7)
(1.8000000000000003 4.2869631425000004e7)
(1.81 4.28372422375e7)
(1.8199999999999998 4.2841657596875e7)
(1.83 4.2800433128125e7)
(1.8399999999999999 4.2807793581250004e7)
(1.85 4.277982089375e7)
(1.8599999999999999 4.2772459300000004e7)
(1.8700000000000006 4.27327062375e7)
(1.8799999999999994 4.2740067831250004e7)
(1.8900000000000001 4.271209400312501e7)
(1.9 4.2701789596875e7)
(1.9100000000000001 4.2681177362500004e7)
(1.92 4.266792558125e7)
(1.9300000000000002 4.2654674940625e7)
(1.94 4.2638480346875004e7)
(1.9499999999999997 4.2592835956250004e7)
(1.9600000000000004 4.2609033971875e7)
(1.9700000000000002 4.25722248625e7)
(1.98 4.25722248625e7)
(1.9900000000000002 4.2539834534375e7)
(2. 4.2539834534375e7)
(2.0100000000000002 4.2489775925e7)
(2.02 4.2486831971875e7)
(2.0300000000000007 4.2451495409375e7)
(2.0399999999999996 4.2463273503125004e7)
(2.0500000000000003 4.2411744628125e7)
(2.06 4.2420575346875004e7)
(2.07 4.2377880612500004e7)
(2.08 4.2366101378125e7)
(2.09 4.2342544050000004e7)
(2.1 4.233812983125e7)
(2.11 4.2289541487500004e7)
(2.1200000000000006 4.229101403437501e7)
(2.1299999999999994 4.2238011471875004e7)
(2.14 4.22468456125e7)
(2.15 4.220414745625e7)
(2.16 4.22041497375e7)
(2.17 4.2158505346875004e7)
(2.18 4.2158505346875004e7)
(2.19 4.2108447878125004e7)
(2.1999999999999997 4.2112863237500004e7)
(2.2100000000000004 4.2052500221875e7)
(2.22 4.2053971628125e7)
(2.23 4.2006856971875004e7)
(2.24 4.20112746125e7)
(2.25 4.1962687409375e7)
(2.2600000000000002 4.1955326956250004e7)
(2.27 4.1915575034375e7)
(2.2800000000000007 4.19067386125e7)
(2.2899999999999996 4.1844904190625e7)
(2.3000000000000003 4.184784814375e7)
(2.31 4.1790429081250004e7)
(2.32 4.180220603437499e7)
(2.33 4.1738897925000004e7)
(2.34 4.1747730925000004e7)
(2.35 4.1682947987500004e7)
(2.36 4.1697672315625e7)
(2.3700000000000006 4.162405751875e7)
(2.3799999999999994 4.16402521125e7)
(2.39 4.1557803175e7)
(2.4 4.1565163628125e7)
(2.41 4.15048006125e7)
(2.42 4.1498910425e7)
(2.43 4.1442961628125004e7)
(2.44 4.1447380409375e7)
(2.4499999999999997 4.137082051875001e7)
(2.4600000000000004 4.1375237018750004e7)
(2.47 4.131634426875e7)
(2.48 4.1317816815625004e7)
(2.49 4.125303501874999e7)
(2.5 4.1248616237500004e7)
(2.5100000000000002 4.1180890487500004e7)
(2.52 4.117500258125e7)
(2.5300000000000007 4.113083301875e7)
(2.5399999999999996 4.1119054925e7)
(2.5500000000000003 4.1046911534375e7)
(2.56 4.1045438987500004e7)
(2.57 4.0980657190625004e7)
(2.58 4.0971824190625e7)
(2.59 4.0915876534375004e7)
(2.6 4.0909987487500004e7)
(2.61 4.0830481362500004e7)
(2.6200000000000006 4.082606258125e7)
(2.6299999999999994 4.0759810518750004e7)
(2.64 4.074508733125e7)
(2.65 4.0684724315625e7)
(2.66 4.0684722034375e7)
(2.67 4.0609634690625e7)
(2.68 4.0594911503125004e7)
(2.69 4.0533074800000004e7)
(2.6999999999999997 4.05316011125e7)
(2.7100000000000004 4.0444736815625e7)
(2.72 4.0441791721875e7)
(2.73 4.0387315471875e7)
(2.74 4.0379953878125e7)
(2.75 4.0293088440625004e7)
(2.7600000000000002 4.0285724565625004e7)
(2.77 4.0222417596875e7)
(2.7800000000000007 4.0206220721875e7)
(2.7899999999999996 4.0132604784375004e7)
(2.8000000000000003 4.0120826690625004e7)
(2.81 4.0060461393750004e7)
(2.8200000000000003 4.0042794253125004e7)
(2.83 3.997212455000001e7)
(2.84 3.9955927675e7)
(2.85 3.9892619565625004e7)
(2.86 3.9879368925000004e7)
(2.8700000000000006 3.9804280440625e7)
(2.8799999999999994 3.9788084706250004e7)
(2.89 3.9701219268750004e7)
(2.9 3.97085808625e7)
(2.91 3.9636436331250004e7)
(2.92 3.962171314375e7)
(2.93 3.953779051875e7)
(2.94 3.952601356562499e7)
(2.9499999999999997 3.9442093221875e7)
(2.9600000000000004 3.942000958125e7)
(2.97 3.936111455e7)
(2.98 3.9352280409375e7)
(2.9900000000000007 3.9255109425e7)
(3. 3.926099733125e7)
(3.0100000000000002 3.91814934875e7)
(3.02 3.915793501875e7)
(3.0300000000000007 3.9087265315625e7)
(3.0399999999999996 3.907106958125e7)
(3.0500000000000003 3.898125905e7)
(3.06 3.8973896315625004e7)
(3.0700000000000003 3.8894392471875004e7)
(3.0799999999999996 3.8881141831250004e7)
(3.09 3.8811943534375e7)
(3.1 3.879280270625e7)
(3.11 3.87132988625e7)
(3.1200000000000006 3.869268548749999e7)
(3.1299999999999994 3.8619070690625e7)
(3.14 3.860434750312499e7)
(3.15 3.8517479784375e7)
(3.16 3.85027577375e7)
(3.1700000000000004 3.8402641659375e7)
(3.18 3.8396751471875e7)
(3.19 3.8321664128125e7)
(3.1999999999999997 3.8305468393750004e7)
(3.2100000000000004 3.8199462128125e7)
(3.22 3.81994609875e7)
(3.23 3.8106706503125e7)
(3.2400000000000007 3.8105233956250004e7)
(3.25 3.7993337503125e7)
(3.2600000000000002 3.7997755143750004e7)
(3.27 3.7906470925e7)
(3.2800000000000007 3.7897637925000004e7)
(3.2899999999999996 3.7810771346875e7)
(3.3000000000000003 3.7791631659375e7)
(3.31 3.76929869875e7)
(3.3200000000000003 3.769004189375e7)
(3.3299999999999996 3.7586980721875004e7)
(3.34 3.7578146581250004e7)
(3.35 3.74780293625e7)
(3.36 3.7448581846875004e7)
(3.3700000000000006 3.7369078003125004e7)
(3.3799999999999994 3.7349938315625e7)
(3.39 3.7235097909375004e7)
(3.4 3.7235099050000004e7)
(3.41 3.7139397190625e7)
(3.4200000000000004 3.711584214375e7)
(3.43 3.7034863471875e7)
(3.44 3.7015723784375004e7)
(3.4499999999999997 3.6909718659375004e7)
(3.4600000000000004 3.688763273749999e7)
(3.47 3.6803710112500004e7)
(3.48 3.67948771125e7)
(3.4900000000000007 3.6693287346875004e7)
(3.5 3.667562020625e7)
(3.5100000000000002 3.6569615081250004e7)
(3.52 3.65710864875e7)
(3.5300000000000007 3.64871638625e7)
(3.5399999999999996 3.6466552768750004e7)
(3.5500000000000003 3.6357599128125e7)
(3.56 3.634876612812499e7)
(3.5700000000000003 3.6264843503125e7)
(3.5799999999999996 3.6244232409375004e7)
(3.59 3.615147564375e7)
(3.6 3.6147060284375004e7)
(3.61 3.60439991125e7)
(3.6200000000000006 3.6038108925e7)
(3.6299999999999994 3.5948298393750004e7)
(3.64 3.59306301125e7)
(3.65 3.5834930534375004e7)
(3.66 3.58275678e7)
(3.6700000000000004 3.5753953003125004e7)
(3.68 3.572745172187499e7)
(3.69 3.5640584003125004e7)
(3.6999999999999997 3.5621444315625004e7)
(3.7100000000000004 3.5531633784375004e7)
(3.72 3.553458001875e7)
(3.73 3.5438878159375004e7)
(3.7400000000000007 3.5431518846875004e7)
(3.75 3.53284531125e7)
(3.759999999999999 3.53343433e7)
(3.7700000000000005 3.52430613625e7)
(3.7800000000000002 3.5235699768750004e7)
(3.79 3.5145888096875004e7)
(3.8 3.514736064375e7)
(3.8100000000000014 3.5059022659375004e7)
(3.8200000000000003 3.5035465331250004e7)
(3.829999999999999 3.496773844062499e7)
(3.84 3.4951543846875004e7)
(3.8500000000000005 3.4880873003125e7)
(3.8600000000000003 3.4864678409375004e7)
(3.87 3.478222833125e7)
(3.88 3.4785173425000004e7)
(3.8899999999999997 3.4690944112500004e7)
(3.8999999999999995 3.4685055065625e7)
(3.91 3.460996772187501e7)
(3.920000000000001 3.4614384221875e7)
(3.9299999999999997 3.4523102284375e7)
(3.9400000000000004 3.453782433125e7)
(3.95 3.4424456471875004e7)
(3.96 3.4434763159375004e7)
(3.9699999999999998 3.4346424034375e7)
(3.9800000000000004 3.43567318625e7)
(3.990000000000001 3.426397395625e7)
(4. 3.4278698284375e7)
(4.009999999999999 3.4177107378125004e7)
(4.0200000000000005 3.4200665846875e7)
(4.03 3.41211608625e7)
(4.04 3.4118215768750004e7)
(4.05 3.401662714375e7)
(4.060000000000001 3.4028404096875e7)
(4.07 3.3954789300000004e7)
(4.079999999999999 3.3962149753125e7)
(4.09 3.385908858125e7)
(4.1000000000000005 3.3892951456250004e7)
(4.11 3.3801668378125004e7)
(4.12 3.3809029971875e7)
(4.13 3.3704496253125004e7)
(4.14 3.373835912812499e7)
(4.1499999999999995 3.3660326690625004e7)
(4.16 3.3661799237500004e7)
(4.170000000000001 3.3576406346875e7)
(4.18 3.36073229875e7)
(4.19 3.3511623409374997e7)
(4.2 3.3520456409375e7)
(4.21 3.3423285424999997e7)
(4.22 3.3467453846875004e7)
(4.23 3.3374699362499997e7)
(4.240000000000001 3.339825555e7)
(4.25 3.329666464375e7)
(4.259999999999999 3.3321694518749993e7)
(4.2700000000000005 3.3236301628124997e7)
(4.28 3.325985895625e7)
(4.29 3.3156797784374993e7)
(4.3 3.319507601875e7)
(4.310000000000001 3.310968198749999e7)
(4.32 3.3133239315624997e7)
(4.329999999999999 3.3049317831249993e7)
(4.34 3.3061095925000004e7)
(4.3500000000000005 3.297717558125e7)
(4.36 3.299042508125e7)
(4.37 3.2928588378125e7)
(4.38 3.2950674300000004e7)
(4.39 3.2868221940624997e7)
(4.3999999999999995 3.2887363909375004e7)
(4.41 3.2812276565624997e7)
(4.420000000000001 3.2825526065625004e7)
(4.43 3.2750439862499993e7)
(4.44 3.2769577268750004e7)
(4.45 3.2691547112500004e7)
(4.46 3.2719520940625004e7)
(4.47 3.2634124628124993e7)
(4.48 3.2665044690624997e7)
(4.490000000000001 3.2569345112499997e7)
(4.5 3.2592900159374997e7)
(4.509999999999999 3.2520757909375e7)
(4.5200000000000005 3.25487317375e7)
(4.53 3.24574498e7)
(4.54 3.2486895034374997e7)
(4.55 3.2419169284375e7)
(4.560000000000001 3.2441254065625004e7)
(4.57 3.2361746799999997e7)
(4.579999999999999 3.2383833862499997e7)
(4.59 3.229843983125e7)
(4.6000000000000005 3.2332301565625e7)
(4.61 3.2248381221875e7)
(4.62 3.2283715503124993e7)
(4.63 3.2213044659375e7)
(4.64 3.2235129440624993e7)
(4.6499999999999995 3.2146789175e7)
(4.66 3.2186544518750004e7)
(4.670000000000001 3.2096731706250004e7)
(4.68 3.213059458125e7)
(4.69 3.2059926018750004e7)
(4.7 3.2086426159375e7)
(4.71 3.2012810221875e7)
(4.72 3.2042258878124997e7)
(4.73 3.1976003393749997e7)
(4.740000000000001 3.20010309875e7)
(4.75 3.1908277643749997e7)
(4.759999999999999 3.1955391159374997e7)
(4.7700000000000005 3.1868525721874997e7)
(4.78 3.1903858862499997e7)
(4.79 3.1825826425e7)
(4.8 3.18655794875e7)
(4.810000000000001 3.1784601956249997e7)
(4.82 3.1802269096875e7)
(4.829999999999999 3.1744851175000004e7)
(4.84 3.1777242643749997e7)
(4.8500000000000005 3.1693318878124997e7)
(4.86 3.1724236659374997e7)
(4.87 3.1650623003125e7)
(4.88 3.169479370625001e7)
(4.89 3.1602035800000004e7)
(4.8999999999999995 3.1638844909375e7)
(4.91 3.156081133125e7)
(4.920000000000001 3.1603508346875e7)
(4.93 3.1534310050000004e7)
(4.94 3.1550504643749997e7)
(4.95 3.149308558125e7)
(4.96 3.1513696674999997e7)
(4.97 3.14518611125e7)
(4.98 3.1484251440625e7)
(4.990000000000001 3.1416525690625e7)
(5. 3.1431248878124997e7)
(5.009999999999999 3.1375301221874997e7)
(5.0200000000000005 3.1391495815624997e7)
(5.03 3.1322295237499997e7)
(5.04 3.1367939628125004e7)
(5.05 3.1286963237499993e7)
(5.060000000000001 3.1320824971875e7)
(5.07 3.125457176875e7)
(5.079999999999999 3.1294322549999997e7)
(5.09 3.1216290112499993e7)
(5.1000000000000005 3.1256042034374997e7)
(5.11 3.1183899784375004e7)
(5.12 3.1220707753125e7)
(5.13 3.1154454550000004e7)
(5.14 3.1186844878124997e7)
(5.1499999999999995 3.1105869628125004e7)
(5.16 3.1144147862499997e7)
(5.170000000000001 3.1092614425e7)
(5.18 3.114120276875e7)
(5.19 3.1091144159374997e7)
(5.2 3.1114700346875e7)
(5.21 3.1049919690625004e7)
(5.22 3.1099977159374997e7)
(5.23 3.1023419550000004e7)
(5.240000000000001 3.1073477018749997e7)
(5.25 3.1020473315625004e7)
(5.259999999999999 3.1055809878125e7)
(5.2700000000000005 3.0980720253125004e7)
(5.28 3.1036669050000004e7)
(5.29 3.0951273878125e7)
(5.3 3.0996914846875004e7)
(5.310000000000001 3.0929189096875004e7)
(5.32 3.0974831206249993e7)
(5.329999999999999 3.089680105e7)
(5.34 3.0945385971874997e7)
(5.3500000000000005 3.0883548128125004e7)
(5.36 3.090710545625e7)
(5.37 3.0849684112500004e7)
(5.38 3.0889438315625e7)
(5.39 3.082024001875e7)
(5.3999999999999995 3.08599908e7)
(5.41 3.0784904596874993e7)
(5.420000000000001 3.0839379706249997e7)
(5.43 3.076134726875e7)
(5.44 3.080993447187501e7)
(5.45 3.0739262487499997e7)
(5.46 3.0753984534375004e7)
(5.47 3.0703927065624997e7)
(5.48 3.0774597909375004e7)
(5.490000000000001 3.0702454518749997e7)
(5.5 3.0745150393749997e7)
(5.509999999999999 3.0673009284375e7)
(5.5200000000000005 3.069803801875e7)
(5.53 3.06258934875e7)
(5.54 3.067153445625e7)
(5.55 3.0597921940625004e7)
(5.560000000000001 3.0643560628124993e7)
(5.57 3.05787811125e7)
(5.579999999999999 3.0627367175000004e7)
(5.59 3.0549333596874993e7)
(5.6000000000000005 3.0599393346874997e7)
(5.61 3.0544917096875e7)
(5.62 3.0596447112499993e7)
(5.63 3.051694326875e7)
(5.64 3.056552933125e7)
(5.6499999999999995 3.0491914534374997e7)
(5.66 3.0544918237500004e7)
(5.670000000000001 3.0466884659375e7)
(5.68 3.0513998174999993e7)
(5.69 3.043155037812501e7)
(5.7 3.0490441987499997e7)
(5.71 3.0405047956249997e7)
(5.72 3.0466884659374997e7)
(5.73 3.0377072987500004e7)
(5.740000000000001 3.044332733125e7)
(5.75 3.0369712534374997e7)
(5.759999999999999 3.0415353503124997e7)
(5.7700000000000005 3.03387936125e7)
(5.78 3.0394742409374997e7)
(5.79 3.0303457049999997e7)
(5.8 3.0344682659375004e7)
(5.810000000000001 3.0279902003124997e7)
(5.82 3.033879247187501e7)
(5.829999999999999 3.02754843625e7)
(5.84 3.0322597878125e7)
(5.8500000000000005 3.0235733581249997e7)
(5.86 3.0300511956249997e7)
(5.87 3.0200398159375e7)
(5.88 3.0266651362500004e7)
(5.890000000000001 3.0188617784374997e7)
(5.8999999999999995 3.02592874875e7)
(5.91 3.0169476956249997e7)
(5.920000000000001 3.0203340971875e7)
(5.93 3.0123835987499993e7)
(5.94 3.019892333125e7)
(5.95 3.0113530440624997e7)
(5.96 3.0162116503124997e7)
(5.97 3.0087028018750004e7)
(5.98 3.0153282362500004e7)
(5.990000000000001 3.0069360878125e7)
(6. 3.0117948081250004e7)
(6.009999999999999 3.003697055e7)
(6.0200000000000005 3.0113530440625004e7)
(6.03 3.0028136409375e7)
(6.04 3.0089971971875004e7)
(6.05 2.99928009875e7)
(6.060000000000001 3.0044331003124997e7)
(6.07 2.9961882065625004e7)
(6.079999999999999 3.00222473625e7)
(6.09 2.994126983125e7)
(6.1000000000000005 3.0006050487500004e7)
(6.11 2.9933907096875e7)
(6.12 2.9994272393749997e7)
(6.13 2.9901517909375e7)
(6.140000000000001 2.9973660159375e7)
(6.1499999999999995 2.9900044221874997e7)
(6.159999999999999 2.9948630284375e7)
(6.170000000000001 2.9888266128124997e7)
(6.18 2.9948630284374993e7)
(6.19 2.9866181346875004e7)
(6.2 2.994126983125e7)
(6.21 2.9852930706250004e7)
(6.22 2.992948945625e7)
(6.230000000000001 2.9839680065625004e7)
(6.240000000000001 2.99000453625e7)
(6.25 2.9827901971875004e7)
(6.259999999999999 2.99000453625e7)
(6.2700000000000005 2.9816121596875004e7)
(6.28 2.9872070393749997e7)
(6.29 2.9808761143749993e7)
(6.3 2.9873544081250004e7)
(6.310000000000001 2.97866763625e7)
(6.32 2.9855875799999997e7)
(6.329999999999999 2.9785203815625e7)
(6.340000000000001 2.9848514206249993e7)
(6.3500000000000005 2.9761648768749997e7)
(6.36 2.983820751875e7)
(6.37 2.975428603437501e7)
(6.38 2.9823484331250004e7)
(6.390000000000001 2.9751340940625e7)
(6.3999999999999995 2.9808762284374997e7)
(6.409999999999999 2.9733672659375e7)
(6.420000000000001 2.9792566549999997e7)
(6.43 2.97233671125e7)
(6.44 2.9774897128124997e7)
(6.45 2.9720422018750004e7)
(6.46 2.9757231128125004e7)
(6.47 2.970717251875e7)
(6.480000000000001 2.9754287174999993e7)
(6.490000000000001 2.9686560284375e7)
(6.5 2.9743979346875004e7)
(6.509999999999999 2.9676252456249997e7)
(6.5200000000000005 2.9724840800000004e7)
(6.53 2.9663001815624997e7)
(6.54 2.970569883125e7)
(6.55 2.964386326875001e7)
(6.560000000000001 2.968361405e7)
(6.57 2.9617359706250004e7)
(6.579999999999999 2.9679197550000004e7)
(6.590000000000001 2.9605583893750004e7)
(6.6000000000000005 2.9663001815624997e7)
(6.61 2.9584969378125e7)
(6.62 2.9642390721875004e7)
(6.63 2.9567303378125e7)
(6.640000000000001 2.9630611487499993e7)
(6.6499999999999995 2.9556997831250004e7)
(6.659999999999999 2.96114718e7)
(6.670000000000001 2.9536384456249997e7)
(6.68 2.959822001875e7)
(6.69 2.9524605221875e7)
(6.7 2.9579081471875e7)
(6.71 2.9493687440625e7)
(6.72 2.9565829690625e7)
(6.730000000000001 2.9493686300000004e7)
(6.740000000000001 2.954374605e7)
(6.75 2.9470130112500004e7)
(6.759999999999999 2.94995764875e7)
(6.7700000000000005 2.9462768518750004e7)
(6.78 2.9512827128125e7)
(6.79 2.9443627690625e7)
(6.8 2.9498103940624997e7)
(6.810000000000001 2.9420071503125e7)
(6.82 2.9480434518749997e7)
(6.829999999999999 2.9408293409374997e7)
(6.840000000000001 2.946276737812501e7)
(6.8500000000000005 2.9405348315624997e7)
(6.86 2.9436266096874997e7)
(6.87 2.9375901940625e7)
(6.88 2.9433322143749997e7)
(6.890000000000001 2.93655941125e7)
(6.8999999999999995 2.9417125268749997e7)
(6.909999999999999 2.93670678e7)
(6.920000000000001 2.939945926875e7)
(6.93 2.933615001875001e7)
(6.94 2.93714843e7)
(6.95 2.931995314375e7)
(6.96 2.9381792128124997e7)
(6.97 2.9297870643749997e7)
(6.980000000000001 2.9350872065625e7)
(6.990000000000001 2.9299342049999997e7)
(7. 2.9342037925000004e7)
(7.009999999999999 2.9283145174999993e7)
(7.0200000000000005 2.9334677471874997e7)
(7.03 2.9278729815624997e7)
(7.04 2.931701033125e7)
(7.05 2.9256645034375e7)
(7.060000000000001 2.930817505e7)
(7.07 2.9244864659374997e7)
(7.079999999999999 2.9287563956249997e7)
(7.090000000000001 2.9221309612499993e7)
(7.1000000000000005 2.9277257268749997e7)
(7.11 2.921394801875e7)
(7.12 2.9258115300000004e7)
(7.13 2.9177140049999997e7)
(7.140000000000001 2.9250755987500004e7)
(7.1499999999999995 2.9185971909374997e7)
(7.159999999999999 2.9240448159375e7)
(7.170000000000001 2.9175669784374997e7)
(7.18 2.9228671206249993e7)
(7.19 2.9144749721875e7)
(7.2 2.9211002925e7)
(7.21 2.9149166221875e7)
(7.22 2.9200695096874997e7)
(7.230000000000001 2.9131499081249997e7)
(7.240000000000001 2.919039183125e7)
(7.25 2.91182473e7)
(7.259999999999999 2.916094545625e7)
(7.2700000000000005 2.908585583125e7)
(7.28 2.913885839375e7)
(7.29 2.90652447375e7)
(7.3 2.91182473e7)
(7.310000000000001 2.9022546581249997e7)
(7.32 2.9082913018749997e7)
(7.329999999999999 2.9024019128124997e7)
(7.340000000000001 2.9078495378124997e7)
(7.3500000000000005 2.9010767346875e7)
(7.36 2.9062298503125e7)
(7.37 2.8998990393749997e7)
(7.38 2.9043161096875e7)
(7.390000000000001 2.8990156253124993e7)
(7.3999999999999995 2.9043158815624997e7)
(7.409999999999999 2.8985740893749993e7)
(7.420000000000001 2.9032853268750004e7)
(7.43 2.8960709878125e7)
(7.44 2.902549167500001e7)
(7.45 2.8950404331249997e7)
(7.46 2.8996045299999997e7)
(7.47 2.8940097643749997e7)
(7.480000000000001 2.899457389375e7)
(7.490000000000001 2.8913596362500004e7)
(7.5 2.895482083125e7)
(7.509999999999999 2.8910652409375e7)
(7.5200000000000005 2.8972489112500004e7)
(7.53 2.8892984128124997e7)
(7.54 2.892537445625e7)
(7.55 2.886795539375e7)
(7.560000000000001 2.8941571331250004e7)
(7.57 2.88797334875e7)
(7.579999999999999 2.8922430503125e7)
(7.590000000000001 2.8850285971875e7)
(7.6000000000000005 2.8909178721875e7)
(7.61 2.884292551875e7)
(7.62 2.8892982987499993e7)
(7.63 2.8822313284375004e7)
(7.640000000000001 2.88635366125e7)
(7.6499999999999995 2.8804646143750004e7)
(7.659999999999999 2.8867954253125e7)
(7.670000000000001 2.8794340596874997e7)
(7.680000000000001 2.8829674878125004e7)
(7.69 2.8782561362500004e7)
(7.7 2.882231214375e7)
(7.71 2.8767837034375004e7)
(7.72 2.8809061503124997e7)
(7.730000000000001 2.8751640159374997e7)
(7.740000000000001 2.8812006596875004e7)
(7.75 2.8736919253125004e7)
(7.76 2.8781088815624997e7)
(7.769999999999998 2.8722197206250004e7)
(7.779999999999999 2.877961626875e7)
(7.790000000000001 2.8703056378125004e7)
(7.799999999999999 2.8751642440624993e7)
(7.8100000000000005 2.8695694784375004e7)
(7.82 2.8726612565625e7)
(7.83 2.8691278284375e7)
(7.840000000000002 2.8725140018750004e7)
(7.85 2.86647758625e7)
(7.859999999999999 2.8704526643750004e7)
(7.870000000000003 2.8660358221875e7)
(7.880000000000001 2.8698639878124997e7)
(7.890000000000001 2.8652997768749997e7)
(7.9 2.8685389237499997e7)
(7.909999999999998 2.8630912987499997e7)
(7.92 2.8661831909375e7)
(7.93 2.8605884253124997e7)
(7.9399999999999995 2.86603593625e7)
(7.950000000000001 2.860735451875e7)
(7.960000000000001 2.8639745987500004e7)
(7.970000000000001 2.85926336125e7)
(7.980000000000002 2.862355139375e7)
(7.99 2.8595576425e7)
(8. 2.8614717253124997e7)
(8.01 2.8579381831250004e7)
(8.019999999999998 2.860293801875e7)
(8.03 2.8561714690625e7)
(8.040000000000001 2.8601467753125e7)
(8.049999999999999 2.8552879409374997e7)
(8.06 2.8574964190624997e7)
(8.07 2.8536684815625e7)
(8.08 2.8566130049999997e7)
(8.090000000000002 2.8536684815625e7)
(8.1 2.8564657503124997e7)
(8.11 2.8517543987499997e7)
(8.120000000000003 2.8563187237499997e7)
(8.13 2.8505765893749997e7)
(8.14 2.8538157362499997e7)
(8.15 2.8496930612499997e7)
(8.159999999999998 2.8526379268749997e7)
(8.17 2.8485153659374997e7)
(8.18 2.851607258125e7)
(8.19 2.8476319518750004e7)
(8.200000000000001 2.8510183534375004e7)
(8.21 2.8480737159375004e7)
(8.22 2.8495460346874997e7)
(8.230000000000002 2.845276333125e7)
(8.24 2.8496931753125e7)
(8.25 2.8454233596875004e7)
(8.26 2.8479263471875e7)
(8.269999999999998 2.8436568737500004e7)
(8.28 2.8458653518749997e7)
(8.290000000000001 2.8432151096874997e7)
(8.299999999999999 2.8454235878125e7)
(8.31 2.8426260909375e7)
(8.32 2.8443929190624997e7)
(8.33 2.8414481674999997e7)
(8.340000000000002 2.8432151096875004e7)
(8.35 2.8402704721874997e7)
(8.36 2.841742676875e7)
(8.370000000000003 2.8398288221875e7)
(8.38 2.8408592628125e7)
(8.39 2.8401231034374997e7)
(8.4 2.8405649815625e7)
(8.409999999999998 2.8385036440625e7)
(8.42 2.8393871721874993e7)
(8.43 2.8355588924999997e7)
(8.44 2.8376203440624993e7)
(8.450000000000001 2.8349702159374997e7)
(8.46 2.8379146253124997e7)
(8.47 2.833497897187501e7)
(8.480000000000002 2.836884070625e7)
(8.49 2.834086801875e7)
(8.5 2.8361477971874997e7)
(8.51 2.8312894190625004e7)
(8.519999999999998 2.8354117518750004e7)
(8.53 2.831731183125e7)
(8.540000000000001 2.8360006565625004e7)
(8.549999999999999 2.8304060049999997e7)
(8.56 2.8330560190625e7)
(8.57 2.830111495625e7)
(8.58 2.8333506424999997e7)
(8.590000000000002 2.830111495625e7)
(8.6 2.8312893049999997e7)
(8.61 2.8284918081249993e7)
(8.620000000000003 2.8301116096874997e7)
(8.63 2.8276086221874997e7)
(8.64 2.8289335721875e7)
(8.65 2.8265780675e7)
(8.659999999999998 2.8279031315625e7)
(8.67 2.8265779534375004e7)
(8.68 2.8280502721875004e7)
(8.69 2.82540003e7)
(8.700000000000001 2.8259890487499997e7)
(8.71 2.8251056346875e7)
(8.72 2.826725208125e7)
(8.730000000000002 2.824222220625e7)
(8.74 2.8277557628125e7)
(8.75 2.8242222206249997e7)
(8.76 2.8236333159374997e7)
(8.769999999999998 2.8220137424999997e7)
(8.78 2.8237804565625e7)
(8.790000000000001 2.8214248378125004e7)
(8.799999999999999 2.8240750799999997e7)
(8.81 2.8200997737499997e7)
(8.82 2.82304441125e7)
(8.83 2.8192164737499997e7)
(8.840000000000002 2.8202470284375004e7)
(8.85 2.8199526331250004e7)
(8.86 2.820983187812501e7)
(8.870000000000003 2.8173023909374997e7)
(8.88 2.819069105e7)
(8.89 2.8175969003125e7)
(8.9 2.8199525190625e7)
(8.909999999999998 2.817449645625e7)
(8.92 2.8192163596874997e7)
(8.93 2.816418976875e7)
(8.94 2.8177441550000004e7)
(8.950000000000001 2.8143577534375004e7)
(8.96 2.8168606268750004e7)
(8.97 2.8156828174999997e7)
(8.980000000000002 2.8156829315625004e7)
(8.99 2.813032575312501e7)
(9. 2.81421049875e7)
(9.01 2.8117076253125004e7)
(9.019999999999998 2.81421049875e7)
(9.03 2.8114131159375e7)
(9.040000000000001 2.8131799440625004e7)
(9.049999999999999 2.8105298159375004e7)
(9.06 2.8122964159375e7)
(9.07 2.8103824471875004e7)
(9.08 2.8127381799999997e7)
(9.090000000000002 2.8092046378125004e7)
(9.1 2.8122964159374997e7)
(9.11 2.80743792375e7)
(9.120000000000003 2.8111184924999997e7)
(9.13 2.8074378096875e7)
(9.14 2.8114131159374997e7)
(9.15 2.8059654909374997e7)
(9.159999999999998 2.8080269425e7)
(9.17 2.8068490190625e7)
(9.18 2.8093518925000004e7)
(9.19 2.8055239550000004e7)
(9.200000000000001 2.8075851784374993e7)
(9.21 2.805229445625001e7)
(9.22 2.8068490190625004e7)
(9.230000000000002 2.8047877956249997e7)
(9.24 2.8065543956249997e7)
(9.25 2.8033154768749997e7)
(9.26 2.8055238409374993e7)
(9.269999999999998 2.8039042675e7)
(9.28 2.8031682221874997e7)
(9.290000000000001 2.799928961250001e7)
(9.299999999999999 2.8002235846875004e7)
(9.31 2.7984567565625e7)
(9.32 2.7984568706249997e7)
(9.33 2.798456870625e7)
(9.340000000000002 2.7975734565625e7)
(9.35 2.7953649784375e7)
(9.36 2.7978678518749993e7)
(9.370000000000003 2.79521772375e7)
(9.38 2.7962483924999997e7)
(9.39 2.7943344237499997e7)
(9.4 2.7963956471875e7)
(9.409999999999998 2.795217951875e7)
(9.42 2.7946288190624997e7)
(9.43 2.7980151065624997e7)
(9.44 2.819805264375e7)
(9.450000000000001 2.8435093909375e7)
(9.46 2.88296737375e7)
(9.47 2.9131497940625004e7)
(9.480000000000002 2.9349400659375e7)
(9.49 2.934056651875e7)
(9.5 2.9249283440625e7)
(9.51 2.9013712440625e7)
(9.519999999999998 2.8837035331250004e7)
(9.53 2.8623550253125e7)
(9.540000000000001 2.8486627346875e7)
(9.549999999999999 2.83614791125e7)
(9.56 2.8311421643749997e7)
(9.57 2.8295225909374997e7)
(9.58 2.829964240937501e7)
(9.590000000000002 2.831731183125e7)
(9.6 2.8352644971875e7)
(9.61 2.8334978971875e7)
(9.620000000000003 2.8365896753125e7)
(9.63 2.8360007706249997e7)
(9.64 2.8371785800000004e7)
(9.65 2.8371785799999997e7)
(9.659999999999998 2.8374730893749997e7)
(9.67 2.8368839565625e7)
(9.68 2.8373259487499997e7)
(9.69 2.8332032737500004e7)
(9.700000000000001 2.8352644971875e7)
(9.71 2.8305532596875004e7)
(9.72 2.8326144831249993e7)
(9.730000000000002 2.8273139987499993e7)
(9.74 2.827608508125e7)
(9.75 2.8220139706249997e7)
(9.76 2.8205415378124997e7)
(9.769999999999998 2.8120021346875e7)
(9.78 2.81421049875e7)
(9.790000000000001 2.8125910393750004e7)
(9.799999999999999 2.8180385503124997e7)
(9.81 2.8233389206249997e7)
(9.82 2.8395343128125e7)
(9.83 2.8554351956249997e7)
(9.840000000000002 2.8812008878125e7)
(9.85 2.9010768487499997e7)
(9.86 2.9194807190625004e7)
(9.870000000000003 2.9091747159375e7)
(9.88 2.8585270878124997e7)
(9.89 2.5826160596875e7)
(9.9 1.9225791456250004e7)
(9.909999999999998 1.189368058125e7)
(9.92 8.50442289375e6)
(9.93 4.778002159375e6)
(9.94 964717.128125)
(9.950000000000001 100000.)
(9.96 100000.)
(9.97 100000.)
(9.980000000000002 100000.)
(9.99 100000.)
(10. 100000.)
(10.01 100000.)
(10.019999999999998 100000.)
(10.03 100000.)
(10.040000000000001 100000.)
(10.049999999999999 100000.)
(10.06 100000.)
(10.07 100000.)
(10.08 100000.)
(10.090000000000002 100000.)
(10.1 100000.)
(10.11 100000.)
(10.120000000000003 100000.)
(10.13 100000.)
(10.14 100000.)
(10.15 100000.)
(10.159999999999998 100000.)
(10.17 100000.)
(10.18 100000.)
(10.19 100000.)
(10.200000000000001 100000.)
(10.21 100000.)
(10.22 100000.)
(10.230000000000002 100000.)
(10.24 100000.)
(10.25 100000.)
(10.26 100000.)
(10.269999999999998 100000.)
(10.28 100000.)
(10.290000000000001 100000.)
(10.299999999999999 100000.)
(10.31 100000.)
(10.32 100000.)
(10.33 100000.)
(10.340000000000002 100000.)
(10.35 100000.)
(10.36 100000.)
(10.370000000000003 100000.)
(10.38 100000.)
(10.39 100000.)
(10.4 100000.)
(10.409999999999998 100000.)
(10.42 100000.)
(10.43 100000.)
(10.44 100000.)
(10.450000000000001 100000.)
(10.46 100000.)
(10.47 100000.)
(10.480000000000002 100000.)
(10.49 100000.)
(10.5 100000.)
(10.51 100000.)
(10.519999999999998 100000.)
(10.53 100000.)
(10.540000000000001 100000.)
(10.549999999999999 100000.)
(10.56 100000.)
(10.57 100000.)
(10.58 100000.)
(10.590000000000002 100000.)
(10.6 100000.)
(10.61 100000.)
(10.620000000000003 100000.)
(10.63 100000.)
(10.64 100000.)
(10.65 100000.)
(10.659999999999998 100000.)
(10.67 100000.)
(10.68 100000.)
(10.69 100000.)
(10.700000000000001 100000.)
(10.71 100000.)
(10.72 100000.)
(10.730000000000002 100000.)
(10.74 100000.)
(10.75 100000.))