((0. 171966.00875000004)
(0.010000000000000009 438454.79000000004)
(0.020000000000000018 722609.57125)
(0.030000000000000027 1.087744165e6)
(0.03999999999999998 1.648694415e6)
(0.04999999999999999 2.3421522118749996e6)
(0.06 3.2402620868750005e6)
(0.07 4.03678219625e6)
(0.08000000000000002 5.289717696249999e6)
(0.09000000000000002 6.391005961875e6)
(0.10000000000000003 7.29647857125e6)
(0.10999999999999993 8.506718196250001e6)
(0.12000000000000005 1.0289686165e7)
(0.12999999999999995 1.221988600875e7)
(0.14000000000000007 1.7688049102500003e7)
(0.14999999999999997 2.4644717555625003e7)
(0.1600000000000001 2.9307527540000007e7)
(0.16999999999999998 3.2028358446250003e7)
(0.18 3.3407912446249995e7)
(0.19 3.405720296187501e7)
(0.2 3.4482701711875e7)
(0.21000000000000002 3.465201608687501e7)
(0.22000000000000003 3.467851736812501e7)
(0.22999999999999998 3.466379418062501e7)
(0.24000000000000005 3.461815321187501e7)
(0.25 3.4562204415e7)
(0.2599999999999999 3.4476811524375e7)
(0.27 3.441497368062501e7)
(0.28000000000000014 3.4310439961875e7)
(0.29000000000000004 3.417056968062501e7)
(0.29999999999999993 3.397475516500001e7)
(0.31000000000000005 3.3796604368125e7)
(0.3200000000000002 3.358164560250001e7)
(0.32999999999999996 3.335049338375e7)
(0.33999999999999997 3.3038363633750003e7)
(0.35 3.271592719625e7)
(0.36 3.2366988336875003e7)
(0.37 3.1960632696250003e7)
(0.38 3.1523355852500007e7)
(0.39 3.113319252437501e7)
(0.4 3.0695917961875007e7)
(0.41000000000000003 3.0266002711875e7)
(0.42000000000000004 2.9890562571250003e7)
(0.43000000000000005 2.948126069625e7)
(0.44000000000000006 2.8995398930625003e7)
(0.45000000000000007 2.8597872868124995e7)
(0.45999999999999996 2.8243046102500003e7)
(0.46999999999999986 2.781607594625e7)
(0.48 2.7403830118125003e7)
(0.4900000000000001 2.7053418711874995e7)
(0.5 2.659258682125e7)
(0.5099999999999999 2.6174448524375007e7)
(0.52 2.5863791321250003e7)
(0.5300000000000001 2.5466267539999995e7)
(0.54 2.5109969368125e7)
(0.5499999999999999 2.4713916993125003e7)
(0.5600000000000002 2.4382647555625003e7)
(0.5700000000000002 2.4017514102500003e7)
(0.5800000000000001 2.3696551352500003e7)
(0.59 2.3356447774375003e7)
(0.6 2.298984063375e7)
(0.61 2.2635013868125003e7)
(0.62 2.2358219540000003e7)
(0.63 2.202989519625e7)
(0.64 2.17192368525e7)
(0.65 2.1379132133750003e7)
(0.66 2.1050806649375003e7)
(0.67 2.0763706774375003e7)
(0.68 2.0466300211875007e7)
(0.6900000000000001 2.0176254102499995e7)
(0.7000000000000001 1.9896514680625e7)
(0.71 1.96153038525e7)
(0.7199999999999999 1.93458699775e7)
(0.7300000000000001 1.9069077930625e7)
(0.7400000000000001 1.8824673930625e7)
(0.75 1.8519904633750003e7)
(0.76 1.8294641461875e7)
(0.7699999999999998 1.8020791086875e7)
(0.78 1.7805833461875e7)
(0.79 1.7577626336875003e7)
(0.8 1.7347945524375003e7)
(0.8100000000000003 1.7085873243125e7)
(0.8200000000000001 1.68944752275e7)
(0.8300000000000001 1.6682460415000005e7)
(0.8400000000000001 1.6476338071250005e7)
(0.8499999999999999 1.6231934071250003e7)
(0.8600000000000001 1.6084701055625001e7)
(0.8700000000000001 1.5891829352500001e7)
(0.8800000000000001 1.5697483961875e7)
(0.8900000000000003 1.5556143415000001e7)
(0.9000000000000001 1.5363270571250001e7)
(0.9099999999999999 1.5191009961875003e7)
(0.9199999999999999 1.50437792275e7)
(0.9299999999999999 1.4898019899375001e7)
(0.9399999999999997 1.4744898977500001e7)
(0.95 1.4607973790000003e7)
(0.96 1.4465160696250003e7)
(0.97 1.4329706915000001e7)
(0.9800000000000002 1.4207504915000003e7)
(0.99 1.4085304055625003e7)
(1. 1.3951323961875e7)
(1.01 1.387034757125e7)
(1.0199999999999998 1.377170175875e7)
(1.03 1.3658336180625e7)
(1.04 1.3578830055625e7)
(1.05 1.3484600743125001e7)
(1.0600000000000003 1.3403623211875e7)
(1.07 1.3337371149375001e7)
(1.08 1.3256393618125e7)
(1.09 1.3193083227500001e7)
(1.0999999999999999 1.3135665305625e7)
(1.11 1.3064992180625e7)
(1.12 1.3004626883750001e7)
(1.1300000000000001 1.2950151774375e7)
(1.1400000000000003 1.290892844625e7)
(1.1500000000000001 1.28515071025e7)
(1.16 1.2816171680625001e7)
(1.17 1.2760225164999997e7)
(1.18 1.2730777649375001e7)
(1.1899999999999997 1.26866092275e7)
(1.2 1.2642438524375e7)
(1.21 1.2611521883750001e7)
(1.22 1.2574712774374997e7)
(1.2300000000000002 1.2533488305625e7)
(1.24 1.2506987024374997e7)
(1.25 1.2479013196250001e7)
(1.26 1.2443677774375001e7)
(1.2699999999999998 1.2403926993125e7)
(1.28 1.2374479477499997e7)
(1.29 1.2355339789999997e7)
(1.3 1.2333255008750001e7)
(1.3100000000000003 1.230086354e7)
(1.32 1.226994575875e7)
(1.33 1.2241971930625e7)
(1.34 1.2224303649375e7)
(1.3499999999999999 1.2202217727500001e7)
(1.36 1.2180134086875001e7)
(1.3700000000000003 1.2159520711875001e7)
(1.3800000000000001 1.2130075477500001e7)
(1.3900000000000003 1.2107990696250001e7)
(1.4000000000000001 1.209326750875e7)
(1.4100000000000001 1.2066763946250001e7)
(1.42 1.20623497275e7)
(1.43 1.2016707618125e7)
(1.4399999999999997 1.2004929524375e7)
(1.45 1.1982844743125e7)
(1.4600000000000002 1.1972536915e7)
(1.47 1.1946036774374997e7)
(1.4800000000000002 1.1922479446249997e7)
(1.49 1.1885671477500001e7)
(1.5 1.1881253836875e7)
(1.51 1.1856226243125e7)
(1.5199999999999998 1.1840029368125001e7)
(1.53 1.181647432125e7)
(1.5399999999999998 1.1804695086875e7)
(1.55 1.1788499352500003e7)
(1.5600000000000003 1.1772303618125e7)
(1.57 1.1761998071250001e7)
(1.58 1.1739913290000003e7)
(1.59 1.1711939461875001e7)
(1.5999999999999999 1.1706050415000001e7)
(1.61 1.1700161368125001e7)
(1.6200000000000003 1.1681020540000001e7)
(1.6300000000000001 1.166335225875e7)
(1.6400000000000003 1.1667768758750001e7)
(1.6500000000000001 1.1663353399375e7)
(1.6600000000000001 1.166040944625e7)
(1.67 1.1635379571250001e7)
(1.68 1.1642741165e7)
(1.6899999999999997 1.1622127790000003e7)
(1.7 1.1620655243125e7)
(1.7100000000000002 1.161329479e7)
(1.72 1.1611822243125e7)
(1.7300000000000002 1.1597097915e7)
(1.74 1.1597099055624997e7)
(1.75 1.1576486821250001e7)
(1.7600000000000002 1.1588264914999997e7)
(1.77 1.1575014274375001e7)
(1.7800000000000007 1.1588264915e7)
(1.7899999999999996 1.1557344852500001e7)
(1.8000000000000003 1.1545567899375e7)
(1.81 1.1547041586875e7)
(1.8199999999999998 1.1544095352500001e7)
(1.83 1.1544096493125e7)
(1.8399999999999999 1.1533788664999997e7)
(1.85 1.1533788665000001e7)
(1.8599999999999999 1.1514647836875e7)
(1.8700000000000006 1.1507287383750001e7)
(1.8799999999999994 1.151170388375e7)
(1.8900000000000001 1.1504343430625e7)
(1.9 1.149109050875e7)
(1.9100000000000001 1.1480784961875e7)
(1.92 1.1477841008749997e7)
(1.9300000000000002 1.1467536602500001e7)
(1.94 1.145870132125e7)
(1.9499999999999997 1.1454284821250001e7)
(1.9600000000000004 1.14469232275e7)
(1.9700000000000002 1.1439561633749997e7)
(1.98 1.1430727493125e7)
(1.9900000000000002 1.14218933525e7)
(2. 1.1411586665000001e7)
(2.0100000000000002 1.1405698758750001e7)
(2.02 1.1395392071250001e7)
(2.0300000000000007 1.1379197477500001e7)
(2.0399999999999996 1.13630006025e7)
(2.0500000000000003 1.1365944555625e7)
(2.06 1.1364474290000001e7)
(2.07 1.1337970727500001e7)
(2.08 1.1335029055625001e7)
(2.09 1.13203047275e7)
(2.1 1.1298218805625e7)
(2.11 1.1296746258750001e7)
(2.1200000000000006 1.1283496758749997e7)
(2.1299999999999994 1.126877357125e7)
(2.14 1.1262883383749997e7)
(2.15 1.1255521790000001e7)
(2.16 1.12231326025e7)
(2.17 1.1206935727500001e7)
(2.18 1.1201047821250001e7)
(2.19 1.1181906993125e7)
(2.1999999999999997 1.1170128899375e7)
(2.2100000000000004 1.1158350805625e7)
(2.22 1.1140682524375e7)
(2.23 1.11053471025e7)
(2.24 1.1102403149375001e7)
(2.25 1.1090623915000001e7)
(2.2600000000000002 1.1065595180625001e7)
(2.27 1.1039092758750001e7)
(2.2800000000000007 1.1028786071249997e7)
(2.2899999999999996 1.1005231024375e7)
(2.3000000000000003 1.0989034149375001e7)
(2.31 1.0977256055625001e7)
(2.32 1.095958663375e7)
(2.33 1.0930142540000001e7)
(2.34 1.0928669993125001e7)
(2.35 1.0893335711875003e7)
(2.36 1.0877138836875e7)
(2.3700000000000006 1.0850635274375e7)
(2.3799999999999994 1.0838859461874997e7)
(2.39 1.0803522899375001e7)
(2.4 1.079910754e7)
(2.41 1.0766714930624997e7)
(2.42 1.0753465430625e7)
(2.43 1.0732852055625e7)
(2.44 1.0719601415e7)
(2.4499999999999997 1.0693098993125e7)
(2.4600000000000004 1.065923725875e7)
(2.47 1.0638625024375001e7)
(2.48 1.0616540243125e7)
(2.49 1.0598873102500001e7)
(2.5 1.0560591446250001e7)
(2.5100000000000002 1.0545868258750001e7)
(2.52 1.0519368118125e7)
(2.5300000000000007 1.0485502961875001e7)
(2.5399999999999996 1.0461947915e7)
(2.5500000000000003 1.0432500399375e7)
(2.56 1.0413360711875e7)
(2.57 1.0395692430625e7)
(2.58 1.03677186025e7)
(2.59 1.0320605086875001e7)
(2.6 1.0301465399375e7)
(2.61 1.02617134775e7)
(2.6200000000000006 1.025435188375e7)
(2.6299999999999994 1.02160702275e7)
(2.64 1.0188096399375e7)
(2.65 1.015423238375e7)
(2.66 1.0138038930625e7)
(2.67 1.0083562680625e7)
(2.68 1.0076201086875001e7)
(2.69 1.0036448024375e7)
(2.6999999999999997 1.0008475336875001e7)
(2.7100000000000004 9.956944180625001e6)
(2.72 9.948110039999997e6)
(2.73 9.900995383750001e6)
(2.74 9.883329383750001e6)
(2.75 9.837687274375e6)
(2.7600000000000002 9.805298086875001e6)
(2.77 9.758182290000001e6)
(2.7800000000000007 9.747876743124997e6)
(2.7899999999999996 9.694873039999997e6)
(2.8000000000000003 9.66689807125e6)
(2.81 9.63156379e6)
(2.8200000000000003 9.618313149375001e6)
(2.83 9.552059946249997e6)
(2.84 9.547641165e6)
(2.85 9.479915415000001e6)
(2.86 9.4651922275e6)
(2.8700000000000006 9.41955125875e6)
(2.8799999999999994 9.388630055625e6)
(2.89 9.323850540000003e6)
(2.9 9.323850540000003e6)
(2.91 9.253179696250001e6)
(2.92 9.245816961875e6)
(2.93 9.170729618125e6)
(2.94 9.176619805625001e6)
(2.9499999999999997 9.08386304e6)
(2.9600000000000004 9.08680813375e6)
(2.97 9.016137289999997e6)
(2.98 8.999942696250001e6)
(2.9900000000000007 8.927799305625e6)
(3. 8.927799305625e6)
(3.0100000000000002 8.843877821250001e6)
(3.02 8.84682063375e6)
(3.0300000000000007 8.7481771025e6)
(3.0399999999999996 8.754065008750001e6)
(3.0500000000000003 8.678977665e6)
(3.06 8.677506258750003e6)
(3.0700000000000003 8.606835415e6)
(3.0799999999999996 8.586223180625e6)
(3.09 8.505245649375001e6)
(3.1 8.5081896025e6)
(3.11 8.443408946250001e6)
(3.1200000000000006 8.421324165e6)
(3.1299999999999994 8.330041086874999e6)
(3.14 8.322679493124997e6)
(3.15 8.241700821250001e6)
(3.16 8.246119602500002e6)
(3.1700000000000004 8.159251883750001e6)
(3.18 8.154835383750001e6)
(3.19 8.073857852500002e6)
(3.1999999999999997 8.060608352500001e6)
(3.2100000000000004 7.975213180625e6)
(3.22 7.969325274375e6)
(3.23 7.8839301025e6)
(3.2400000000000007 7.863317868125e6)
(3.25 7.800009758749999e6)
(3.2600000000000002 7.786759118124999e6)
(3.27 7.696947446249999e6)
(3.2800000000000007 7.6895858525e6)
(3.2899999999999996 7.617441321249999e6)
(3.3000000000000003 7.604191821249998e6)
(3.31 7.527631930625e6)
(3.3200000000000003 7.507018555625001e6)
(3.3299999999999996 7.421625664999999e6)
(3.34 7.402484836875001e6)
(3.35 7.34211954e6)
(3.36 7.32739863375e6)
(3.3700000000000006 7.239058368125e6)
(3.3799999999999994 7.227280274374999e6)
(3.39 7.158081977499999e6)
(3.4 7.1418851025e6)
(3.41 7.069741711874999e6)
(3.4200000000000004 7.063852665000001e6)
(3.43 6.976988368124998e6)
(3.44 6.974040993125e6)
(3.4499999999999997 6.898953649375001e6)
(3.4600000000000004 6.881286508749999e6)
(3.47 6.806199165e6)
(3.48 6.7914759775e6)
(3.4900000000000007 6.710499586875e6)
(3.5 6.70608194625e6)
(3.5100000000000002 6.61774282125e6)
(3.52 6.611853774375e6)
(3.5300000000000007 6.539709243125e6)
(3.5399999999999996 6.539709243125e6)
(3.5500000000000003 6.439594305624999e6)
(3.56 6.441066852499999e6)
(3.5700000000000003 6.371866274375e6)
(3.5799999999999996 6.363033274375e6)
(3.59 6.287944790000001e6)
(3.6 6.283527149375e6)
(3.61 6.201078211875e6)
(3.6200000000000006 6.196661711875e6)
(3.6299999999999994 6.115685321249999e6)
(3.64 6.13629869625e6)
(3.65 6.034707790000001e6)
(3.66 6.033235243125e6)
(3.6700000000000004 5.962563258750001e6)
(3.68 5.959619305625e6)
(3.69 5.888949602499999e6)
(3.6999999999999997 5.888949602499999e6)
(3.7100000000000004 5.831529399375e6)
(3.72 5.813859977500001e6)
(3.73 5.756440915e6)
(3.7400000000000007 5.728467086875001e6)
(3.75 5.665157836875001e6)
(3.759999999999999 5.65632369625e6)
(3.7700000000000005 5.588597946249999e6)
(3.7800000000000002 5.582708899375e6)
(3.79 5.514983149375e6)
(3.8 5.51498200875e6)
(3.8100000000000014 5.444310024375e6)
(3.8200000000000003 5.451670477499999e6)
(3.829999999999999 5.3662787275e6)
(3.84 5.381001915000001e6)
(3.8500000000000005 5.307384836875e6)
(3.8600000000000003 5.31327388375e6)
(3.87 5.2440767275e6)
(3.88 5.2440767275e6)
(3.8899999999999997 5.174878430625e6)
(3.8999999999999995 5.17487957125e6)
(3.91 5.1130417275e6)
(3.920000000000001 5.118930774375e6)
(3.9299999999999997 5.039424649375001e6)
(3.9400000000000004 5.048258789999999e6)
(3.95 4.974643993124999e6)
(3.96 4.979061633750001e6)
(3.9699999999999998 4.901029196250002e6)
(3.9800000000000004 4.915752383750001e6)
(3.990000000000001 4.846554086875e6)
(4. 4.853913399375e6)
(4.009999999999999 4.78324369625e6)
(4.0200000000000005 4.79502179e6)
(4.03 4.740546680624999e6)
(4.04 4.737601586875001e6)
(4.05 4.672820930625e6)
(4.060000000000001 4.67576488375e6)
(4.07 4.627179961875e6)
(4.079999999999999 4.606564305625e6)
(4.09 4.549145243125e6)
(4.1000000000000005 4.5653409775e6)
(4.11 4.516754915e6)
(4.12 4.512337274375e6)
(4.13 4.446085211874999e6)
(4.14 4.453446805624999e6)
(4.1499999999999995 4.401913368125e6)
(4.16 4.397499149375e6)
(4.170000000000001 4.335661305625001e6)
(4.18 4.3459668525e6)
(4.19 4.281185055625e6)
(4.2 4.285602696250001e6)
(4.21 4.2281813525e6)
(4.22 4.24584963375e6)
(4.23 4.1766524774999996e6)
(4.240000000000001 4.19284707125e6)
(4.25 4.1295389618749996e6)
(4.259999999999999 4.142788461875001e6)
(4.2700000000000005 4.0706450712500005e6)
(4.28 4.1089244462500005e6)
(4.29 4.044142649375e6)
(4.3 4.045614055625e6)
(4.310000000000001 3.9778894462500005e6)
(4.32 3.9896686806250005e6)
(4.329999999999999 3.9322461962500005e6)
(4.34 3.9513870243749996e6)
(4.3500000000000005 3.8954405087499996e6)
(4.36 3.883658993125e6)
(4.37 3.85421604e6)
(4.38 3.8556863056250005e6)
(4.39 3.810045336875e6)
(4.3999999999999995 3.8218268524999996e6)
(4.41 3.7629318212500005e6)
(4.420000000000001 3.765876915e6)
(4.43 3.709928118125e6)
(4.44 3.7275963993750005e6)
(4.45 3.676065243125e6)
(4.46 3.690788430625e6)
(4.47 3.6260077743749996e6)
(4.48 3.6525090556250005e6)
(4.490000000000001 3.5891998056250005e6)
(4.5 3.6127559931249996e6)
(4.509999999999999 3.5538643837499996e6)
(4.5200000000000005 3.5700589775e6)
(4.53 3.5052783212499996e6)
(4.54 3.5303059150000005e6)
(4.55 3.458162524375e6)
(4.560000000000001 3.486137493125e6)
(4.57 3.4198831493749996e6)
(4.579999999999999 3.4581648056249996e6)
(4.59 3.3963258212499996e6)
(4.6000000000000005 3.4036885556249996e6)
(4.61 3.353628805625e6)
(4.62 3.36982454e6)
(4.63 3.318295665e6)
(4.64 3.35215625875e6)
(4.6499999999999995 3.2873756024999996e6)
(4.66 3.309459243125e6)
(4.670000000000001 3.253513868125e6)
(4.68 3.2770700556250005e6)
(4.69 3.2093431649999996e6)
(4.7 3.243207180625e6)
(4.71 3.18136819625e6)
(4.72 3.197563930625e6)
(4.73 3.1445602274999996e6)
(4.740000000000001 3.171062649375e6)
(4.75 3.1092259462499996e6)
(4.759999999999999 3.154866915e6)
(4.7700000000000005 3.082723524375e6)
(4.78 3.0989192587499996e6)
(4.79 3.0488606493750005e6)
(4.8 3.073890524375e6)
(4.810000000000001 3.022359368125e6)
(4.82 3.05180688375e6)
(4.829999999999999 2.98555254e6)
(4.84 3.013526368125e6)
(4.8500000000000005 2.9649391649999996e6)
(4.86 2.98702394625e6)
(4.87 2.932548836875e6)
(4.88 2.956105024375e6)
(4.89 2.90457500875e6)
(4.8999999999999995 2.9413829775e6)
(4.91 2.876601180625e6)
(4.920000000000001 2.9031036025000005e6)
(4.93 2.84568225875e6)
(4.94 2.878072586875e6)
(4.95 2.8088742900000005e6)
(4.96 2.8486273525e6)
(4.97 2.805930336875e6)
(4.98 2.81329079e6)
(4.990000000000001 2.763232180625e6)
(5. 2.8029863837499996e6)
(5.009999999999999 2.7382023056249996e6)
(5.0200000000000005 2.751454086875e6)
(5.03 2.7175912118749996e6)
(5.04 2.7470387274999996e6)
(5.05 2.685202024375e6)
(5.060000000000001 2.717591211875e6)
(5.07 2.673421649375e6)
(5.079999999999999 2.698451524375e6)
(5.09 2.6469203681250005e6)
(5.1000000000000005 2.673421649375e6)
(5.11 2.6189442587500005e6)
(5.12 2.6469192275e6)
(5.13 2.5880276181250005e6)
(5.14 2.6204190868749996e6)
(5.1499999999999995 2.565942836875e6)
(5.16 2.58949788375e6)
(5.170000000000001 2.5453306025e6)
(5.18 2.5821385712499996e6)
(5.19 2.530607415e6)
(5.2 2.5571098368750005e6)
(5.21 2.504104993125e6)
(5.22 2.5291348681250005e6)
(5.23 2.4864378524999996e6)
(5.240000000000001 2.5114677275e6)
(5.25 2.464354211875e6)
(5.259999999999999 2.49232804e6)
(5.2700000000000005 2.452573836875e6)
(5.28 2.4672981650000005e6)
(5.29 2.42018579e6)
(5.3 2.45552007125e6)
(5.310000000000001 2.4157670087499996e6)
(5.32 2.439324336875e6)
(5.329999999999999 2.3892657275e6)
(5.34 2.41724069625e6)
(5.3500000000000005 2.3568765399999996e6)
(5.36 2.383376680625e6)
(5.37 2.345095024375e6)
(5.38 2.3833755400000005e6)
(5.39 2.323012524375e6)
(5.3999999999999995 2.35834794625e6)
(5.41 2.2965101025000005e6)
(5.420000000000001 2.331845524375e6)
(5.43 2.2965089618750005e6)
(5.44 2.3171223368749996e6)
(5.45 2.277369274375e6)
(5.46 2.2950386962499996e6)
(5.47 2.249396586875e6)
(5.48 2.2758967274999996e6)
(5.490000000000001 2.2346722587499996e6)
(5.5 2.28031550875e6)
(5.509999999999999 2.2155348525e6)
(5.5200000000000005 2.2582307275e6)
(5.53 2.1934489306249996e6)
(5.54 2.24056244625e6)
(5.55 2.1816685556250005e6)
(5.560000000000001 2.221423899375e6)
(5.57 2.1713630087499996e6)
(5.579999999999999 2.1875576025e6)
(5.59 2.150750774375e6)
(5.6000000000000005 2.17283669625e6)
(5.61 2.13897382125e6)
(5.62 2.1757817900000005e6)
(5.63 2.1227769462499996e6)
(5.64 2.1610586025e6)
(5.6499999999999995 2.0948031181250003e6)
(5.66 2.14633313375e6)
(5.670000000000001 2.100692165e6)
(5.68 2.1257220400000005e6)
(5.69 2.0874426650000003e6)
(5.7 2.0977482118750005e6)
(5.71 2.0565226025000003e6)
(5.72 2.100693305625e6)
(5.73 2.028549915e6)
(5.740000000000001 2.0786073837499996e6)
(5.75 2.00499144625e6)
(5.759999999999999 2.0668304306249996e6)
(5.7700000000000005 1.9976332743749998e6)
(5.78 2.043271961875e6)
(5.79 1.978490165e6)
(5.8 2.03885432125e6)
(5.810000000000001 1.971129711875e6)
(5.82 2.0108816337500005e6)
(5.829999999999999 1.960824165e6)
(5.84 2.018244368125e6)
(5.8500000000000005 1.9460998368749998e6)
(5.86 2.00057494625e6)
(5.87 1.926960149375e6)
(5.88 1.968184618125e6)
(5.890000000000001 1.9284338368750003e6)
(5.8999999999999995 1.9564076650000003e6)
(5.91 1.915182055625e6)
(5.920000000000001 1.9475735243749998e6)
(5.93 1.894568680625e6)
(5.94 1.93284919625e6)
(5.95 1.87837294625e6)
(5.96 1.9210711025e6)
(5.97 1.857760711875e6)
(5.98 1.9034039618750003e6)
(5.990000000000001 1.8503979774999996e6)
(6. 1.89898632125e6)
(6.009999999999999 1.834204524375e6)
(6.0200000000000005 1.8960412275000003e6)
(6.03 1.8238989774999998e6)
(6.04 1.87543013375e6)
(6.05 1.804758149375e6)
(6.060000000000001 1.848927711875e6)
(6.07 1.7959251493749998e6)
(6.079999999999999 1.8445100712500003e6)
(6.09 1.7856173212499998e6)
(6.1000000000000005 1.8356770712499996e6)
(6.11 1.7620611337499998e6)
(6.12 1.8121186025e6)
(6.13 1.7605874462499998e6)
(6.140000000000001 1.800341649375e6)
(6.1499999999999995 1.7635336806250003e6)
(6.159999999999999 1.8121197431249998e6)
(6.170000000000001 1.739977493125e6)
(6.18 1.7915075087499993e6)
(6.19 1.7443939931249996e6)
(6.2 1.7885624149999998e6)
(6.21 1.7326147587499998e6)
(6.22 1.7723678212499998e6)
(6.230000000000001 1.7296696649999998e6)
(6.240000000000001 1.769423868125e6)
(6.25 1.7120013837499996e6)
(6.259999999999999 1.766479915e6)
(6.2700000000000005 1.7061134775e6)
(6.28 1.7650062275e6)
(6.29 1.6972804774999998e6)
(6.3 1.7399763524999998e6)
(6.310000000000001 1.684027555625e6)
(6.32 1.7458653993749998e6)
(6.329999999999999 1.69139029e6)
(6.340000000000001 1.7429214462499998e6)
(6.3500000000000005 1.6751945556249998e6)
(6.36 1.7311422118749998e6)
(6.37 1.6825584306249998e6)
(6.38 1.720836665e6)
(6.390000000000001 1.6604702275e6)
(6.3999999999999995 1.720837805625e6)
(6.409999999999999 1.6604725087499998e6)
(6.420000000000001 1.7046420712499998e6)
(6.43 1.658999961875e6)
(6.44 1.70316838375e6)
(6.45 1.6560548681249998e6)
(6.46 1.703169524375e6)
(6.47 1.648694415e6)
(6.480000000000001 1.692862836875e6)
(6.490000000000001 1.631024993125e6)
(6.5 1.67813850875e6)
(6.509999999999999 1.6251382275e6)
(6.5200000000000005 1.670776915e6)
(6.53 1.623663399375e6)
(6.54 1.6589988212500003e6)
(6.55 1.623663399375e6)
(6.560000000000001 1.660471368125e6)
(6.57 1.6015786181250003e6)
(6.579999999999999 1.6575274149999998e6)
(6.590000000000001 1.5956884306250003e6)
(6.6000000000000005 1.6383877275e6)
(6.61 1.576551024375e6)
(6.62 1.626608493125e6)
(6.63 1.573605930625e6)
(6.640000000000001 1.6354426337499998e6)
(6.6499999999999995 1.573605930625e6)
(6.659999999999999 1.611885305625e6)
(6.670000000000001 1.5500474618750003e6)
(6.68 1.5986346650000003e6)
(6.69 1.5471046493749998e6)
(6.7 1.582438930625e6)
(6.71 1.55741019625e6)
(6.72 1.60010607125e6)
(6.730000000000001 1.5412144618749998e6)
(6.740000000000001 1.5706619774999998e6)
(6.75 1.5397419150000003e6)
(6.759999999999999 1.5780235712500003e6)
(6.7700000000000005 1.5323803212499998e6)
(6.78 1.57213338375e6)
(6.79 1.5073538681249998e6)
(6.8 1.5588816025000003e6)
(6.810000000000001 1.5102966806249998e6)
(6.82 1.554463961875e6)
(6.829999999999999 1.494099805625e6)
(6.840000000000001 1.5294363681249998e6)
(6.8500000000000005 1.498516305625e6)
(6.86 1.5367979618749998e6)
(6.87 1.482323993125e6)
(6.88 1.530908915e6)
(6.890000000000001 1.4779063524999998e6)
(6.8999999999999995 1.5161834462499996e6)
(6.909999999999999 1.466127118125e6)
(6.920000000000001 1.4999888525000003e6)
(6.93 1.452875336875e6)
(6.94 1.5014636806249996e6)
(6.95 1.4366796025e6)
(6.96 1.499989993125e6)
(6.97 1.4352081962499998e6)
(6.980000000000001 1.4896833056249996e6)
(6.990000000000001 1.4396258368749998e6)
(7. 1.4779052118750003e6)
(7.009999999999999 1.4175410556249998e6)
(7.0200000000000005 1.4793777587499998e6)
(7.03 1.4190124618750003e6)
(7.04 1.445513743125e6)
(7.05 1.413124555625e6)
(7.060000000000001 1.463183165e6)
(7.07 1.413124555625e6)
(7.079999999999999 1.4543478837499998e6)
(7.090000000000001 1.4131234149999998e6)
(7.1000000000000005 1.4337345087499998e6)
(7.11 1.40134532125e6)
(7.12 1.445513743125e6)
(7.13 1.3954562743749998e6)
(7.140000000000001 1.4249003681249998e6)
(7.1499999999999995 1.371897805625e6)
(7.159999999999999 1.421957555625e6)
(7.170000000000001 1.380733086875e6)
(7.18 1.4234312431250003e6)
(7.19 1.3733703524999998e6)
(7.2 1.3925100399999998e6)
(7.21 1.34539538375e6)
(7.22 1.40134304e6)
(7.230000000000001 1.3527592587499998e6)
(7.240000000000001 1.38662213375e6)
(7.25 1.352760399375e6)
(7.259999999999999 1.395456274375e6)
(7.2700000000000005 1.351286711875e6)
(7.28 1.3792616806250003e6)
(7.29 1.313007336875e6)
(7.3 1.3630659462499998e6)
(7.310000000000001 1.31300619625e6)
(7.32 1.358647165e6)
(7.329999999999999 1.3188963837500003e6)
(7.340000000000001 1.363064805625e6)
(7.3500000000000005 1.3056446024999998e6)
(7.36 1.3409800243749998e6)
(7.37 1.3056446024999998e6)
(7.38 1.343925118125e6)
(7.390000000000001 1.311533649375e6)
(7.3999999999999995 1.3424525712500003e6)
(7.409999999999999 1.289448868125e6)
(7.420000000000001 1.3203689306249998e6)
(7.43 1.289448868125e6)
(7.44 1.320366649375e6)
(7.45 1.2879763212500003e6)
(7.46 1.30417319625e6)
(7.47 1.270309180625e6)
(7.480000000000001 1.299754415e6)
(7.490000000000001 1.26589154e6)
(7.5 1.286503774375e6)
(7.509999999999999 1.2496980868749998e6)
(7.5200000000000005 1.30417319625e6)
(7.53 1.2496980868749998e6)
(7.54 1.2850323681249998e6)
(7.55 1.25411344625e6)
(7.560000000000001 1.270309180625e6)
(7.57 1.23203094625e6)
(7.579999999999999 1.2776707743750003e6)
(7.590000000000001 1.2379188524999998e6)
(7.6000000000000005 1.2600024931250003e6)
(7.61 1.229084711875e6)
(7.62 1.2673640868750003e6)
(7.63 1.21583407125e6)
(7.640000000000001 1.2423353525e6)
(7.6499999999999995 1.201109743125e6)
(7.659999999999999 1.2423353525e6)
(7.670000000000001 1.190805336875e6)
(7.680000000000001 1.220249430625e6)
(7.69 1.20700107125e6)
(7.7 1.2364474462499998e6)
(7.71 1.168719415e6)
(7.72 1.2320298056249998e6)
(7.730000000000001 1.1878591025e6)
(7.740000000000001 1.220249430625e6)
(7.75 1.1716645087500003e6)
(7.76 1.20552738375e6)
(7.769999999999998 1.1775546962499998e6)
(7.779999999999999 1.20700107125e6)
(7.790000000000001 1.15841500875e6)
(7.799999999999999 1.1731370556250003e6)
(7.8100000000000005 1.1495808681249998e6)
(7.82 1.204057118125e6)
(7.83 1.146635774375e6)
(7.840000000000002 1.1819700556249998e6)
(7.85 1.1422169931249998e6)
(7.859999999999999 1.173137055625e6)
(7.870000000000003 1.13780163375e6)
(7.880000000000001 1.1775546962499998e6)
(7.890000000000001 1.1392753212500003e6)
(7.9 1.143690680625e6)
(7.909999999999998 1.12455213375e6)
(7.92 1.1746084618749996e6)
(7.93 1.126024680625e6)
(7.9399999999999995 1.1466369150000003e6)
(7.950000000000001 1.1201333524999998e6)
(7.960000000000001 1.142216993125e6)
(7.970000000000001 1.108354118125e6)
(7.980000000000002 1.13780163375e6)
(7.99 1.10246507125e6)
(8. 1.1378016337499998e6)
(8.01 1.1068838525e6)
(8.019999999999998 1.137800493125e6)
(8.03 1.0951034775e6)
(8.040000000000001 1.120134493125e6)
(8.049999999999999 1.093630930625e6)
(8.06 1.1186619462499998e6)
(8.07 1.0921595243749998e6)
(8.08 1.1127728993749998e6)
(8.090000000000002 1.0862704774999998e6)
(8.1 1.120134493125e6)
(8.11 1.0818539775000003e6)
(8.120000000000003 1.099521118125e6)
(8.13 1.06713079e6)
(8.14 1.1083563993749998e6)
(8.15 1.055351555625e6)
(8.159999999999998 1.096577165e6)
(8.17 1.0538812899999998e6)
(8.18 1.086271618125e6)
(8.19 1.0568241024999998e6)
(8.200000000000001 1.0833242431249998e6)
(8.21 1.0568241024999998e6)
(8.22 1.0656582431249998e6)
(8.230000000000002 1.0435723212500002e6)
(8.24 1.0774363368750003e6)
(8.25 1.0465174150000003e6)
(8.26 1.07154729e6)
(8.269999999999998 1.0303228212499999e6)
(8.28 1.05976919625e6)
(8.290000000000001 1.0376844149999999e6)
(8.299999999999999 1.06713079e6)
(8.31 1.0362118681250002e6)
(8.32 1.07154729e6)
(8.33 1.024433774375e6)
(8.340000000000002 1.0362118681249999e6)
(8.35 1.0038215399999999e6)
(8.36 1.04946250875e6)
(8.370000000000003 1.0244326337499998e6)
(8.38 1.0465185556249998e6)
(8.39 994987.399375)
(8.4 1.0450471493750002e6)
(8.409999999999998 1.0038215399999999e6)
(8.42 1.0465174150000003e6)
(8.43 987628.0868749999)
(8.44 1.0406283681250002e6)
(8.450000000000001 984681.8524999999)
(8.46 1.0111819931249999e6)
(8.47 987625.8056249998)
(8.480000000000002 1.0376821337500002e6)
(8.49 983209.3056250002)
(8.5 1.0185458681249999e6)
(8.51 975847.7118749999)
(8.519999999999998 1.0214909618750002e6)
(8.53 981735.618125)
(8.540000000000001 1.0317942275e6)
(8.549999999999999 983209.3056250002)
(8.56 1.0097117275e6)
(8.57 978793.94625)
(8.58 1.0052940868749998e6)
(8.590000000000002 962597.0712499999)
(8.6 1.006765493125e6)
(8.61 961123.3837499999)
(8.620000000000003 999405.0400000002)
(8.63 969956.3837499999)
(8.64 987625.805625)
(8.65 969958.665)
(8.659999999999998 993515.9931249998)
(8.67 969958.6649999999)
(8.68 965541.024375)
(8.69 952290.38375)
(8.700000000000001 984680.7118749999)
(8.71 950820.118125)
(8.72 978792.8056250003)
(8.730000000000002 950818.9775000002)
(8.74 977320.25875)
(8.75 939039.7431249999)
(8.76 972903.7587500002)
(8.769999999999998 924316.555625)
(8.78 974375.1650000002)
(8.790000000000001 934622.1025)
(8.799999999999999 975847.7118749999)
(8.81 925787.9618749998)
(8.82 969957.5243750002)
(8.83 937568.3368749999)
(8.840000000000002 962597.07125)
(8.85 933150.69625)
(8.86 955236.618125)
(8.870000000000003 908120.8212500002)
(8.88 952290.38375)
(8.89 912537.32125)
(8.9 956708.024375)
(8.909999999999998 912537.3212499999)
(8.92 950816.69625)
(8.93 916956.1025)
(8.94 937568.3368749999)
(8.950000000000001 903703.180625)
(8.96 927261.6493749999)
(8.97 909593.368125)
(8.980000000000002 952291.5243749999)
(8.99 908121.961875)
(9. 927261.6493749999)
(9.01 903703.180625)
(9.019999999999998 934623.2431249999)
(9.03 897812.993125)
(9.040000000000001 936095.7899999999)
(9.049999999999999 887508.586875)
(9.06 930205.6024999998)
(9.07 896342.7274999999)
(9.08 925789.1025)
(9.090000000000002 884563.4931249999)
(9.1 921371.461875)
(9.11 887508.5868749998)
(9.120000000000003 918426.368125)
(9.13 874256.8056249998)
(9.14 912538.461875)
(9.15 896341.586875)
(9.159999999999998 914008.7275)
(9.17 863951.25875)
(9.18 893397.63375)
(9.19 866895.211875)
(9.200000000000001 912537.32125)
(9.21 877203.0399999999)
(9.22 900759.2274999999)
(9.230000000000002 861007.3056250002)
(9.24 887507.4462500003)
(9.25 863953.5399999999)
(9.26 881619.5399999999)
(9.269999999999998 862479.8525)
(9.28 896342.7274999999)
(9.290000000000001 840393.930625)
(9.299999999999999 874259.0868750002)
(9.31 837449.9775)
(9.32 871313.9931250003)
(9.33 834504.88375)
(9.340000000000002 856591.9462499999)
(9.35 837449.9774999999)
(9.36 855115.9774999999)
(9.370000000000003 824199.3368750002)
(9.38 859534.75875)
(9.39 818310.29)
(9.4 846284.118125)
(9.409999999999998 821254.243125)
(9.42 850699.4774999999)
(9.43 853644.5712499998)
(9.44 1.00529294625e6)
(9.450000000000001 1.1407467275e6)
(9.46 1.2467518525000003e6)
(9.47 1.3056446024999998e6)
(9.480000000000002 1.318897524375e6)
(9.49 1.2408639462500003e6)
(9.5 1.2070010712499998e6)
(9.51 1.099521118125e6)
(9.519999999999998 1.0362118681249999e6)
(9.53 925789.1025)
(9.540000000000001 893397.63375)
(9.549999999999999 841867.618125)
(9.56 837448.836875)
(9.57 800640.8681249999)
(9.58 827144.430625)
(9.590000000000002 824199.3368750002)
(9.6 841866.4775)
(9.61 827143.2899999999)
(9.620000000000003 852172.0243750002)
(9.63 819781.69625)
(9.64 847755.5243749999)
(9.65 830088.3837499998)
(9.659999999999998 853645.711875)
(9.67 825670.743125)
(9.68 855115.9774999999)
(9.69 828615.8368750002)
(9.700000000000001 852173.1649999999)
(9.71 805059.6493749999)
(9.72 838921.3837499998)
(9.730000000000002 810947.555625)
(9.74 834506.0243749999)
(9.75 787391.368125)
(9.76 780030.9149999999)
(9.769999999999998 765307.7275000002)
(9.78 780030.915)
(9.790000000000001 757944.9931249998)
(9.799999999999999 778557.2274999999)
(9.81 749110.8525)
(9.82 819782.8368749999)
(9.83 863951.25875)
(9.840000000000002 983208.1649999998)
(9.85 1.0582977899999998e6)
(9.86 1.13044004e6)
(9.870000000000003 1.121605899375e6)
(9.88 1.0656593837499998e6)
(9.89 780030.915)
(9.9 479679.25875000004)
(9.909999999999998 189633.14937500004)
(9.92 100000.)
(9.93 100000.)
(9.94 100000.)
(9.950000000000001 100000.)
(9.96 100000.)
(9.97 100000.)
(9.980000000000002 100000.)
(9.99 100000.)
(10. 100000.)
(10.01 100000.)
(10.019999999999998 100000.)
(10.03 100000.)
(10.040000000000001 100000.)
(10.049999999999999 100000.)
(10.06 100000.)
(10.07 100000.)
(10.08 100000.)
(10.090000000000002 100000.)
(10.1 100000.)
(10.11 100000.)
(10.120000000000003 100000.)
(10.13 100000.)
(10.14 100000.)
(10.15 100000.)
(10.159999999999998 100000.)
(10.17 100000.)
(10.18 100000.)
(10.19 100000.)
(10.200000000000001 100000.)
(10.21 100000.)
(10.22 100000.)
(10.230000000000002 100000.)
(10.24 100000.)
(10.25 100000.)
(10.26 100000.)
(10.269999999999998 100000.)
(10.28 100000.)
(10.290000000000001 100000.)
(10.299999999999999 100000.)
(10.31 100000.)
(10.32 100000.)
(10.33 100000.)
(10.340000000000002 100000.)
(10.35 100000.)
(10.36 100000.)
(10.370000000000003 100000.)
(10.38 100000.)
(10.39 100000.)
(10.4 100000.)
(10.409999999999998 100000.)
(10.42 100000.)
(10.43 100000.)
(10.44 100000.)
(10.450000000000001 100000.)
(10.46 100000.)
(10.47 100000.)
(10.480000000000002 100000.)
(10.49 100000.)
(10.5 100000.)
(10.51 100000.)
(10.519999999999998 100000.)
(10.53 100000.)
(10.540000000000001 100000.)
(10.549999999999999 100000.)
(10.56 100000.)
(10.57 100000.)
(10.58 100000.)
(10.590000000000002 100000.)
(10.6 100000.)
(10.61 100000.)
(10.620000000000003 100000.)
(10.63 100000.)
(10.64 100000.)
(10.65 100000.)
(10.659999999999998 100000.)
(10.67 100000.)
(10.68 100000.)
(10.69 100000.)
(10.700000000000001 100000.)
(10.71 100000.)
(10.72 100000.)
(10.730000000000002 100000.)
(10.74 100000.)
(10.75 100000.))