((0. 100000.)
(0.010000000000000009 227164.759659091)
(0.020000000000000018 777808.3221590911)
(0.030000000000000027 1.416791009659091e6)
(0.040000000000000036 2.205950665909091e6)
(0.050000000000000044 3.594339947159091e6)
(0.05999999999999994 4.53956447840909e6)
(0.07000000000000006 6.06340411903409e6)
(0.07999999999999996 7.618164962784089e6)
(0.09000000000000008 9.69854177528409e6)
(0.09999999999999998 1.191878544715909e7)
(0.1100000000000001 1.378714858778409e7)
(0.12 1.5559811009659085e7)
(0.13 1.6562454603409091e7)
(0.14 1.760632380653409e7)
(0.15000000000000002 1.804065555653409e7)
(0.16000000000000003 1.837045130653409e7)
(0.17000000000000004 1.842934519715909e7)
(0.18 1.8511795275284085e7)
(0.19000000000000006 1.847057080653409e7)
(0.2 1.846909711903409e7)
(0.2099999999999999 1.841462086903409e7)
(0.22000000000000003 1.839989996278409e7)
(0.23000000000000015 1.834100607215909e7)
(0.24000000000000005 1.832186638465909e7)
(0.24999999999999994 1.823647235340909e7)
(0.26000000000000006 1.823794375965909e7)
(0.2700000000000002 1.817316310340909e7)
(0.27999999999999997 1.818641260340909e7)
(0.29 1.815696850965909e7)
(0.3 1.822174802528409e7)
(0.31 1.8190831384659093e7)
(0.32 1.825119440028409e7)
(0.33 1.821880407215909e7)
(0.34 1.8293892556534093e7)
(0.35000000000000003 1.836898104090909e7)
(0.36000000000000004 1.8616328994034093e7)
(0.37000000000000005 1.880478305653409e7)
(0.38000000000000006 1.9100718212784093e7)
(0.39000000000000007 1.942462833778409e7)
(0.4000000000000001 1.9773564915909093e7)
(0.41 2.0094526525284093e7)
(0.4199999999999999 2.050383068153409e7)
(0.43 2.076884691590909e7)
(0.4400000000000001 2.110306030653409e7)
(0.45 2.1398995462784093e7)
(0.4599999999999999 2.166106774403409e7)
(0.47000000000000003 2.1784742290909085e7)
(0.48000000000000015 2.192608283778409e7)
(0.49000000000000005 2.1977612853409093e7)
(0.49999999999999994 2.2064480572159093e7)
(0.5100000000000002 2.205122993153409e7)
(0.5200000000000002 2.2099815994034093e7)
(0.53 2.205417502528409e7)
(0.54 2.2088037900284093e7)
(0.55 2.2036506744034093e7)
(0.56 2.2073313572159093e7)
(0.5700000000000001 2.199969877528409e7)
(0.5800000000000001 2.2035034197159093e7)
(0.5900000000000001 2.1967308447159093e7)
(0.6000000000000001 2.197761513465909e7)
(0.6100000000000001 2.1929029072159093e7)
(0.6200000000000001 2.193933575965909e7)
(0.6300000000000001 2.1876025369034093e7)
(0.6400000000000001 2.1877497915909093e7)
(0.6500000000000001 2.181860516590909e7)
(0.6599999999999999 2.1833328353409085e7)
(0.6699999999999999 2.176707286903409e7)
(0.6800000000000002 2.1792103884659093e7)
(0.6900000000000002 2.1721431900284093e7)
(0.7 2.1708180119034093e7)
(0.71 2.166106774403409e7)
(0.7199999999999998 2.1669900744034093e7)
(0.73 2.1606590353409093e7)
(0.74 2.1603648681534093e7)
(0.75 2.1552117525284093e7)
(0.7600000000000002 2.155948025965909e7)
(0.77 2.1487335728409093e7)
(0.78 2.1485863181534093e7)
(0.79 2.143138693153409e7)
(0.7999999999999998 2.141371979090909e7)
(0.81 2.1365132587784093e7)
(0.8200000000000001 2.137838322840909e7)
(0.8300000000000001 2.132096302528409e7)
(0.8400000000000003 2.1319492759659093e7)
(0.8500000000000001 2.126796046278409e7)
(0.8599999999999999 2.1276794603409085e7)
(0.8699999999999999 2.120906885340909e7)
(0.8799999999999999 2.1237042681534093e7)
(0.8899999999999997 2.1164898150284093e7)
(0.8999999999999999 2.1181093884659093e7)
(0.9099999999999999 2.111925718153409e7)
(0.9199999999999999 2.1138398009659093e7)
(0.9300000000000002 2.1089810806534093e7)
(0.94 2.109128335340909e7)
(0.95 2.102797296278409e7)
(0.96 2.106036443153409e7)
(0.9699999999999998 2.100294422840909e7)
(0.98 2.1013250915909093e7)
(0.99 2.096024949403409e7)
(1. 2.097644294715909e7)
(1.0100000000000002 2.092491179090909e7)
(1.02 2.0949940525284093e7)
(1.03 2.0886631275284093e7)
(1.04 2.091755019715909e7)
(1.0499999999999998 2.086454649403409e7)
(1.06 2.0896939103409093e7)
(1.07 2.082332316590909e7)
(1.08 2.086160254090909e7)
(1.0900000000000003 2.0783570103409085e7)
(1.1 2.082773852528409e7)
(1.1099999999999999 2.0770320603409093e7)
(1.1199999999999999 2.080859883778409e7)
(1.13 2.073792913465909e7)
(1.1399999999999997 2.078209983778409e7)
(1.15 2.0742345634659093e7)
(1.16 2.076001277528409e7)
(1.17 2.070259257215909e7)
(1.1800000000000002 2.0742345634659093e7)
(1.19 2.0686399119034093e7)
(1.2 2.072026085340909e7)
(1.21 2.0652533962784093e7)
(1.2199999999999998 2.070406625965909e7)
(1.23 2.065106255653409e7)
(1.24 2.069670352528409e7)
(1.25 2.0648117462784093e7)
(1.2600000000000002 2.0676091290909093e7)
(1.27 2.0612782040909093e7)
(1.28 2.0658424150284093e7)
(1.29 2.061425572840909e7)
(1.2999999999999998 2.066578460340909e7)
(1.31 2.0602477634659093e7)
(1.3200000000000003 2.0633394275284093e7)
(1.33 2.0584808212784093e7)
(1.3400000000000003 2.0636339369034093e7)
(1.35 2.0595114900284093e7)
(1.36 2.063192286903409e7)
(1.3699999999999999 2.057008616590909e7)
(1.38 2.061425344715909e7)
(1.3899999999999997 2.056566738465909e7)
(1.4 2.0615727134659093e7)
(1.4100000000000001 2.055536297840909e7)
(1.42 2.060100394715909e7)
(1.4300000000000002 2.055977833778409e7)
(1.44 2.058333566590909e7)
(1.45 2.0537695837784093e7)
(1.46 2.0577446619034093e7)
(1.4699999999999998 2.053033310340909e7)
(1.48 2.0578919165909097e7)
(1.4899999999999998 2.0525917744034093e7)
(1.5 2.0568613619034093e7)
(1.5100000000000002 2.052591660340909e7)
(1.52 2.056125202528409e7)
(1.53 2.051561105653409e7)
(1.54 2.0574502665909085e7)
(1.5499999999999998 2.0514137369034093e7)
(1.56 2.0562723431534093e7)
(1.5700000000000003 2.0500885587784085e7)
(1.58 2.055830693153409e7)
(1.5900000000000003 2.051855500965909e7)
(1.6 2.055977833778409e7)
(1.61 2.0509722009659085e7)
(1.6199999999999999 2.055683552528409e7)
(1.63 2.050235813465909e7)
(1.6399999999999997 2.055830579090909e7)
(1.65 2.050235927528409e7)
(1.6600000000000001 2.054947165028409e7)
(1.67 2.0492053728409085e7)
(1.6800000000000002 2.0559779478409093e7)
(1.69 2.0508247181534093e7)
(1.7 2.0556835525284093e7)
(1.7100000000000002 2.050677691590909e7)
(1.72 2.0550945337784093e7)
(1.7300000000000006 2.0508247181534093e7)
(1.7399999999999995 2.0552416744034085e7)
(1.7500000000000002 2.049499654090909e7)
(1.76 2.054358488465909e7)
(1.7699999999999998 2.049352627528409e7)
(1.78 2.053769355653409e7)
(1.7899999999999998 2.049646908778409e7)
(1.8 2.053916838465909e7)
(1.8099999999999998 2.0499413040909093e7)
(1.8200000000000005 2.053474846278409e7)
(1.8299999999999994 2.0478800806534093e7)
(1.84 2.055094419715909e7)
(1.8499999999999999 2.049058004090909e7)
(1.86 2.0548000244034093e7)
(1.8699999999999999 2.049058118153409e7)
(1.8800000000000001 2.0553890431534093e7)
(1.89 2.0496470228409093e7)
(1.8999999999999997 2.0542111197159093e7)
(1.9100000000000004 2.049205372840909e7)
(1.9200000000000002 2.0545056290909093e7)
(1.93 2.048616354090909e7)
(1.9400000000000002 2.0528861697159085e7)
(1.95 2.048763608778409e7)
(1.9600000000000002 2.053033310340909e7)
(1.97 2.048469099403409e7)
(1.9800000000000006 2.0543583744034093e7)
(1.9899999999999995 2.049352513465909e7)
(2.0000000000000004 2.053769469715909e7)
(2.0100000000000002 2.046702385340909e7)
(2.02 2.053622215028409e7)
(2.0300000000000002 2.0493523994034093e7)
(2.04 2.0552417884659093e7)
(2.0500000000000003 2.049058118153409e7)
(2.06 2.0533278197159093e7)
(2.0700000000000007 2.0494997681534093e7)
(2.0799999999999996 2.053769469715909e7)
(2.0900000000000003 2.0481747040909093e7)
(2.1 2.0556833244034093e7)
(2.1100000000000003 2.050971858778409e7)
(2.12 2.0559779478409085e7)
(2.1300000000000003 2.049646908778409e7)
(2.14 2.0550945337784093e7)
(2.15 2.051119113465909e7)
(2.1600000000000006 2.056419711903409e7)
(2.1700000000000004 2.050677691590909e7)
(2.18 2.056566738465909e7)
(2.1900000000000004 2.0512664822159093e7)
(2.2 2.057008502528409e7)
(2.2100000000000004 2.0514137369034093e7)
(2.22 2.057744775965909e7)
(2.230000000000001 2.053033424403409e7)
(2.2399999999999998 2.057302897840909e7)
(2.2500000000000004 2.0533278197159093e7)
(2.2600000000000002 2.0583335665909085e7)
(2.27 2.0533277056534093e7)
(2.2800000000000002 2.0589224712784093e7)
(2.29 2.053916724403409e7)
(2.3000000000000003 2.059216980653409e7)
(2.31 2.0539166103409093e7)
(2.3200000000000007 2.060100394715909e7)
(2.3299999999999996 2.0558304650284085e7)
(2.3400000000000003 2.0617199681534085e7)
(2.35 2.056713993153409e7)
(2.3600000000000003 2.0608364400284093e7)
(2.37 2.0562723431534093e7)
(2.3800000000000003 2.0626032681534093e7)
(2.39 2.0567141072159097e7)
(2.4 2.063781191590909e7)
(2.4100000000000006 2.058186311903409e7)
(2.4200000000000004 2.063634050965909e7)
(2.43 2.0583336806534093e7)
(2.4400000000000004 2.0639283322159093e7)
(2.45 2.059511375965909e7)
(2.4600000000000004 2.067020338465909e7)
(2.47 2.059953254090909e7)
(2.480000000000001 2.0658423009659093e7)
(2.4899999999999998 2.061572713465909e7)
(2.5000000000000004 2.0687869384659093e7)
(2.5100000000000002 2.062014363465909e7)
(2.52 2.068639683778409e7)
(2.5300000000000002 2.063339313465909e7)
(2.54 2.069817607215909e7)
(2.5500000000000003 2.064370210340909e7)
(2.56 2.0708482759659093e7)
(2.5700000000000007 2.0673146197159093e7)
(2.5799999999999996 2.073056754090909e7)
(2.5900000000000003 2.068345402528409e7)
(2.6 2.0714371806534097e7)
(2.6100000000000003 2.0699648619034093e7)
(2.62 2.0760013915909093e7)
(2.6300000000000003 2.0690815619034085e7)
(2.64 2.075265232215909e7)
(2.65 2.070259371278409e7)
(2.6600000000000006 2.0777682197159093e7)
(2.6700000000000004 2.0732038947159085e7)
(2.68 2.078062500965909e7)
(2.6900000000000004 2.0751179775284093e7)
(2.7 2.0796821884659093e7)
(2.7100000000000004 2.0755596275284093e7)
(2.72 2.082774080653409e7)
(2.730000000000001 2.077326455653409e7)
(2.7399999999999998 2.083362643153409e7)
(2.7500000000000004 2.0782097556534093e7)
(2.7600000000000002 2.0840989165909085e7)
(2.7700000000000005 2.079682074403409e7)
(2.7800000000000002 2.086012999403409e7)
(2.79 2.0815962712784093e7)
(2.8000000000000003 2.0874853181534093e7)
(2.81 2.082037807215909e7)
(2.8200000000000007 2.0886631275284093e7)
(2.8299999999999996 2.083215730653409e7)
(2.8400000000000003 2.0896939103409093e7)
(2.85 2.084393540028409e7)
(2.8600000000000003 2.088515986903409e7)
(2.87 2.084982444715909e7)
(2.8800000000000003 2.090282815028409e7)
(2.89 2.087190808778409e7)
(2.9 2.091607879090909e7)
(2.9100000000000006 2.086601790028409e7)
(2.9200000000000004 2.093521847840909e7)
(2.93 2.0870436681534093e7)
(2.940000000000001 2.0929329431534093e7)
(2.95 2.088515986903409e7)
(2.9600000000000004 2.0941107525284093e7)
(2.97 2.0886632415909085e7)
(2.980000000000001 2.094552516590909e7)
(2.9899999999999998 2.089546541590909e7)
(3.0000000000000004 2.094846911903409e7)
(3.0100000000000002 2.0892522603409093e7)
(3.0200000000000005 2.0955830712784093e7)
(3.03 2.0919023884659085e7)
(3.04 2.096319230653409e7)
(3.0500000000000003 2.0908717197159093e7)
(3.06 2.096908135340909e7)
(3.0700000000000007 2.090577210340909e7)
(3.0799999999999996 2.096760994715909e7)
(3.0900000000000003 2.0908716056534093e7)
(3.1 2.0970553900284093e7)
(3.1100000000000003 2.091313369715909e7)
(3.1200000000000006 2.097644294715909e7)
(3.1300000000000003 2.091460510340909e7)
(3.14 2.0974971540909093e7)
(3.15 2.0921967837784093e7)
(3.1600000000000006 2.098086058778409e7)
(3.1700000000000004 2.0926384337784093e7)
(3.18 2.0991167275284093e7)
(3.190000000000001 2.093374707215909e7)
(3.2 2.097791663465909e7)
(3.2100000000000004 2.092049529090909e7)
(3.22 2.098822104090909e7)
(3.230000000000001 2.0942580072159093e7)
(3.2399999999999998 2.1004416775284093e7)
(3.2500000000000004 2.0926384337784093e7)
(3.2600000000000002 2.0988222181534093e7)
(3.2700000000000005 2.092785574403409e7)
(3.28 2.099999913465909e7)
(3.29 2.093816357215909e7)
(3.3000000000000003 2.099852772840909e7)
(3.31 2.0955830712784085e7)
(3.3200000000000007 2.0995583775284093e7)
(3.3299999999999996 2.0961719759659093e7)
(3.3400000000000003 2.1004416775284093e7)
(3.35 2.0949941665909085e7)
(3.3600000000000003 2.1016194869034093e7)
(3.3700000000000006 2.0961719759659093e7)
(3.3800000000000003 2.1007360728409085e7)
(3.39 2.0961719759659085e7)
(3.4 2.101619600965909e7)
(3.4100000000000006 2.095877466590909e7)
(3.4200000000000004 2.100883441590909e7)
(3.43 2.095877580653409e7)
(3.440000000000001 2.102061136903409e7)
(3.45 2.096466257215909e7)
(3.4600000000000004 2.103680710340909e7)
(3.47 2.0982333134659093e7)
(3.480000000000001 2.102208505653409e7)
(3.4899999999999998 2.097644180653409e7)
(3.5000000000000004 2.103828193153409e7)
(3.5100000000000002 2.0994110087784085e7)
(3.5200000000000005 2.1035335697159093e7)
(3.53 2.0998527728409085e7)
(3.54 2.1054475384659093e7)
(3.5500000000000003 2.100000027528409e7)
(3.56 2.1050058884659085e7)
(3.5700000000000007 2.1005889322159093e7)
(3.5799999999999996 2.1060363290909093e7)
(3.5900000000000003 2.099852772840909e7)
(3.6 2.107361621278409e7)
(3.6100000000000003 2.102208505653409e7)
(3.6200000000000006 2.107361507215909e7)
(3.6300000000000003 2.1026502697159093e7)
(3.64 2.1072142525284085e7)
(3.65 2.104122588465909e7)
(3.6600000000000006 2.1086866853409093e7)
(3.6700000000000004 2.1039753337784093e7)
(3.68 2.1091284494034093e7)
(3.690000000000001 2.1045642384659093e7)
(3.7 2.1094227306534093e7)
(3.709999999999999 2.104122360340909e7)
(3.7200000000000006 2.110600654090909e7)
(3.7300000000000004 2.105153029090909e7)
(3.74 2.110747908778409e7)
(3.75 2.1054475384659093e7)
(3.7600000000000016 2.110011749403409e7)
(3.7700000000000005 2.106036443153409e7)
(3.7799999999999994 2.109864494715909e7)
(3.79 2.1057420478409093e7)
(3.8000000000000007 2.109864494715909e7)
(3.8100000000000005 2.106183811903409e7)
(3.8200000000000003 2.110895163465909e7)
(3.83 2.106036443153409e7)
(3.84 2.111189672840909e7)
(3.8499999999999996 2.1055947931534093e7)
(3.8600000000000003 2.110600540028409e7)
(3.870000000000001 2.1047112650284093e7)
(3.88 2.1111894447159093e7)
(3.8900000000000006 2.103975219715909e7)
(3.9000000000000004 2.110306144715909e7)
(3.91 2.105005660340909e7)
(3.92 2.109569985340909e7)
(3.9300000000000006 2.1061835837784097e7)
(3.9400000000000013 2.1103061447159093e7)
(3.95 2.1051530290909093e7)
(3.959999999999999 2.109422730653409e7)
(3.9700000000000006 2.104416755653409e7)
(3.9800000000000004 2.109422844715909e7)
(3.99 2.1058893025284093e7)
(4. 2.108686685340909e7)
(4.010000000000002 2.1045640103409093e7)
(4.0200000000000005 2.1094227306534093e7)
(4.029999999999999 2.104858633778409e7)
(4.04 2.108686685340909e7)
(4.050000000000001 2.104122588465909e7)
(4.0600000000000005 2.108539316590909e7)
(4.07 2.105889188465909e7)
(4.08 2.108392061903409e7)
(4.09 2.1036807103409093e7)
(4.1 2.1075086478409085e7)
(4.11 2.103974991590909e7)
(4.120000000000001 2.1089810806534085e7)
(4.13 2.101766969715909e7)
(4.140000000000001 2.106183697840909e7)
(4.15 2.102355760340909e7)
(4.16 2.106478093153409e7)
(4.17 2.102355874403409e7)
(4.180000000000001 2.1066253478409093e7)
(4.190000000000001 2.1013250915909093e7)
(4.2 2.105005888465909e7)
(4.209999999999999 2.099705518153409e7)
(4.220000000000001 2.104711379090909e7)
(4.23 2.101030582215909e7)
(4.24 2.1038279650284093e7)
(4.25 2.098233199403409e7)
(4.260000000000002 2.1019139962784093e7)
(4.2700000000000005 2.0974970400284093e7)
(4.279999999999999 2.1016194869034093e7)
(4.29 2.097791549403409e7)
(4.300000000000001 2.101766741590909e7)
(4.3100000000000005 2.0967608806534093e7)
(4.32 2.100000027528409e7)
(4.33 2.0958775806534093e7)
(4.34 2.101030582215909e7)
(4.35 2.094110752528409e7)
(4.36 2.099116613465909e7)
(4.370000000000001 2.0932273384659085e7)
(4.38 2.097644294715909e7)
(4.390000000000001 2.0930801978409093e7)
(4.4 2.0963193447159093e7)
(4.41 2.092638433778409e7)
(4.42 2.0954358165909093e7)
(4.430000000000001 2.089988305653409e7)
(4.440000000000001 2.092344152528409e7)
(4.45 2.0885159869034085e7)
(4.459999999999999 2.092638319715909e7)
(4.470000000000001 2.087338291590909e7)
(4.48 2.0905772103409085e7)
(4.49 2.085571349403409e7)
(4.5 2.089840936903409e7)
(4.510000000000002 2.0857186040909093e7)
(4.5200000000000005 2.0879270822159093e7)
(4.529999999999999 2.083362757215909e7)
(4.54 2.086160140028409e7)
(4.550000000000001 2.081449016590909e7)
(4.5600000000000005 2.084246285340909e7)
(4.57 2.079829443153409e7)
(4.58 2.084246285340909e7)
(4.59 2.078945915028409e7)
(4.6 2.0823322025284093e7)
(4.61 2.076884691590909e7)
(4.620000000000001 2.0804181197159093e7)
(4.63 2.0752651181534093e7)
(4.640000000000001 2.077768105653409e7)
(4.65 2.072762358778409e7)
(4.66 2.0751179775284093e7)
(4.67 2.070406511903409e7)
(4.680000000000001 2.0742344494034093e7)
(4.690000000000001 2.068197919715909e7)
(4.7 2.0705537665909085e7)
(4.709999999999999 2.064958886903409e7)
(4.720000000000001 2.0671674790909085e7)
(4.73 2.0618669947159093e7)
(4.74 2.063928446278409e7)
(4.75 2.057450038465909e7)
(4.760000000000002 2.0581863119034093e7)
(4.7700000000000005 2.0511193415909085e7)
(4.779999999999999 2.052444405653409e7)
(4.79 2.0459661119034093e7)
(4.800000000000001 2.0480274494034093e7)
(4.8100000000000005 2.040224319715909e7)
(4.82 2.0405186009659085e7)
(4.83 2.035807249403409e7)
(4.84 2.0355128540909093e7)
(4.85 2.028004119715909e7)
(4.86 2.027562241590909e7)
(4.870000000000001 2.019759111903409e7)
(4.88 2.0213785712784093e7)
(4.890000000000001 2.012103122840909e7)
(4.9 2.0121030087784093e7)
(4.91 2.004299650965909e7)
(4.92 2.0053304337784093e7)
(4.930000000000001 1.9962021259659093e7)
(4.940000000000001 1.994729693153409e7)
(4.95 1.987515468153409e7)
(4.959999999999999 1.9861904040909093e7)
(4.970000000000001 1.976767586903409e7)
(4.98 1.973234044715909e7)
(4.99 1.9623387947159097e7)
(5. 1.957480188465909e7)
(5.010000000000002 1.944818566590909e7)
(5.0200000000000005 1.939370941590909e7)
(5.029999999999999 1.9227337853409093e7)
(5.04 1.9187585931534093e7)
(5.050000000000001 1.9038882650284085e7)
(5.0600000000000005 1.8985878947159085e7)
(5.07 1.883128547840909e7)
(5.08 1.876944991590909e7)
(5.09 1.863546868153409e7)
(5.1 1.856332529090909e7)
(5.11 1.840284391590909e7)
(5.120000000000001 1.836014575965909e7)
(5.13 1.8208499665909093e7)
(5.140000000000001 1.8137828822159093e7)
(5.15 1.799059694715909e7)
(5.16 1.7914037056534097e7)
(5.17 1.776533263465909e7)
(5.180000000000001 1.7702024525284093e7)
(5.190000000000001 1.7565099337784085e7)
(5.2 1.751209449403409e7)
(5.209999999999999 1.732805579090909e7)
(5.220000000000001 1.727947086903409e7)
(5.23 1.7126348806534093e7)
(5.24 1.705567910340909e7)
(5.25 1.692169900965909e7)
(5.260000000000002 1.685838861903409e7)
(5.2700000000000005 1.6684656603409093e7)
(5.279999999999999 1.661251435340909e7)
(5.29 1.6490312353409087e7)
(5.300000000000001 1.6397557869034087e7)
(5.3100000000000005 1.626946340028409e7)
(5.32 1.6204682744034091e7)
(5.33 1.6057450869034093e7)
(5.34 1.5992670212784087e7)
(5.35 1.5839550431534091e7)
(5.36 1.577918513465909e7)
(5.370000000000001 1.5623120259659091e7)
(5.38 1.557453419715909e7)
(5.390000000000001 1.540963632215909e7)
(5.4 1.5353686384659091e7)
(5.41 1.5203511697159091e7)
(5.42 1.5154924494034087e7)
(5.430000000000001 1.5006221212784091e7)
(5.440000000000001 1.4944384509659091e7)
(5.45 1.4791264728409091e7)
(5.459999999999999 1.4735315931534091e7)
(5.470000000000001 1.4580724744034091e7)
(5.48 1.453361008778409e7)
(5.49 1.4377545212784091e7)
(5.5 1.4339264697159091e7)
(5.510000000000002 1.4180255869034091e7)
(5.5200000000000005 1.4144919306534091e7)
(5.529999999999999 1.399327207215909e7)
(5.54 1.3931435369034093e7)
(5.550000000000001 1.380334318153409e7)
(5.5600000000000005 1.374739552528409e7)
(5.57 1.3603109884659091e7)
(5.58 1.3564829369034091e7)
(5.59 1.3416124947159093e7)
(5.6 1.336165097840909e7)
(5.61 1.3226198337784093e7)
(5.620000000000001 1.319675082215909e7)
(5.63 1.303774199403409e7)
(5.640000000000001 1.2992101025284091e7)
(5.65 1.2858119790909091e7)
(5.66 1.2805117228409087e7)
(5.67 1.2671137134659091e7)
(5.680000000000001 1.2640218212784091e7)
(5.690000000000001 1.2488569837784091e7)
(5.7 1.2445872822159093e7)
(5.709999999999999 1.2310420181534087e7)
(5.720000000000001 1.2272140806534091e7)
(5.73 1.2138160712784093e7)
(5.74 1.205276668153409e7)
(5.75 1.1960011056534091e7)
(5.760000000000002 1.192320194715909e7)
(5.7700000000000005 1.178922185340909e7)
(5.779999999999999 1.172738629090909e7)
(5.79 1.1618434931534091e7)
(5.800000000000001 1.1572792822159091e7)
(5.8100000000000005 1.144617318153409e7)
(5.82 1.1418199353409087e7)
(5.83 1.1294525947159091e7)
(5.840000000000001 1.124888497840909e7)
(5.85 1.1126682978409091e7)
(5.86 1.1089873869034087e7)
(5.870000000000001 1.0952949822159091e7)
(5.88 1.0923503447159091e7)
(5.890000000000001 1.0807190494034091e7)
(5.9 1.075713302528409e7)
(5.91 1.065407299403409e7)
(5.92 1.0624623197159091e7)
(5.930000000000001 1.0495063025284091e7)
(5.940000000000001 1.0462670415909091e7)
(5.95 1.0343411228409093e7)
(5.959999999999999 1.031985732215909e7)
(5.970000000000001 1.0182932134659091e7)
(5.98 1.014759557215909e7)
(5.99 1.0054839947159091e7)
(6. 1.002097593153409e7)
(6.010000000000002 9.895831119034091e6)
(6.0200000000000005 9.87374633778409e6)
(6.029999999999999 9.75595969715909e6)
(6.04 9.729459556534091e6)
(6.050000000000001 9.617563103409091e6)
(6.0600000000000005 9.583701369034091e6)
(6.07 9.480640197159091e6)
(6.08 9.445303634659091e6)
(6.090000000000001 9.340769915909091e6)
(6.1 9.328991822159091e6)
(6.109999999999999 9.214150275284091e6)
(6.120000000000001 9.18912040028409e6)
(6.13 9.084587822159091e6)
(6.140000000000001 9.053667759659091e6)
(6.15 8.96827600965909e6)
(6.16 8.95355168153409e6)
(6.17 8.834294775284091e6)
(6.1800000000000015 8.803375853409091e6)
(6.190000000000001 8.70914882215909e6)
(6.2 8.68264525965909e6)
(6.209999999999999 8.579582947159091e6)
(6.220000000000001 8.55602904090909e6)
(6.23 8.47946686903409e6)
(6.24 8.451493040909091e6)
(6.25 8.358738556534091e6)
(6.260000000000002 8.329291040909089e6)
(6.2700000000000005 8.258621337784092e6)
(6.279999999999999 8.243898150284089e6)
(6.290000000000001 8.14819743153409e6)
(6.300000000000001 8.127586337784091e6)
(6.3100000000000005 8.036302119034088e6)
(6.32 8.008328290909091e6)
(6.33 7.921460572159091e6)
(6.340000000000001 7.912627572159091e6)
(6.35 7.81840054090909e6)
(6.359999999999999 7.824288447159088e6)
(6.370000000000001 7.715338228409089e6)
(6.38 7.69030949403409e6)
(6.390000000000001 7.61080336903409e6)
(6.4 7.60638686903409e6)
(6.41 7.515103790909091e6)
(6.42 7.510687290909089e6)
(6.4300000000000015 7.407626119034089e6)
(6.440000000000001 7.40173479090909e6)
(6.45 7.322230947159089e6)
(6.459999999999999 7.316341900284091e6)
(6.470000000000001 7.23094786903409e6)
(6.48 7.202974040909091e6)
(6.49 7.129358103409091e6)
(6.5 7.126413009659092e6)
(6.510000000000002 7.052798212784091e6)
(6.5200000000000005 7.03071343153409e6)
(6.529999999999999 6.955626087784091e6)
(6.540000000000001 6.942375447159091e6)
(6.550000000000001 6.862870462784091e6)
(6.5600000000000005 6.859925369034089e6)
(6.57 6.777475290909091e6)
(6.58 6.774532478409092e6)
(6.590000000000001 6.69650004090909e6)
(6.6 6.683247119034092e6)
(6.609999999999999 6.616993915909091e6)
(6.620000000000001 6.597854228409091e6)
(6.63 6.51834924403409e6)
(6.640000000000001 6.52129319715909e6)
(6.65 6.432955212784092e6)
(6.66 6.432955212784091e6)
(6.67 6.354921634659092e6)
(6.6800000000000015 6.35639532215909e6)
(6.690000000000001 6.278362884659091e6)
(6.7 6.278364025284091e6)
(6.709999999999999 6.197384212784091e6)
(6.720000000000001 6.20180299403409e6)
(6.73 6.117881509659092e6)
(6.74 6.114936415909092e6)
(6.75 6.047210665909091e6)
(6.760000000000002 6.05309857215909e6)
(6.7700000000000005 5.973594728409092e6)
(6.779999999999999 5.96476058778409e6)
(6.790000000000001 5.883781915909091e6)
(6.800000000000001 5.90439529090909e6)
(6.8100000000000005 5.817528712784092e6)
(6.82 5.821946353409092e6)
(6.83 5.742442509659091e6)
(6.840000000000001 5.738024869034092e6)
(6.85 5.67177052528409e6)
(6.859999999999999 5.67324307215909e6)
(6.870000000000001 5.59521177528409e6)
(6.88 5.599627134659092e6)
(6.890000000000001 5.53337279090909e6)
(6.9 5.527484884659091e6)
(6.91 5.464174494034092e6)
(6.92 5.471536087784091e6)
(6.9300000000000015 5.38614319715909e6)
(6.940000000000001 5.389087150284091e6)
(6.95 5.316942619034091e6)
(6.959999999999999 5.31694490028409e6)
(6.970000000000001 5.24627177528409e6)
(6.98 5.244801509659092e6)
(6.99 5.172655837784091e6)
(7. 5.184435072159091e6)
(7.010000000000002 5.116709322159091e6)
(7.0200000000000005 5.12259950965909e6)
(7.029999999999999 5.046038478409091e6)
(7.040000000000001 5.063705619034092e6)
(7.050000000000001 4.981256681534092e6)
(7.0600000000000005 4.97536763465909e6)
(7.07 4.915003478409091e6)
(7.08 4.922362790909091e6)
(7.090000000000001 4.85758213465909e6)
(7.1 4.864944869034091e6)
(7.109999999999999 4.792801478409091e6)
(7.120000000000001 4.81046747840909e6)
(7.13 4.741270322159092e6)
(7.140000000000001 4.730963634659092e6)
(7.15 4.685321525284091e6)
(7.16 4.686795212784091e6)
(7.17 4.607289087784092e6)
(7.1800000000000015 4.617595775284092e6)
(7.190000000000001 4.543980978409091e6)
(7.2 4.549867744034091e6)
(7.209999999999999 4.471837587784091e6)
(7.220000000000001 4.464474853409091e6)
(7.23 4.396749103409092e6)
(7.24 4.380554509659091e6)
(7.25 4.308409978409092e6)
(7.260000000000002 4.312828759659091e6)
(7.2700000000000005 4.23332263465909e6)
(7.279999999999999 4.225962181534091e6)
(7.290000000000001 4.1449846502840905e6)
(7.300000000000001 4.1346779627840905e6)
(7.3100000000000005 4.078729165909091e6)
(7.32 4.04044865028409e6)
(7.33 3.991863728409091e6)
(7.340000000000001 3.971250353409091e6)
(7.35 3.9079422440340905e6)
(7.359999999999999 3.8961641502840905e6)
(7.370000000000001 3.822548212784091e6)
(7.38 3.8122426659090905e6)
(7.390000000000001 3.751877369034091e6)
(7.4 3.732736540909091e6)
(7.41 3.6620668377840915e6)
(7.42 3.6635382440340915e6)
(7.4300000000000015 3.578144212784092e6)
(7.440000000000001 3.5648924315340915e6)
(7.45 3.5074733690340915e6)
(7.459999999999999 3.4853885877840905e6)
(7.470000000000001 3.436801384659091e6)
(7.48 3.420605650284091e6)
(7.49 3.357298681534091e6)
(7.5 3.351409634659091e6)
(7.510000000000002 3.2895706502840905e6)
(7.5200000000000005 3.263070509659091e6)
(7.529999999999999 3.195343619034091e6)
(7.540000000000001 3.2027063534090905e6)
(7.550000000000001 3.1335080565340905e6)
(7.5600000000000005 3.1261441815340915e6)
(7.57 3.0613635252840915e6)
(7.58 3.0378061971590905e6)
(7.590000000000001 2.984802494034091e6)
(7.6 2.9583023534090905e6)
(7.609999999999999 2.921493244034091e6)
(7.620000000000001 2.921492103409091e6)
(7.630000000000001 2.850822400284091e6)
(7.640000000000001 2.8316838534090905e6)
(7.65 2.772788822159091e6)
(7.66 2.772791103409091e6)
(7.67 2.718313712784091e6)
(7.6800000000000015 2.7197874002840915e6)
(7.690000000000001 2.671199056534091e6)
(7.7 2.640282415909091e6)
(7.71 2.5887512596590915e6)
(7.719999999999998 2.581388525284091e6)
(7.7299999999999995 2.5224957752840915e6)
(7.740000000000001 2.531329915909091e6)
(7.749999999999999 2.456243712784091e6)
(7.760000000000001 2.451827212784091e6)
(7.7700000000000005 2.401767462784091e6)
(7.78 2.400293775284091e6)
(7.790000000000002 2.339930759659091e6)
(7.8 2.3325691659090915e6)
(7.81 2.288398462784091e6)
(7.820000000000003 2.2736764159090905e6)
(7.830000000000001 2.2339233534090905e6)
(7.840000000000001 2.217728759659091e6)
(7.8500000000000005 2.1750328846590905e6)
(7.8599999999999985 2.1868098377840905e6)
(7.87 2.1220291815340915e6)
(7.88 2.120556634659091e6)
(7.89 2.0852223534090908e6)
(7.900000000000001 2.0808035721590917e6)
(7.910000000000001 2.0204394159090908e6)
(7.920000000000001 2.0130766815340908e6)
(7.930000000000002 1.993938134659091e6)
(7.94 1.998353494034091e6)
(7.95 1.945352072159091e6)
(7.96 1.952713665909091e6)
(7.969999999999998 1.9070715565340915e6)
(7.9799999999999995 1.9100155096590912e6)
(7.990000000000001 1.859956900284091e6)
(7.999999999999999 1.8599580409090908e6)
(8.01 1.8275677127840908e6)
(8.02 1.8216763846590908e6)
(8.03 1.7760365565340908e6)
(8.040000000000001 1.7789793690340912e6)
(8.049999999999999 1.7436450877840908e6)
(8.059999999999999 1.7539506346590912e6)
(8.070000000000002 1.7024206190340908e6)
(8.08 1.7053645721590912e6)
(8.09 1.6729731034090908e6)
(8.1 1.6832820721590905e6)
(8.109999999999998 1.640582775284091e6)
(8.12 1.642055322159091e6)
(8.129999999999999 1.593469259659091e6)
(8.139999999999999 1.627332134659091e6)
(8.15 1.568440525284091e6)
(8.16 1.605247353409091e6)
(8.17 1.5360490565340908e6)
(8.180000000000001 1.564021744034091e6)
(8.19 1.516909369034091e6)
(8.2 1.5404655565340912e6)
(8.209999999999999 1.5007124940340905e6)
(8.219999999999997 1.4992410877840915e6)
(8.229999999999999 1.459489165909091e6)
(8.24 1.483045353409091e6)
(8.249999999999998 1.437405525284091e6)
(8.26 1.4594903065340912e6)
(8.27 1.393234822159091e6)
(8.28 1.425626290909091e6)
(8.290000000000001 1.3902897284090908e6)
(8.299999999999999 1.400595275284091e6)
(8.309999999999999 1.3667335409090908e6)
(8.320000000000002 1.393234822159091e6)
(8.33 1.326980478409091e6)
(8.34 1.354955447159091e6)
(8.35 1.307840790909091e6)
(8.359999999999998 1.344649900284091e6)
(8.37 1.284283462784091e6)
(8.379999999999999 1.296062697159091e6)
(8.389999999999999 1.2798669627840908e6)
(8.4 1.2872285565340908e6)
(8.41 1.235697400284091e6)
(8.42 1.2666163221590912e6)
(8.430000000000001 1.226864400284091e6)
(8.44 1.2445315409090912e6)
(8.45 1.2077235721590908e6)
(8.459999999999999 1.2298083534090908e6)
(8.469999999999997 1.182694837784091e6)
(8.479999999999999 1.203308212784091e6)
(8.49 1.160610056534091e6)
(8.499999999999998 1.178278337784091e6)
(8.51 1.1517759159090912e6)
(8.52 1.1547210096590912e6)
(8.53 1.129691134659091e6)
(8.540000000000001 1.144413181534091e6)
(8.549999999999999 1.1061326659090912e6)
(8.559999999999999 1.113495400284091e6)
(8.570000000000002 1.086991837784091e6)
(8.58 1.129691134659091e6)
(8.59 1.0840501659090908e6)
(8.6 1.079631384659091e6)
(8.609999999999998 1.053130103409091e6)
(8.62 1.060491697159091e6)
(8.629999999999999 1.0354641034090908e6)
(8.639999999999999 1.067854431534091e6)
(8.65 1.0236848690340911e6)
(8.66 1.0384069159090911e6)
(8.67 1.010435369034091e6)
(8.680000000000001 1.0192683690340909e6)
(8.69 988349.4471590909)
(8.7 989820.8534090911)
(8.709999999999999 967737.212784091)
(8.719999999999997 986878.0409090911)
(8.729999999999999 941237.0721590909)
(8.74 975097.665909091)
(8.749999999999998 933874.3377840909)
(8.76 948597.5252840909)
(8.77 930929.244034091)
(8.78 942706.1971590909)
(8.790000000000001 897065.2284090909)
(8.799999999999999 920622.556534091)
(8.809999999999999 913262.103409091)
(8.820000000000002 917678.6034090909)
(8.83 882342.040909091)
(8.84 894121.275284091)
(8.85 866146.3065340911)
(8.859999999999998 880870.6346590909)
(8.87 849951.712784091)
(8.879999999999999 861730.947159091)
(8.889999999999999 839645.0252840911)
(8.9 852896.806534091)
(8.91 821977.884659091)
(8.92 833755.9784090909)
(8.930000000000001 799893.1034090909)
(8.94 829339.4784090909)
(8.95 795476.603409091)
(8.959999999999999 817559.1034090911)
(8.969999999999997 779282.009659091)
(8.979999999999999 807255.8377840909)
(8.99 763085.134659091)
(8.999999999999998 785169.9159090911)
(9.01 766030.2284090911)
(9.02 783697.369034091)
(9.03 741000.353409091)
(9.040000000000001 761613.7284090911)
(9.049999999999999 743945.4471590909)
(9.059999999999999 751307.0409090909)
(9.070000000000002 730693.665909091)
(9.08 749836.7752840911)
(9.09 723333.212784091)
(9.1 729223.4002840909)
(9.109999999999998 718917.8534090909)
(9.12 723333.212784091)
(9.129999999999999 699777.0252840909)
(9.139999999999999 715970.478409091)
(9.15 699777.025284091)
(9.16 710082.572159091)
(9.17 682107.6034090909)
(9.180000000000001 698305.6190340909)
(9.19 670329.5096590909)
(9.2 680636.197159091)
(9.209999999999999 665911.869034091)
(9.219999999999997 654136.0565340909)
(9.229999999999999 649717.275284091)
(9.24 658551.4159090909)
(9.249999999999998 626159.947159091)
(9.26 648245.869034091)
(9.27 617328.087784091)
(9.28 648245.869034091)
(9.290000000000001 608492.8065340911)
(9.299999999999999 611436.7596590909)
(9.309999999999999 608492.806534091)
(9.320000000000002 626161.087784091)
(9.33 599659.806534091)
(9.34 587880.572159091)
(9.35 592298.2127840911)
(9.359999999999998 590825.6659090911)
(9.37 559905.603409091)
(9.379999999999999 576102.4784090909)
(9.389999999999999 590825.6659090909)
(9.4 590824.5252840911)
(9.41 568739.744034091)
(9.42 577573.884659091)
(9.430000000000001 543711.009659091)
(9.44 573157.3846590909)
(9.45 564323.244034091)
(9.459999999999999 556961.6502840909)
(9.469999999999997 517210.86903409095)
(9.479999999999999 520153.681534091)
(9.49 523099.915909091)
(9.499999999999998 536350.556534091)
(9.51 514265.775284091)
(9.52 534876.869034091)
(9.53 505430.494034091)
(9.540000000000001 518683.41590909107)
(9.549999999999999 508375.58778409095)
(9.559999999999999 499541.447159091)
(9.570000000000002 502487.68153409107)
(9.58 503957.947159091)
(9.59 501015.13465909095)
(9.6 509849.27528409095)
(9.609999999999998 492179.853409091)
(9.62 506903.040909091)
(9.629999999999999 487764.49403409107)
(9.639999999999999 487763.353409091)
(9.65 481875.44715909095)
(9.66 490708.447159091)
(9.67 474511.5721590911)
(9.680000000000001 475987.540909091)
(9.69 448012.572159091)
(9.7 475984.11903409107)
(9.709999999999999 446538.884659091)
(9.719999999999997 453900.478409091)
(9.729999999999999 452427.931534091)
(9.74 436233.337784091)
(9.749999999999998 437705.88465909107)
(9.76 437704.74403409107)
(9.77 415619.96278409095)
(9.78 437704.744034091)
(9.790000000000001 421509.009659091)
(9.799999999999999 415621.103409091)
(9.809999999999999 405314.415909091)
(9.820000000000002 409732.056534091)
(9.83 417093.650284091)
(9.84 422981.55653409095)
(9.85 395007.72840909107)
(9.859999999999998 393536.322159091)
(9.87 389118.681534091)
(9.879999999999999 405314.415909091)
(9.889999999999999 396479.134659091)
(9.9 395007.728409091)
(9.91 383228.494034091)
(9.92 390590.08778409107)
(9.930000000000001 380284.54090909095)
(9.94 378811.994034091)
(9.95 359672.306534091)
(9.959999999999999 383229.634659091)
(9.969999999999997 369977.85340909107)
(9.979999999999999 368506.44715909095)
(9.99 368505.30653409095)
(9.999999999999998 369980.134659091)
(10.01 361145.99403409095)
(10.02 371451.540909091)
(10.03 361143.71278409095)
(10.040000000000001 371451.540909091)
(10.049999999999999 361145.994034091)
(10.059999999999999 334643.57215909095)
(10.070000000000002 356728.35340909095)
(10.08 368506.44715909095)
(10.09 349366.75965909095)
(10.1 337588.66590909095)
(10.109999999999998 339058.93153409095)
(10.12 349365.61903409095)
(10.129999999999999 350838.165909091)
(10.139999999999999 337587.52528409095)
(10.15 347894.212784091)
(10.16 337587.525284091)
(10.17 328753.38465909107)
(10.180000000000001 321392.931534091)
(10.19 324336.884659091)
(10.2 308141.15028409095)
(10.209999999999999 328752.24403409095)
(10.219999999999997 319920.384659091)
(10.229999999999999 322863.19715909095)
(10.24 321394.072159091)
(10.249999999999998 308141.15028409107)
(10.26 299309.2909090909)
(10.27 294890.509659091)
(10.28 302250.962784091)
(10.290000000000001 305197.197159091)
(10.299999999999999 306668.60340909095)
(10.309999999999999 312557.650284091)
(10.320000000000002 306669.74403409095)
(10.33 296363.05653409095)
(10.34 286057.50965909095)
(10.35 294890.509659091)
(10.359999999999998 296361.91590909107)
(10.37 293417.962784091)
(10.379999999999999 284583.82215909095)
(10.389999999999999 280167.32215909095)
(10.4 280167.32215909095)
(10.41 291946.55653409095)
(10.42 274279.415909091)
(10.430000000000001 269860.63465909107)
(10.44 283113.556534091)
(10.45 272804.587784091)
(10.459999999999999 278697.056534091)
(10.469999999999997 287531.1971590909)
(10.479999999999999 268389.22840909095)
(10.49 280167.32215909095)
(10.499999999999998 281639.869034091)
(10.51 262500.181534091)
(10.52 263972.72840909095)
(10.53 261027.63465909095)
(10.540000000000001 272805.72840909095)
(10.549999999999999 265444.13465909107)
(10.559999999999999 244831.90028409095)
(10.570000000000002 255139.72840909098)
(10.58 259553.94715909098)
(10.59 266916.681534091)
(10.6 249248.40028409098)
(10.609999999999998 252193.49403409098)
(10.62 253666.04090909095)
(10.629999999999999 246304.44715909104)
(10.639999999999999 255137.44715909098)
(10.65 235998.90028409098)
(10.66 241889.087784091)
(10.67 246305.58778409098)
(10.680000000000001 247775.85340909098)
(10.69 230108.71278409098)
(10.7 222748.259659091))