((0. 155121.30437499995)
(0.010000000000000009 346521.60124999995)
(0.020000000000000018 596814.6481250001)
(0.030000000000000027 963421.7887499998)
(0.03999999999999998 1.4095316325e6)
(0.04999999999999999 2.0455692262499996e6)
(0.06 2.840617929375e6)
(0.07 3.8432626637499994e6)
(0.08000000000000002 4.700146929375e6)
(0.09000000000000002 5.841187116874999e6)
(0.10000000000000003 6.739295851249998e6)
(0.10999999999999993 8.185105335625e6)
(0.12000000000000005 1.0574667945e7)
(0.12999999999999995 1.2376776741875e7)
(0.14000000000000007 1.773451478875e7)
(0.14999999999999997 2.3053972320000004e7)
(0.1600000000000001 2.8709120351250008e7)
(0.16999999999999998 3.2634302976249997e7)
(0.18 3.395496536687501e7)
(0.19 3.509600669499999e7)
(0.2 3.5782102898125e7)
(0.21000000000000002 3.6091288695e7)
(0.22000000000000003 3.624293707e7)
(0.22999999999999998 3.625324489812501e7)
(0.24000000000000005 3.6238519429375e7)
(0.25 3.618993450750001e7)
(0.2599999999999999 3.61266252575e7)
(0.27 3.604417403875e7)
(0.28000000000000014 3.595878000750001e7)
(0.29000000000000004 3.583069010125001e7)
(0.29999999999999993 3.5708486960625e7)
(0.31000000000000005 3.5565673866875e7)
(0.3200000000000002 3.537427357e7)
(0.32999999999999996 3.51740391325e7)
(0.33999999999999997 3.4938469273125e7)
(0.35 3.472940183562501e7)
(0.36 3.447027464812501e7)
(0.37 3.415372611687501e7)
(0.38 3.38327645075e7)
(0.39 3.3458796913750008e7)
(0.4 3.3092190913750004e7)
(0.41000000000000003 3.2696139679375e7)
(0.42000000000000004 3.232953482e7)
(0.43000000000000005 3.1917286710625004e7)
(0.44000000000000006 3.1578655679375e7)
(0.45000000000000007 3.1189964898125e7)
(0.45999999999999996 3.0818942398125004e7)
(0.46999999999999986 3.0452338679375e7)
(0.48 3.0066592991875e7)
(0.4900000000000001 2.9713237632500004e7)
(0.5 2.9390802335624997e7)
(0.5099999999999999 2.9024196335625e7)
(0.52 2.8669370710625004e7)
(0.5300000000000001 2.8324847210625e7)
(0.54 2.7962658851249993e7)
(0.5499999999999999 2.762108272625e7)
(0.5600000000000002 2.72633120075e7)
(0.5700000000000002 2.6952654804374997e7)
(0.5800000000000001 2.6602243398125e7)
(0.59 2.6313672116875004e7)
(0.6 2.5986819179375e7)
(0.61 2.5670270648125e7)
(0.62 2.5387587273124997e7)
(0.63 2.5047484835625004e7)
(0.64 2.4782467460625e7)
(0.65 2.4482115804375008e7)
(0.66 2.4230352491875004e7)
(0.67 2.3896136820000004e7)
(0.68 2.3681179195e7)
(0.6900000000000001 2.3411746460625e7)
(0.7000000000000001 2.31437851325e7)
(0.71 2.2915578007500004e7)
(0.7199999999999999 2.2654978273125004e7)
(0.7300000000000001 2.2404685226250004e7)
(0.7400000000000001 2.2207395882499997e7)
(0.75 2.1954157741875e7)
(0.76 2.1723005523125004e7)
(0.7699999999999998 2.1506576491874997e7)
(0.78 2.129014632e7)
(0.79 2.1106106476249997e7)
(0.8 2.09250140075e7)
(0.8100000000000003 2.0738030210625e7)
(0.8200000000000001 2.054810360125e7)
(0.8300000000000001 2.0368480257500004e7)
(0.8400000000000001 2.0197691054375e7)
(0.8499999999999999 2.0009236991875e7)
(0.8600000000000001 1.987819857e7)
(0.8700000000000001 1.9720661148125004e7)
(0.8800000000000001 1.9549874226249997e7)
(0.8900000000000003 1.93982281325e7)
(0.9000000000000001 1.929516582e7)
(0.9099999999999999 1.914940535125e7)
(0.9199999999999999 1.902720335125e7)
(0.9299999999999999 1.8872613304375e7)
(0.9399999999999997 1.8804885273125e7)
(0.95 1.868121072625e7)
(0.96 1.8588456241875e7)
(0.97 1.849275666375e7)
(0.9800000000000002 1.8399999898125e7)
(0.99 1.8314604726250004e7)
(1. 1.8238045976250004e7)
(1.01 1.8173264179375e7)
(1.0199999999999998 1.8092286648125e7)
(1.03 1.7984810116875004e7)
(1.04 1.7958306554375004e7)
(1.05 1.7872912523125004e7)
(1.0600000000000003 1.783757710125e7)
(1.07 1.7762488616875e7)
(1.08 1.771684878875e7)
(1.09 1.768004082e7)
(1.0999999999999999 1.7625563429375004e7)
(1.11 1.7596118195000004e7)
(1.12 1.754017053875e7)
(1.1300000000000001 1.747538760125e7)
(1.1400000000000003 1.7448887460625004e7)
(1.1500000000000001 1.741355203875e7)
(1.16 1.7375271523124997e7)
(1.17 1.7326683179375004e7)
(1.18 1.730901832e7)
(1.1899999999999997 1.7263376210625e7)
(1.2 1.723540010125e7)
(1.21 1.72015395075e7)
(1.22 1.71765096325e7)
(1.2300000000000002 1.7139701663750004e7)
(1.24 1.712056197625e7)
(1.25 1.7086699101249997e7)
(1.26 1.7066086866875e7)
(1.2699999999999998 1.702338985125e7)
(1.28 1.7014555710625004e7)
(1.29 1.6985109335625e7)
(1.3 1.6960079460625e7)
(1.3100000000000003 1.6917382444999997e7)
(1.32 1.6890881163750004e7)
(1.33 1.6870270070000004e7)
(1.34 1.6861434788750004e7)
(1.3499999999999999 1.6829044460625e7)
(1.36 1.6801071773125e7)
(1.3700000000000003 1.6778985851250004e7)
(1.3800000000000001 1.6780456116875e7)
(1.3900000000000003 1.674953947625e7)
(1.4000000000000001 1.6718620554375e7)
(1.4100000000000001 1.6692118132500002e7)
(1.42 1.669800832e7)
(1.43 1.6672979585625e7)
(1.4399999999999997 1.664794857e7)
(1.45 1.6634699070000004e7)
(1.4600000000000002 1.6609669195000002e7)
(1.47 1.6584640460625004e7)
(1.4800000000000002 1.6592003195e7)
(1.49 1.6580222819999997e7)
(1.5 1.6547833632499998e7)
(1.51 1.6521331210625004e7)
(1.5199999999999998 1.6508081710625e7)
(1.53 1.6493356241875002e7)
(1.5399999999999998 1.6502191523124998e7)
(1.55 1.6460965913750002e7)
(1.5600000000000003 1.644329991375e7)
(1.57 1.6424157944999997e7)
(1.58 1.6441825085625002e7)
(1.59 1.6412379851250002e7)
(1.5999999999999999 1.6405017116875e7)
(1.61 1.6368210288750002e7)
(1.6200000000000003 1.6372625648125002e7)
(1.6300000000000001 1.6347598054375006e7)
(1.6400000000000003 1.6360849835625004e7)
(1.6500000000000001 1.6313734038749998e7)
(1.6600000000000001 1.631079122625e7)
(1.67 1.62783997575e7)
(1.68 1.6299011991875002e7)
(1.6899999999999997 1.62872327575e7)
(1.7 1.6279872304375e7)
(1.7100000000000002 1.6234231335624997e7)
(1.72 1.6234231335625e7)
(1.7300000000000002 1.6212144273124998e7)
(1.74 1.6223924648124998e7)
(1.75 1.6197422226249998e7)
(1.7600000000000002 1.619595082e7)
(1.77 1.6162086804375e7)
(1.7800000000000007 1.6175339726250002e7)
(1.7899999999999996 1.6159141710625e7)
(1.8000000000000003 1.6131169023125004e7)
(1.81 1.6112028195e7)
(1.8199999999999998 1.6098776413750002e7)
(1.83 1.6095832460625e7)
(1.8399999999999999 1.6100248960625006e7)
(1.85 1.608111041375e7)
(1.8599999999999999 1.607816532e7)
(1.8700000000000006 1.6047247538750004e7)
(1.8799999999999994 1.6053135445000002e7)
(1.8900000000000001 1.6028107851249998e7)
(1.9 1.6031051804374997e7)
(1.9100000000000001 1.6006024210625e7)
(1.92 1.6003077976249998e7)
(1.9300000000000002 1.5983937148125e7)
(1.94 1.5988355929375002e7)
(1.9499999999999997 1.5973630460625002e7)
(1.9600000000000004 1.596921510125e7)
(1.9700000000000002 1.5958907273125004e7)
(1.98 1.5964797460625e7)
(1.9900000000000002 1.5948602866875004e7)
(2. 1.5942712679375e7)
(2.0100000000000002 1.5897071710625e7)
(2.02 1.5922100445000002e7)
(2.0300000000000007 1.5895600304375e7)
(2.0399999999999996 1.5900014523125002e7)
(2.0500000000000003 1.588529247625e7)
(2.06 1.5886765023125004e7)
(2.07 1.5858790054375002e7)
(2.08 1.5852903288750002e7)
(2.09 1.585437241375e7)
(2.1 1.5845540554375e7)
(2.11 1.582198322625e7)
(2.1200000000000006 1.582198322625e7)
(2.1299999999999994 1.5808732585625002e7)
(2.14 1.5802843538749998e7)
(2.15 1.5782231304375002e7)
(2.16 1.577781366375e7)
(2.17 1.5763091616875002e7)
(2.18 1.5749842116875e7)
(2.19 1.5733645241875e7)
(2.1999999999999997 1.5729228741875e7)
(2.2100000000000004 1.5704198866875002e7)
(2.22 1.5720393460624998e7)
(2.23 1.568064153875e7)
(2.24 1.5679168991875002e7)
(2.25 1.566002816375e7)
(2.2600000000000002 1.5657084210625e7)
(2.27 1.5626165288750004e7)
(2.2800000000000007 1.5605553054375002e7)
(2.2899999999999996 1.5581996866875002e7)
(2.3000000000000003 1.5589358460625004e7)
(2.31 1.556874622625e7)
(2.32 1.5555495585625e7)
(2.33 1.551279857e7)
(2.34 1.5521631570000002e7)
(2.35 1.5489241241875e7)
(2.36 1.548629728875e7)
(2.3700000000000006 1.5450960726250004e7)
(2.3799999999999994 1.5452434413750004e7)
(2.39 1.5431819898125002e7)
(2.4 1.5411207663750004e7)
(2.41 1.5378816194999997e7)
(2.42 1.536556897625e7)
(2.43 1.5342010507500002e7)
(2.44 1.5324341085625002e7)
(2.4499999999999997 1.5302257445e7)
(2.4600000000000004 1.5277228710625e7)
(2.47 1.5246308648125004e7)
(2.48 1.5236004241875e7)
(2.49 1.520508532e7)
(2.5 1.520066882e7)
(2.5100000000000002 1.51520827575e7)
(2.52 1.515502557e7)
(2.5300000000000007 1.5103495554375004e7)
(2.5399999999999996 1.5088772366875002e7)
(2.5500000000000003 1.5050492991875e7)
(2.56 1.5047547898125002e7)
(2.57 1.4996016741875e7)
(2.58 1.4976875913749998e7)
(2.59 1.4926818445e7)
(2.6 1.4925347038749998e7)
(2.61 1.48870653825e7)
(2.6200000000000006 1.4867925694999998e7)
(2.6299999999999994 1.4816395679374998e7)
(2.64 1.4810505491875e7)
(2.65 1.477369866375e7)
(2.66 1.476192057e7)
(2.67 1.4714807054374998e7)
(2.68 1.467946935125e7)
(2.69 1.4626466788749998e7)
(2.6999999999999997 1.4616161241875002e7)
(2.7100000000000004 1.4552851991875004e7)
(2.72 1.4546962945000004e7)
(2.73 1.4505737335625002e7)
(2.74 1.4495430648125002e7)
(2.75 1.4445373179375e7)
(2.7600000000000002 1.44100377575e7)
(2.77 1.4373228648125e7)
(2.7800000000000007 1.4351145007500002e7)
(2.7899999999999996 1.428636435125e7)
(2.8000000000000003 1.426427728875e7)
(2.81 1.4215693507499998e7)
(2.8200000000000003 1.4209802179375e7)
(2.83 1.4153855663750002e7)
(2.84 1.4133242288750002e7)
(2.85 1.4081712273125002e7)
(2.86 1.4061098898125004e7)
(2.8700000000000006 1.4000735882500002e7)
(2.8799999999999994 1.3986011554375e7)
(2.89 1.3930063898125e7)
(2.9 1.3897672429375002e7)
(2.91 1.3841724773124998e7)
(2.92 1.3810806991875e7)
(2.93 1.3765164882499998e7)
(2.94 1.3719522773125002e7)
(2.9499999999999997 1.36679927575e7)
(2.9600000000000004 1.3651797023124998e7)
(2.97 1.3591431726249998e7)
(2.98 1.3542845663749998e7)
(2.9900000000000007 1.3501620054375002e7)
(3. 1.3469230866874998e7)
(3.0100000000000002 1.3407394163749998e7)
(3.02 1.3385309382499998e7)
(3.0300000000000007 1.3330834273124998e7)
(3.0399999999999996 1.3298443944999998e7)
(3.0500000000000003 1.3232189601249998e7)
(3.06 1.3189491445e7)
(3.0700000000000003 1.31276558825e7)
(3.0799999999999996 1.311734691375e7)
(3.09 1.3043732116874998e7)
(3.1 1.300545160125e7)
(3.11 1.2936253304375e7)
(3.1200000000000006 1.2912697116874998e7)
(3.1299999999999994 1.285233182e7)
(3.14 1.2811106210624998e7)
(3.15 1.2741909054375e7)
(3.16 1.27198231325e7)
(3.1700000000000004 1.2659457835624998e7)
(3.18 1.2631485148125e7)
(3.19 1.2534313023125e7)
(3.1999999999999997 1.2515173335624998e7)
(3.2100000000000004 1.2437139757500002e7)
(3.22 1.2418000069999998e7)
(3.23 1.23399676325e7)
(3.2400000000000007 1.2326716991874998e7)
(3.25 1.2242796648124998e7)
(3.2600000000000002 1.2229544866875e7)
(3.27 1.2145622241874998e7)
(3.2800000000000007 1.212353860125e7)
(3.2899999999999996 1.20366708825e7)
(3.3000000000000003 1.2005754241875e7)
(3.31 1.1940971304375e7)
(3.3200000000000003 1.191594028875e7)
(3.3299999999999996 1.183643872625e7)
(3.34 1.1811409991874998e7)
(3.35 1.173631922625e7)
(3.36 1.1706873991875002e7)
(3.3700000000000006 1.1637674554375e7)
(3.3799999999999994 1.1597923773125e7)
(3.39 1.1539031023124998e7)
(3.4 1.1503696741875e7)
(3.41 1.1433023616875e7)
(3.4200000000000004 1.13873815075e7)
(3.43 1.1315240398125e7)
(3.44 1.1296100710625e7)
(3.4499999999999997 1.1216593445e7)
(3.4600000000000004 1.1182731710624998e7)
(3.47 1.1113533413750002e7)
(3.48 1.1085559585624998e7)
(3.4900000000000007 1.10193063825e7)
(3.5 1.1000165554375e7)
(3.5100000000000002 1.0928022163749998e7)
(3.52 1.0885325148125e7)
(3.5300000000000007 1.0801404804375e7)
(3.5399999999999996 1.0799929976249998e7)
(3.5500000000000003 1.0723370085625e7)
(3.56 1.069686766375e7)
(3.5700000000000003 1.0607058273125e7)
(3.5799999999999996 1.0579084445e7)
(3.59 1.0506941054374998e7)
(3.6 1.0487799085625e7)
(3.61 1.0423019569999997e7)
(3.6200000000000006 1.0409767788749998e7)
(3.6299999999999994 1.0321428663750002e7)
(3.64 1.029787247625e7)
(3.65 1.0216896085625e7)
(3.66 1.0208061944999998e7)
(3.6700000000000004 1.0135916273125e7)
(3.68 1.0122666773125e7)
(3.69 1.0028439741875e7)
(3.6999999999999997 9.997521960624997e6)
(3.7100000000000004 9.93568297625e6)
(3.72 9.920960929375e6)
(3.73 9.862068179375e6)
(3.7400000000000007 9.845873585625e6)
(3.75 9.7722565075e6)
(3.759999999999999 9.731033179374998e6)
(3.7700000000000005 9.650055648125e6)
(3.7800000000000002 9.660361195e6)
(3.79 9.576439710625e6)
(3.8 9.560246257499998e6)
(3.8100000000000014 9.502826054375e6)
(3.8200000000000003 9.489574273125e6)
(3.829999999999999 9.401235148125e6)
(3.84 9.382095460625e6)
(3.8500000000000005 9.312896023124998e6)
(3.8600000000000003 9.301117929375002e6)
(3.87 9.240754913749998e6)
(3.88 9.22014153875e6)
(3.8899999999999997 9.117079226249998e6)
(3.8999999999999995 9.108245085624998e6)
(3.91 9.052297429375e6)
(3.920000000000001 9.028740101250002e6)
(3.9299999999999997 8.962486898124998e6)
(3.9400000000000004 8.95070766375e6)
(3.95 8.872676366875e6)
(3.96 8.863842226250002e6)
(3.9699999999999998 8.794641648125e6)
(3.9800000000000004 8.781392148125e6)
(3.990000000000001 8.685692569999998e6)
(4. 8.693053023125e6)
(4.009999999999999 8.634160273125e6)
(4.0200000000000005 8.612075491874998e6)
(4.03 8.532571648125002e6)
(4.04 8.511961695e6)
(4.05 8.45454035125e6)
(4.060000000000001 8.461901944999998e6)
(4.07 8.398591554375e6)
(4.079999999999999 8.383867226249998e6)
(4.09 8.298474335625e6)
(4.1000000000000005 8.301419429375e6)
(4.11 8.233693679374999e6)
(4.12 8.242525538749999e6)
(4.13 8.164494241874999e6)
(4.14 8.145354554374998e6)
(4.1499999999999995 8.093823398125e6)
(4.16 8.089406898125e6)
(4.170000000000001 8.0260965075e6)
(4.18 8.012843585624999e6)
(4.19 7.943646429374998e6)
(4.2 7.967202616874999e6)
(4.21 7.881809726249999e6)
(4.22 7.868560226249999e6)
(4.23 7.834696210624999e6)
(4.240000000000001 7.834696210624999e6)
(4.25 7.764025366875e6)
(4.259999999999999 7.762552819999999e6)
(4.2700000000000005 7.700716116874999e6)
(4.28 7.709549116874998e6)
(4.29 7.634461773124999e6)
(4.3 7.64329591375e6)
(4.310000000000001 7.565263476249999e6)
(4.32 7.5961812575e6)
(4.329999999999999 7.50931582e6)
(4.34 7.52256760125e6)
(4.3500000000000005 7.457783523125e6)
(4.36 7.478396898124999e6)
(4.37 7.394475413749998e6)
(4.38 7.395947960625e6)
(4.39 7.342945398124999e6)
(4.3999999999999995 7.342944257499998e6)
(4.41 7.3046648825e6)
(4.420000000000001 7.31497157e6)
(4.43 7.2369391325e6)
(4.44 7.251662319999999e6)
(4.45 7.191297023124999e6)
(4.46 7.198658616874999e6)
(4.47 7.125042679375e6)
(4.48 7.130932866874998e6)
(4.490000000000001 7.072038976249999e6)
(4.5 7.083815929374999e6)
(4.509999999999999 7.0352310075e6)
(4.5200000000000005 7.032287054375e6)
(4.53 6.968977804375e6)
(4.54 6.977811945000001e6)
(4.55 6.941003976249999e6)
(4.560000000000001 6.946893023124999e6)
(4.57 6.883584913749999e6)
(4.579999999999999 6.89094422625e6)
(4.59 6.834997710624999e6)
(4.6000000000000005 6.852663710625e6)
(4.61 6.792299554375e6)
(4.62 6.792300694999998e6)
(4.63 6.731935398124999e6)
(4.64 6.774633554374999e6)
(4.6499999999999995 6.708378069999999e6)
(4.66 6.69659997625e6)
(4.670000000000001 6.65684691375e6)
(4.68 6.646541366874999e6)
(4.69 6.609732257499999e6)
(4.7 6.625927991874999e6)
(4.71 6.565564976249999e6)
(4.72 6.565563835624999e6)
(4.73 6.522867960624999e6)
(4.740000000000001 6.537591148125e6)
(4.75 6.489005085624999e6)
(4.759999999999999 6.493422726249998e6)
(4.7700000000000005 6.452197116874999e6)
(4.78 6.447779476249999e6)
(4.79 6.409497819999999e6)
(4.8 6.412444054375e6)
(4.810000000000001 6.353551304375e6)
(4.82 6.38447022625e6)
(4.829999999999999 6.331466523125e6)
(4.84 6.328521429375e6)
(4.8500000000000005 6.285823273125e6)
(4.86 6.306438929374999e6)
(4.87 6.256379179375e6)
(4.88 6.260796819999999e6)
(4.89 6.218097523124999e6)
(4.8999999999999995 6.229877898124999e6)
(4.91 6.193068788749998e6)
(4.920000000000001 6.1915973825e6)
(4.93 6.14742782e6)
(4.94 6.163624694999999e6)
(4.95 6.12092653875e6)
(4.96 6.134177179374999e6)
(4.97 6.081174616874999e6)
(4.98 6.092952710624998e6)
(4.990000000000001 6.045838054374999e6)
(5. 6.070866788749999e6)
(5.009999999999999 6.010503773124998e6)
(5.0200000000000005 6.02375441375e6)
(5.03 5.982528804374998e6)
(5.04 6.001668491875e6)
(5.05 5.948665929374999e6)
(5.060000000000001 5.972224398125e6)
(5.07 5.919219554375e6)
(5.079999999999999 5.944248288750001e6)
(5.09 5.89419082e6)
(5.1000000000000005 5.905967773125e6)
(5.11 5.857381710625e6)
(5.12 5.860325663749999e6)
(5.13 5.82646278875e6)
(5.14 5.854437757499999e6)
(5.1499999999999995 5.801434054374998e6)
(5.16 5.820574882499999e6)
(5.170000000000001 5.767572319999999e6)
(5.18 5.78229322625e6)
(5.19 5.733708304375001e6)
(5.2 5.764626085625e6)
(5.21 5.732235757499999e6)
(5.22 5.755793085625e6)
(5.23 5.671872741875001e6)
(5.240000000000001 5.72192907e6)
(5.25 5.664508866875001e6)
(5.259999999999999 5.710152116875e6)
(5.2700000000000005 5.655675866874999e6)
(5.28 5.667453960625e6)
(5.29 5.60856235125e6)
(5.3 5.6394801325e6)
(5.310000000000001 5.598256804374998e6)
(5.32 5.630648273124999e6)
(5.329999999999999 5.573225788749999e6)
(5.34 5.5761708825e6)
(5.3500000000000005 5.539362913749999e6)
(5.36 5.564392788749999e6)
(5.37 5.517279273125001e6)
(5.38 5.549669601249999e6)
(5.39 5.483416398125e6)
(5.3999999999999995 5.521696913749999e6)
(5.41 5.481943851249999e6)
(5.420000000000001 5.512862773124998e6)
(5.43 5.449551241874999e6)
(5.44 5.459859069999999e6)
(5.45 5.428940148124999e6)
(5.46 5.455442569999999e6)
(5.47 5.415689507499998e6)
(5.48 5.440718241874999e6)
(5.490000000000001 5.383299179374999e6)
(5.5 5.420106007499999e6)
(5.509999999999999 5.375936445e6)
(5.5200000000000005 5.412745554374999e6)
(5.53 5.345018663749999e6)
(5.54 5.384770585625e6)
(5.55 5.319988788749999e6)
(5.560000000000001 5.353851663749998e6)
(5.57 5.296431460625001e6)
(5.579999999999999 5.317043694999999e6)
(5.59 5.2846545075e6)
(5.6000000000000005 5.302321648124999e6)
(5.61 5.2684576325e6)
(5.62 5.289069866874999e6)
(5.63 5.240484944999999e6)
(5.64 5.271402726249999e6)
(5.6499999999999995 5.23164966375e6)
(5.66 5.256680679375e6)
(5.670000000000001 5.209566023124999e6)
(5.68 5.231651945e6)
(5.69 5.165397601249999e6)
(5.7 5.1963153825e6)
(5.71 5.156563460624999e6)
(5.72 5.188953788749999e6)
(5.73 5.138892898124999e6)
(5.740000000000001 5.171286648124999e6)
(5.75 5.134477538749999e6)
(5.759999999999999 5.143311679375e6)
(5.7700000000000005 5.100613523124999e6)
(5.78 5.13153472625e6)
(5.79 5.084418929374999e6)
(5.8 5.113865304375e6)
(5.810000000000001 5.060861601249999e6)
(5.82 5.084418929374999e6)
(5.829999999999999 5.024055913749999e6)
(5.84 5.088835429375e6)
(5.8500000000000005 5.01374922625e6)
(5.86 5.052029741874999e6)
(5.87 5.006385351249999e6)
(5.88 5.038779101249999e6)
(5.890000000000001 4.987247945e6)
(5.8999999999999995 5.019638273124999e6)
(5.91 4.972522476249999e6)
(5.920000000000001 4.999027179374999e6)
(5.93 4.95043997625e6)
(5.94 4.975468710625e6)
(5.95 4.935716788749999e6)
(5.96 4.963690616874998e6)
(5.97 4.910688054375e6)
(5.98 4.947496023124999e6)
(5.990000000000001 4.894491179374999e6)
(6. 4.925411241874999e6)
(6.009999999999999 4.9018516325e6)
(6.0200000000000005 4.9180485075e6)
(6.03 4.854739257499999e6)
(6.04 4.8930186325e6)
(6.05 4.85032047625e6)
(6.060000000000001 4.878295444999999e6)
(6.07 4.840016069999999e6)
(6.079999999999999 4.840016070000001e6)
(6.09 4.82382147625e6)
(6.1000000000000005 4.838543523124999e6)
(6.11 4.791430007499999e6)
(6.12 4.847376523124999e6)
(6.13 4.797316773125e6)
(6.140000000000001 4.834127023124999e6)
(6.1499999999999995 4.767873819999999e6)
(6.159999999999999 4.79290141375e6)
(6.170000000000001 4.7413702575e6)
(6.18 4.795846507499999e6)
(6.19 4.74873185125e6)
(6.2 4.78112332e6)
(6.21 4.73106585125e6)
(6.22 4.776705679374999e6)
(6.230000000000001 4.73989885125e6)
(6.240000000000001 4.75020553875e6)
(6.25 4.697201835625e6)
(6.259999999999999 4.751676944999999e6)
(6.2700000000000005 4.720759163749999e6)
(6.28 4.748732991875e6)
(6.29 4.686895148125e6)
(6.3 4.711925023124998e6)
(6.310000000000001 4.670698273124998e6)
(6.32 4.716341523124999e6)
(6.329999999999999 4.685423741874999e6)
(6.340000000000001 4.708981069999999e6)
(6.3500000000000005 4.65744991375e6)
(6.36 4.683951194999999e6)
(6.37 4.67217310125e6)
(6.38 4.681006101249999e6)
(6.390000000000001 4.645670679374998e6)
(6.3999999999999995 4.661865273124999e6)
(6.409999999999999 4.63683653875e6)
(6.420000000000001 4.669228007499999e6)
(6.43 4.626530991875e6)
(6.44 4.645670679375e6)
(6.45 4.617696851249999e6)
(6.46 4.64714322625e6)
(6.47 4.611806663749999e6)
(6.480000000000001 4.633891444999999e6)
(6.490000000000001 4.598557163749999e6)
(6.5 4.623585898124999e6)
(6.509999999999999 4.5853053825e6)
(6.5200000000000005 4.608862710624999e6)
(6.53 4.577943788749999e6)
(6.54 4.616224304374999e6)
(6.55 4.57352728875e6)
(6.560000000000001 4.595610929374999e6)
(6.57 4.566165694999999e6)
(6.579999999999999 4.585305382499999e6)
(6.590000000000001 4.544082054375e6)
(6.6000000000000005 4.563219460625e6)
(6.61 4.530829132499999e6)
(6.62 4.5514425075e6)
(6.63 4.513161991874999e6)
(6.640000000000001 4.5426095075e6)
(6.6499999999999995 4.510219179374999e6)
(6.659999999999999 4.527885179374999e6)
(6.670000000000001 4.511689444999999e6)
(6.68 4.519052179374999e6)
(6.69 4.496967398124999e6)
(6.7 4.510218038749998e6)
(6.71 4.491078351249999e6)
(6.72 4.498439945e6)
(6.730000000000001 4.474882616874999e6)
(6.740000000000001 4.502856445e6)
(6.75 4.463104523124998e6)
(6.759999999999999 4.483715616874999e6)
(6.7700000000000005 4.461631976249999e6)
(6.78 4.45721547625e6)
(6.79 4.433658148124999e6)
(6.8 4.457214335624999e6)
(6.810000000000001 4.423351460624999e6)
(6.82 4.448382476249999e6)
(6.829999999999999 4.407156866875e6)
(6.840000000000001 4.439548335624999e6)
(6.8500000000000005 4.396849038749999e6)
(6.86 4.426296554374999e6)
(6.87 4.405685460624999e6)
(6.88 4.41598872625e6)
(6.890000000000001 4.395377632499999e6)
(6.8999999999999995 4.38948972625e6)
(6.909999999999999 4.388016038749999e6)
(6.920000000000001 4.380655585625e6)
(6.93 4.365931257499999e6)
(6.94 4.386543491874999e6)
(6.95 4.354153163749999e6)
(6.96 4.362986163749999e6)
(6.97 4.357098257499999e6)
(6.980000000000001 4.351209210625e6)
(6.990000000000001 4.340902523125e6)
(7. 4.337957429375e6)
(7.009999999999999 4.333540929374999e6)
(7.0200000000000005 4.343847616874999e6)
(7.03 4.30998360125e6)
(7.04 4.333540929374999e6)
(7.05 4.30409341375e6)
(7.060000000000001 4.324706788749999e6)
(7.07 4.305565960624999e6)
(7.079999999999999 4.305568241875e6)
(7.090000000000001 4.289372507499999e6)
(7.1000000000000005 4.296732960625e6)
(7.11 4.271703085625e6)
(7.12 4.28642741375e6)
(7.13 4.267287726249999e6)
(7.140000000000001 4.271703085625e6)
(7.1499999999999995 4.255508491874999e6)
(7.159999999999999 4.27612072625e6)
(7.170000000000001 4.245202945e6)
(7.18 4.264340351249999e6)
(7.19 4.230479757499999e6)
(7.2 4.262870085625001e6)
(7.21 4.229006069999999e6)
(7.22 4.248148038749999e6)
(7.230000000000001 4.220173069999999e6)
(7.240000000000001 4.23784135125e6)
(7.25 4.2142828825e6)
(7.259999999999999 4.20692357e6)
(7.2700000000000005 4.199559694999999e6)
(7.28 4.203977335625e6)
(7.29 4.1789486012500003e6)
(7.3 4.177477195e6)
(7.310000000000001 4.1818948356250003e6)
(7.32 4.177476054375e6)
(7.329999999999999 4.16422541375e6)
(7.340000000000001 4.168643054374999e6)
(7.3500000000000005 4.143610898125e6)
(7.36 4.176004648125e6)
(7.37 4.14361203875e6)
(7.38 4.15391872625e6)
(7.390000000000001 4.128889991875e6)
(7.3999999999999995 4.1495010856249994e6)
(7.409999999999999 4.1333064918749994e6)
(7.420000000000001 4.1112205699999994e6)
(7.43 4.1038601168749994e6)
(7.44 4.1171107575e6)
(7.45 4.109750304374999e6)
(7.46 4.1215283981249994e6)
(7.47 4.111223991874999e6)
(7.480000000000001 4.1023887106250003e6)
(7.490000000000001 4.087665523125e6)
(7.5 4.08471928875e6)
(7.509999999999999 4.0920820231250003e6)
(7.5200000000000005 4.0920820231250003e6)
(7.53 4.0729423356249994e6)
(7.54 4.0670544293749994e6)
(7.55 4.04791132e6)
(7.560000000000001 4.068523554375e6)
(7.57 4.04791132e6)
(7.579999999999999 4.0655796012500003e6)
(7.590000000000001 4.043495960625e6)
(7.6000000000000005 4.0376069137499994e6)
(7.61 4.0346606793750003e6)
(7.62 4.039078319999999e6)
(7.63 4.0331881324999994e6)
(7.640000000000001 4.021411179375e6)
(7.6499999999999995 4.0140495856249994e6)
(7.659999999999999 4.0199386325e6)
(7.670000000000001 4.00227035125e6)
(7.680000000000001 4.0111044918750008e6)
(7.69 3.991965945e6)
(7.7 3.9934373512499994e6)
(7.71 3.9816592575e6)
(7.72 3.9860768981249994e6)
(7.730000000000001 3.9757702106250003e6)
(7.740000000000001 3.9772416168749994e6)
(7.75 3.9669349293749994e6)
(7.76 3.9610458825e6)
(7.769999999999998 3.96546466375e6)
(7.779999999999999 3.96693607e6)
(7.790000000000001 3.953685429375e6)
(7.799999999999999 3.9639909762500003e6)
(7.8100000000000005 3.9315995075000008e6)
(7.82 3.93896110125e6)
(7.83 3.9345446012499994e6)
(7.840000000000002 3.9389622418750003e6)
(7.85 3.9301269606249994e6)
(7.859999999999999 3.9227665074999994e6)
(7.870000000000003 3.9124598200000003e6)
(7.880000000000001 3.902154273125e6)
(7.890000000000001 3.9036256793750003e6)
(7.9 3.894792679375e6)
(7.909999999999998 3.90804332e6)
(7.92 3.90657191375e6)
(7.93 3.90068172625e6)
(7.9399999999999995 3.8859585387500003e6)
(7.950000000000001 3.8756529918750003e6)
(7.960000000000001 3.8756529918750003e6)
(7.970000000000001 3.8800694918749994e6)
(7.980000000000002 3.8727067574999994e6)
(7.99 3.866817710624999e6)
(8. 3.891847585625e6)
(8.01 3.85798357e6)
(8.019999999999998 3.8535670699999994e6)
(8.03 3.84915057e6)
(8.040000000000001 3.847678023125e6)
(8.049999999999999 3.8476791637500003e6)
(8.06 3.8432603824999994e6)
(8.07 3.83148228875e6)
(8.08 3.8388438825e6)
(8.090000000000002 3.8255943824999994e6)
(8.1 3.8373724762500003e6)
(8.11 3.818231648124999e6)
(8.120000000000003 3.8211767418749994e6)
(8.13 3.8108689137499994e6)
(8.14 3.8182327887499994e6)
(8.15 3.80203591375e6)
(8.159999999999998 3.8093975075e6)
(8.17 3.80203591375e6)
(8.18 3.8035084606249994e6)
(8.19 3.799091960625e6)
(8.200000000000001 3.7873138668749994e6)
(8.21 3.7873138668749994e6)
(8.22 3.78731272625e6)
(8.230000000000002 3.77258953875e6)
(8.24 3.77259182e6)
(8.25 3.7637553981249994e6)
(8.26 3.7681730387500003e6)
(8.269999999999998 3.77258953875e6)
(8.28 3.7622828512499994e6)
(8.290000000000001 3.7490344918749994e6)
(8.299999999999999 3.75344985125e6)
(8.31 3.7357827106250003e6)
(8.32 3.7652290856249994e6)
(8.33 3.75786635125e6)
(8.340000000000002 3.7505047574999994e6)
(8.35 3.7431443043749994e6)
(8.36 3.7505047574999994e6)
(8.370000000000003 3.7343101637499994e6)
(8.38 3.740200351249999e6)
(8.39 3.738727804375e6)
(8.4 3.7122265231250003e6)
(8.409999999999998 3.721059523125e6)
(8.42 3.72253207e6)
(8.43 3.72400347625e6)
(8.44 3.7269485699999994e6)
(8.450000000000001 3.7063363356250003e6)
(8.46 3.7078088825000003e6)
(8.47 3.7063363356250003e6)
(8.480000000000002 3.7048649293749994e6)
(8.49 3.7019198356250003e6)
(8.5 3.6960296481250003e6)
(8.51 3.68130760125e6)
(8.519999999999998 3.69161428875e6)
(8.53 3.691613148125e6)
(8.540000000000001 3.6842515543750003e6)
(8.549999999999999 3.68425041375e6)
(8.56 3.679835054375e6)
(8.57 3.671002054375e6)
(8.58 3.6695295075e6)
(8.590000000000002 3.66805582e6)
(8.6 3.6695295074999994e6)
(8.61 3.6533337731249994e6)
(8.620000000000003 3.6724734606250003e6)
(8.63 3.6577514137500003e6)
(8.64 3.6651130074999994e6)
(8.65 3.6606942262499994e6)
(8.659999999999998 3.6445007731249994e6)
(8.67 3.65186122625e6)
(8.68 3.6592228199999994e6)
(8.69 3.6444996325000003e6)
(8.700000000000001 3.650388679375e6)
(8.71 3.63272153875e6)
(8.72 3.63713803875e6)
(8.730000000000002 3.638610585625e6)
(8.74 3.63713803875e6)
(8.75 3.6327203981249994e6)
(8.76 3.6283050387499994e6)
(8.769999999999998 3.6194697575e6)
(8.78 3.6194697575e6)
(8.790000000000001 3.62535766375e6)
(8.799999999999999 3.620942304374999e6)
(8.81 3.6253599449999994e6)
(8.82 3.6047477106249994e6)
(8.83 3.6106378981249994e6)
(8.840000000000002 3.5959135699999994e6)
(8.85 3.597384976249999e6)
(8.86 3.60327516375e6)
(8.870000000000003 3.60769166375e6)
(8.88 3.5841343356249994e6)
(8.89 3.588553116874999e6)
(8.9 3.5870805699999994e6)
(8.909999999999998 3.5929684762499994e6)
(8.92 3.5826629293750003e6)
(8.93 3.5708836949999994e6)
(8.94 3.5929684762500003e6)
(8.950000000000001 3.572357382499999e6)
(8.96 3.5694122887499994e6)
(8.97 3.5767738824999994e6)
(8.980000000000002 3.55910560125e6)
(8.99 3.551745148125e6)
(9. 3.5620506950000003e6)
(9.01 3.5649946481250003e6)
(9.019999999999998 3.5753001949999994e6)
(9.03 3.5591044606249994e6)
(9.040000000000001 3.544381273125e6)
(9.049999999999999 3.53554941375e6)
(9.06 3.5355482731249994e6)
(9.07 3.548800054375e6)
(9.08 3.553216554375e6)
(9.090000000000002 3.5370196793749994e6)
(9.1 3.53702082e6)
(9.11 3.5340757262499994e6)
(9.120000000000003 3.5222964918750003e6)
(9.13 3.5311306324999994e6)
(9.14 3.5281866793749994e6)
(9.15 3.5296580856249994e6)
(9.159999999999998 3.5237690387500003e6)
(9.17 3.522298773125e6)
(9.18 3.5105183981249994e6)
(9.19 3.5119909449999994e6)
(9.200000000000001 3.5222976324999994e6)
(9.21 3.5164085856250003e6)
(9.22 3.5105195387500008e6)
(9.230000000000002 3.501685398125e6)
(9.24 3.51051953875e6)
(9.25 3.5046304918749994e6)
(9.26 3.52082622625e6)
(9.269999999999998 3.4943226637500003e6)
(9.28 3.47665666375e6)
(9.290000000000001 3.476655523125e6)
(9.299999999999999 3.4663511168749994e6)
(9.31 3.457515835625e6)
(9.32 3.47665666375e6)
(9.33 3.4678213825e6)
(9.340000000000002 3.4604586481249994e6)
(9.35 3.444264054375e6)
(9.36 3.4560444293749994e6)
(9.370000000000003 3.4486816950000008e6)
(9.38 3.4589895231250003e6)
(9.39 3.435431054375e6)
(9.4 3.43542991375e6)
(9.409999999999998 3.4383750075000003e6)
(9.42 3.43837728875e6)
(9.43 3.4663499762500003e6)
(9.44 3.5635232418749994e6)
(9.450000000000001 3.6886691950000003e6)
(9.46 3.8241218356250003e6)
(9.47 3.9536842887499994e6)
(9.480000000000002 4.009631945e6)
(9.49 3.9978527106249994e6)
(9.5 3.921293960624999e6)
(9.51 3.8138151481250003e6)
(9.519999999999998 3.688670335625e6)
(9.53 3.5753013356249994e6)
(9.540000000000001 3.4796017575e6)
(9.549999999999999 3.4265969137500003e6)
(9.56 3.379483398125e6)
(9.57 3.3382577887499994e6)
(9.58 3.3279533825e6)
(9.590000000000002 3.327952241875e6)
(9.6 3.3264796950000003e6)
(9.61 3.3191203824999994e6)
(9.620000000000003 3.31911810125e6)
(9.63 3.3412028825e6)
(9.64 3.3323687418750003e6)
(9.65 3.35150957e6)
(9.659999999999998 3.3367863825000003e6)
(9.67 3.345620523125e6)
(9.68 3.323535741875e6)
(9.69 3.338258929375e6)
(9.700000000000001 3.333842429375e6)
(9.71 3.3412028825e6)
(9.72 3.3220631950000003e6)
(9.730000000000002 3.323535741875e6)
(9.74 3.302922366875e6)
(9.75 3.2896717262499994e6)
(9.76 3.276421085625e6)
(9.769999999999998 3.2528660387500003e6)
(9.78 3.25139235125e6)
(9.790000000000001 3.242558210625e6)
(9.799999999999999 3.221947116875e6)
(9.81 3.2351966168750003e6)
(9.82 3.2690606325e6)
(9.83 3.3529821168750003e6)
(9.840000000000002 3.4221815543750003e6)
(9.85 3.537019679375e6)
(9.86 3.6268324918750003e6)
(9.870000000000003 3.6606930856249994e6)
(9.88 3.5959135699999994e6)
(9.89 3.1704159606250003e6)
(9.9 2.5034594450000003e6)
(9.909999999999998 1.87478116375e6)
(9.92 866249.66375)
(9.93 375967.97625)
(9.94 100000.)
(9.950000000000001 100000.)
(9.96 100000.)
(9.97 100000.)
(9.980000000000002 100000.)
(9.99 100000.)
(10. 100000.)
(10.01 100000.)
(10.019999999999998 100000.)
(10.03 100000.)
(10.040000000000001 100000.)
(10.049999999999999 100000.)
(10.06 100000.)
(10.07 100000.)
(10.08 100000.)
(10.090000000000002 100000.)
(10.1 100000.)
(10.11 100000.)
(10.120000000000003 100000.)
(10.13 100000.)
(10.14 100000.)
(10.15 100000.)
(10.159999999999998 100000.)
(10.17 100000.)
(10.18 100000.)
(10.19 100000.)
(10.200000000000001 100000.)
(10.21 100000.)
(10.22 100000.)
(10.230000000000002 100000.)
(10.24 100000.)
(10.25 100000.)
(10.26 100000.)
(10.269999999999998 100000.)
(10.28 100000.)
(10.290000000000001 100000.)
(10.299999999999999 100000.)
(10.31 100000.)
(10.32 100000.)
(10.33 100000.)
(10.340000000000002 100000.)
(10.35 100000.)
(10.36 100000.)
(10.370000000000003 100000.)
(10.38 100000.)
(10.39 100000.)
(10.4 100000.)
(10.409999999999998 100000.)
(10.42 100000.)
(10.43 100000.)
(10.44 100000.)
(10.450000000000001 100000.)
(10.46 100000.)
(10.47 100000.)
(10.480000000000002 100000.)
(10.49 100000.)
(10.5 100000.)
(10.51 100000.)
(10.519999999999998 100000.)
(10.53 100000.)
(10.540000000000001 100000.)
(10.549999999999999 100000.)
(10.56 100000.)
(10.57 100000.)
(10.58 100000.)
(10.590000000000002 100000.)
(10.6 100000.)
(10.61 100000.)
(10.620000000000003 100000.)
(10.63 100000.)
(10.64 100000.)
(10.65 100000.)
(10.659999999999998 100000.)
(10.67 100000.)
(10.68 100000.)
(10.69 100000.)
(10.700000000000001 100000.)
(10.71 100000.)
(10.72 100000.)
(10.730000000000002 100000.)
(10.74 100000.)
(10.75 100000.))