0.	160213.55625000002	100000.	100000.
0.010000000000000009	531237.1968750001	100000.	100000.
0.020000000000000018	930232.3843749999	100000.	100000.
0.030000000000000027	1.7488384156250001e6	100000.	100000.
0.040000000000000036	2.69847830625e6	100000.	100000.
0.050000000000000044	4.014724196875e6	100000.	100000.
0.05999999999999994	5.363362696874999e6	100000.	100000.
0.07000000000000006	6.791503900000001e6	100000.	100000.
0.07999999999999996	8.709924509375e6	100000.	100000.
0.09000000000000008	1.0986118118749999e7	100000.	100000.
0.09999999999999998	1.3039990228124997e7	159544.17528409095	100000.
0.1100000000000001	1.49230788375e7	989928.3002840909	120008.0181818182
0.12	1.6673655337500002e7	2.269366222159091e6	105283.69005681819
0.13	1.82931968375e7	3.8211808315340914e6	153870.89318181822
0.14	1.9478407728125e7	5.35091294090909e6	133256.3775568182
0.15000000000000002	2.0906548931250002e7	6.52434573778409e6	211288.81505681822
0.16000000000000003	2.1940111446875e7	7.883287503409092e6	189206.31505681822
0.17000000000000004	2.312679374375e7	8.86973650340909e6	259874.87755681822
0.18	2.4044042165625e7	9.975442409659091e6	351160.23693181813
0.19000000000000006	2.49598214625e7	1.1218071222159093e7	695680.3150568182
0.2	2.647188415e7	1.2044038847159091e7	1.3567477838068183e6
0.2099999999999999	2.84182785875e7	1.3698915769034091e7	2.898256846306818e6
0.22000000000000003	3.2040164462500002e7	1.5330236503409091e7	6.629094080681819e6
0.23000000000000015	3.60993249e7	2.0056355737784095e7	1.236963386193182e7
0.24000000000000005	4.043528080625e7	2.632987194090909e7	2.192198726818182e7
0.24999999999999994	4.5345437603125e7	3.344849659715909e7	2.982240770568182e7
0.26000000000000006	4.759512993124999e7	3.8566248284659095e7	3.5858883783806816e7
0.2700000000000002	5.029240350937498e7	4.208507184715909e7	4.0833821236931816e7
0.27999999999999997	5.217990633749999e7	4.548905614403409e7	4.3535512455681816e7
0.29	5.3683134884375006e7	4.8221664003409095e7	4.6521359596306816e7
0.3	5.4853621446875e7	5.0007575925284095e7	4.8130594408806816e7
0.31	5.567075607187501e7	5.13856608002841e7	4.9810502346306816e7
0.32	5.6327404759375e7	5.2735768425284095e7	5.0907374111931816e7
0.33	5.687952086875e7	5.3667742315909095e7	5.185259750255682e7
0.34	5.720784749375e7	5.4492237394034095e7	5.2712426861931816e7
0.35000000000000003	5.7536174118750006e7	5.520041837840909e7	5.341324739318181e7
0.36000000000000004	5.7782049525e7	5.568775383153409e7	5.393738853380681e7
0.37000000000000005	5.7991118103125006e7	5.6151530815909095e7	5.4465949596306816e7
0.38000000000000006	5.81471818375e7	5.65225533159091e7	5.480458062755681e7
0.39000000000000007	5.825907715e7	5.67934585971591e7	5.516087994005683e7
0.4000000000000001	5.835330532187501e7	5.706583528465909e7	5.542147967443182e7
0.41	5.843575654062499e7	5.725134653465909e7	5.561435023693182e7
0.4199999999999999	5.851673407187499e7	5.747366461278409e7	5.582342109630681e7
0.43	5.8562372759375e7	5.758703475340909e7	5.597948483068181e7
0.4400000000000001	5.861537874374999e7	5.774015567528407e7	5.605751840880683e7
0.45	5.8666908759375e7	5.7812296784659095e7	5.621800092443183e7
0.4599999999999999	5.869929794687499e7	5.792419323778409e7	5.628425298693182e7
0.47000000000000003	5.8733163103125e7	5.8003698222159095e7	5.6375536065056816e7
0.48000000000000015	5.875230279062499e7	5.80743690659091e7	5.641823308068181e7
0.49000000000000005	5.878174916562499e7	5.810823194090909e7	5.648890506505681e7
0.49999999999999994	5.881413949375e7	5.816712355028409e7	5.652423934630682e7
0.5100000000000002	5.881855599375e7	5.819362711278409e7	5.6569882596306816e7
0.5200000000000002	5.8845058415625e7	5.8261352862784095e7	5.657135400255682e7
0.53	5.885683650937499e7	5.8273130956534095e7	5.662583025255682e7
0.54	5.8886282884375e7	5.8306994972159095e7	5.6622886299431816e7
0.55	5.8878920150000006e7	5.830846637840909e7	5.667147008068181e7
0.56	5.8886282884375e7	5.8351163394034095e7	5.6653804080681816e7
0.5700000000000001	5.889806211875e7	5.8364414034659095e7	5.6689139502556816e7
0.5800000000000001	5.892161830625e7	5.840269455028408e7	5.6672943768181816e7
0.5900000000000001	5.891867435312499e7	5.8387971362784095e7	5.6708279190056816e7
0.6000000000000001	5.8936340353125006e7	5.843066837840909e7	5.669797250255681e7
0.6100000000000001	5.8948120728125e7	5.844833665965909e7	5.6724474924431816e7
0.6200000000000001	5.894223054062499e7	5.84939764877841e7	5.6709751736931816e7
0.6300000000000001	5.896578672812498e7	5.849250736278409e7	5.6753921299431816e7
0.6400000000000001	5.898934405624999e7	5.8545508784659095e7	5.6753921299431816e7
0.6500000000000001	5.899376169687501e7	5.856612215965909e7	5.6780422580681816e7
0.6599999999999999	5.901879043125e7	5.8644153456534095e7	5.679661831505681e7
0.6699999999999999	5.9040875212500006e7	5.8675072378409095e7	5.683784278380683e7
0.6800000000000002	5.906295999375e7	5.872954634715909e7	5.6845204377556816e7
0.6900000000000002	5.9096822868750006e7	5.8767829144034095e7	5.690262344005682e7
0.7	5.91468803375e7	5.8842914206534095e7	5.6896734393181816e7
0.71	5.9143937525000006e7	5.8862055034659095e7	5.6952682049431816e7
0.7199999999999998	5.91836905875e7	5.89091685502841e7	5.695857223693183e7
0.73	5.921902600937501e7	5.891653014403409e7	5.701304620568182e7
0.74	5.925288774374999e7	5.89813142221591e7	5.7005684611931816e7
0.75	5.9273499978125006e7	5.8972477800284095e7	5.7010103393181816e7
0.7600000000000002	5.929116825937499e7	5.899898136278409e7	5.702629798693182e7
0.77	5.9298529853125006e7	5.899014722215909e7	5.7057215768181816e7
0.78	5.931914322812499e7	5.901664850340908e7	5.7027771674431816e7
0.79	5.93191420875e7	5.900045276903409e7	5.703954976818181e7
0.7999999999999998	5.9339754321875e7	5.902401009715909e7	5.7017463846306816e7
0.81	5.9341225728125006e7	5.8979841675284095e7	5.704102231505682e7
0.8200000000000001	5.93530049625e7	5.90078143627841e7	5.7005684611931816e7
0.8300000000000001	5.9338281775e7	5.897100639403409e7	5.701157365880682e7
0.8400000000000003	5.93530049625e7	5.897100753465909e7	5.698065587755682e7
0.8500000000000001	5.9336809228125e7	5.893714351903409e7	5.7004213205681816e7
0.8599999999999999	5.934417310312499e7	5.895922944090909e7	5.696298873693182e7
0.8699999999999999	5.9347115915625006e7	5.8912112503409095e7	5.697035033068182e7
0.8799999999999999	5.9339754321875e7	5.892683797215908e7	5.6940903955681816e7
0.8899999999999997	5.9332392728125e7	5.8891502550284095e7	5.6952682049431816e7
0.8999999999999999	5.9333865275e7	5.889739045653409e7	5.690556967443181e7
0.9099999999999999	5.932650482187501e7	5.8862055034659095e7	5.692470822130682e7
0.9199999999999999	5.9333865275e7	5.8885611222159095e7	5.690556853380682e7
0.9300000000000002	5.9322086040625006e7	5.8853222034659095e7	5.69026245806818e7
0.94	5.932356086875e7	5.885763967528408e7	5.686581661193181e7
0.95	5.932650368125001e7	5.8829665847159095e7	5.6889372799431816e7
0.96	5.933092018124999e7	5.8841442800284095e7	5.685403623693181e7
0.9699999999999998	5.93147255875e7	5.882377565965909e7	5.6848149471306816e7
0.98	5.932797508749999e7	5.8831136112784095e7	5.6827537236931816e7
0.99	5.9330921321875e7	5.8792857878409095e7	5.684078673693182e7
1.	5.932503113437501e7	5.87958018315341e7	5.680987009630681e7
1.0100000000000002	5.9326504821875e7	5.876635545653411e7	5.681723169005681e7
1.02	5.9347115915625006e7	5.878696883153409e7	5.6778950033806816e7
1.03	5.9345644509375e7	5.875457736278408e7	5.6784839080681816e7
1.04	5.9350061009375e7	5.875310481590908e7	5.67745335338068e7
1.0499999999999998	5.93368080875e7	5.870599015965909e7	5.677011703380682e7
1.06	5.9335336681250006e7	5.872660353465909e7	5.6723002377556816e7
1.07	5.933533782187499e7	5.870010111278409e7	5.6728891424431816e7
1.08	5.935153127499999e7	5.871040780028407e7	5.669797136193181e7
1.0900000000000003	5.9348588462500006e7	5.867948887840909e7	5.670386154943182e7
1.1	5.935447750937499e7	5.867507123778408e7	5.668325045568182e7
1.1099999999999999	5.9347114775000006e7	5.862795772215909e7	5.6678832815056816e7
1.1199999999999999	5.934711705625e7	5.864120722215909e7	5.663613694005682e7
1.13	5.93397554625e7	5.858967834715909e7	5.663171815880681e7
1.1399999999999997	5.934711591562499e7	5.859115203465908e7	5.659932783068182e7
1.15	5.934269941562499e7	5.8572008925284095e7	5.659343878380681e7
1.16	5.933975318124999e7	5.857937280028409e7	5.656546267443183e7
1.17	5.9345643368750006e7	5.852195145653409e7	5.6559577049431816e7
1.1800000000000002	5.933975318124999e7	5.8516062409659095e7	5.6516880033806816e7
1.19	5.9327976228125006e7	5.8466002659659095e7	5.650951844005682e7
1.2	5.9335337821875e7	5.848367208153409e7	5.6485959971306816e7
1.21	5.9325032275000006e7	5.84350848784091e7	5.6477125830681816e7
1.2199999999999998	5.9332391587500006e7	5.8427723284659095e7	5.643884645568182e7
1.23	5.9317669540625e7	5.838355372215909e7	5.6437373908806816e7
1.24	5.9323559728125006e7	5.839238786278409e7	5.6399094533806816e7
1.25	5.9313253040625e7	5.8355579894034095e7	5.638142511193182e7
1.2600000000000002	5.93191420875e7	5.833644134715909e7	5.634903592443182e7
1.27	5.931619699374999e7	5.8295216878409095e7	5.635492497130681e7
1.28	5.931619699374999e7	5.8293743190909095e7	5.631222795568183e7
1.29	5.9301474946875e7	5.824810222215909e7	5.629897617443183e7
1.2999999999999998	5.9308836540625e7	5.825840890965909e7	5.626952979943182e7
1.31	5.930589030625e7	5.819951501903409e7	5.6259223111931816e7
1.3200000000000003	5.9307365134375e7	5.8189208331534095e7	5.6229777877556816e7
1.33	5.9294112212500006e7	5.8140622269034095e7	5.620769423693182e7
1.3400000000000003	5.930441889999999e7	5.814651131590909e7	5.615763448693182e7
1.35	5.9289696853125e7	5.809203620653409e7	5.616794231505681e7
1.36	5.9292639665625e7	5.80993978002841e7	5.612229906505681e7
1.3699999999999999	5.928233411875e7	5.802872809715909e7	5.6113464924431816e7
1.38	5.9291168259375006e7	5.8031673190909095e7	5.6078130643181816e7
1.3899999999999997	5.9289695712500006e7	5.7969835347159095e7	5.606635140880682e7
1.4	5.92911694e7	5.795658470653409e7	5.6019237893181816e7
1.4100000000000001	5.92955859e7	5.79021073159091e7	5.600156961193182e7
1.42	5.9286752900000006e7	5.789916336278409e7	5.594856590880682e7
1.4300000000000002	5.9272026290625006e7	5.784616194090909e7	5.593678895568182e7
1.44	5.9274972525000006e7	5.7809353972159095e7	5.5883784111931816e7
1.45	5.927350111875e7	5.7762239315909095e7	5.5870533471306816e7
1.46	5.9280861571875e7	5.7751933769034095e7	5.581164186193182e7
1.4699999999999998	5.9245525009375006e7	5.769156847215908e7	5.5810169315056816e7
1.48	5.9267609790625e7	5.766801114403409e7	5.5761582111931816e7
1.4899999999999998	5.9260249337500006e7	5.7595867753409095e7	5.573655565880681e7
1.5	5.9270554884375e7	5.759439634715909e7	5.568502336193181e7
1.5100000000000002	5.926466697812499e7	5.7529613409659095e7	5.567177272130682e7
1.52	5.926172074374999e7	5.75075309096591e7	5.559374028380682e7
1.53	5.926466583749999e7	5.74515821127841e7	5.5589322643181816e7
1.54	5.9264664696875e7	5.739857840965909e7	5.5526013393181816e7
1.5499999999999998	5.9257304243750006e7	5.733968451903409e7	5.5499510971306816e7
1.56	5.9257304243750006e7	5.731760201903409e7	5.5427368721306816e7
1.5700000000000003	5.925288774374999e7	5.7263124628409095e7	5.542147967443181e7
1.58	5.9244053603125006e7	5.722484525340907e7	5.535817042443181e7
1.5900000000000003	5.925877793125e7	5.7135035862784095e7	5.5321361315056816e7
1.6	5.9249943790625e7	5.7096754206534095e7	5.523449587755682e7
1.61	5.923963710312499e7	5.7021665722159095e7	5.5203575815056816e7
1.6199999999999999	5.9251415196875e7	5.7009886487784095e7	5.512701706505681e7
1.63	5.9245526150000006e7	5.690977155028408e7	5.507254195568183e7
1.6399999999999997	5.923521946250001e7	5.688621422215908e7	5.4987146783806816e7
1.65	5.924405246249999e7	5.679787623778409e7	5.493708817443182e7
1.6600000000000001	5.923374805624999e7	5.675959458153409e7	5.4834027002556816e7
1.67	5.924552500937498e7	5.6675674237784095e7	5.477808048693183e7
1.6800000000000002	5.9246998696875e7	5.663150581590908e7	5.4675017033806816e7
1.69	5.924847124375001e7	5.6560833831534095e7	5.460434847130682e7
1.7	5.9232275509375e7	5.650193880028409e7	5.451159056505682e7
1.7100000000000002	5.9235220603125006e7	5.642096355028409e7	5.4402640346306816e7
1.72	5.923816455624999e7	5.63620708002841e7	5.4289272486931816e7
1.7300000000000006	5.922933155625e7	5.6285509769034095e7	5.415823748693182e7
1.7399999999999995	5.92396359625e7	5.6216313753409095e7	5.4055174033806816e7
1.7500000000000002	5.9221968821875e7	5.6129446034659095e7	5.395211286193182e7
1.76	5.9229330415625e7	5.6073499519034095e7	5.381077117443181e7
1.7699999999999998	5.923669315e7	5.597927020653409e7	5.367237458068182e7
1.78	5.9233746915625e7	5.5918906050284095e7	5.3545753799431816e7
1.7899999999999998	5.922491505625e7	5.5815843737784095e7	5.3416191346306816e7
1.8	5.9229330415625e7	5.578198086278409e7	5.3276322205681816e7
1.8099999999999998	5.9216079775e7	5.5675973456534095e7	5.316295434630681e7
1.8200000000000005	5.9210189587500006e7	5.560677630028408e7	5.2984804690056816e7
1.8299999999999994	5.9214608368750006e7	5.54992963471591e7	5.2843463002556816e7
1.84	5.9213135821875e7	5.544040473778409e7	5.2710955455681816e7
1.8499999999999999	5.9208718181250006e7	5.534617656590909e7	5.256961376818182e7
1.86	5.919841263437501e7	5.525636603465909e7	5.2398824565056816e7
1.8699999999999999	5.920724449375e7	5.515919276903409e7	5.228840294005682e7
1.8800000000000001	5.9210190728125e7	5.507969120653409e7	5.210583564318182e7
1.89	5.9204300540625e7	5.4983988206534095e7	5.196596536193182e7
1.8999999999999997	5.9207245634375006e7	5.4908899722159095e7	5.1781927799431816e7
1.9100000000000004	5.9205774228125e7	5.478080867528409e7	5.1628805736931816e7
1.9200000000000002	5.920724677499999e7	5.469983114403409e7	5.1468324361931816e7
1.93	5.91925235875e7	5.458646442528409e7	5.1279869158806816e7
1.9400000000000002	5.921460836874999e7	5.451873867528409e7	5.1131167018181816e7
1.95	5.91969400875e7	5.4390647628409095e7	5.0948598580681816e7
1.9600000000000002	5.920871818125e7	5.4315560284659095e7	5.0770450065056816e7
1.97	5.921019072812501e7	5.4159494269034095e7	5.058052117443182e7
1.9800000000000006	5.9216079775e7	5.4099130112784095e7	5.042003865880682e7
1.9899999999999995	5.9214607228125e7	5.396956537840909e7	5.022422072130681e7
2.0000000000000004	5.9216078634375e7	5.3866505347159095e7	5.0019570924431816e7
2.0100000000000002	5.920135658749999e7	5.3745774753409095e7	4.984730917443182e7
2.02	5.922638532187499e7	5.363535198778409e7	4.960290517443181e7
2.0300000000000002	5.9208718181250006e7	5.3507260940909095e7	4.944095353380682e7
2.04	5.9220496275000006e7	5.340861512840909e7	4.922010572130682e7
2.0500000000000003	5.9216079775e7	5.326580089403409e7	4.902723287755682e7
2.06	5.922785786875e7	5.317010131590909e7	4.8796080658806816e7
2.0700000000000007	5.9207245634375006e7	5.3034649815909095e7	4.858701208068181e7
2.0799999999999996	5.9232275509375e7	5.2921279675284095e7	4.834260694005682e7
2.0900000000000003	5.9230804103125e7	5.277110498778409e7	4.816445842443182e7
2.1	5.9229330415625e7	5.2666572409659095e7	4.789355428380682e7
2.1100000000000003	5.922785786875e7	5.2506088753409095e7	4.7650622830681816e7
2.12	5.9229330415625e7	5.2382415347159095e7	4.7413580424431816e7
2.1300000000000003	5.923374805624999e7	5.2223405378409095e7	4.7195676565056816e7
2.14	5.924847010312498e7	5.2087952737784095e7	4.6926244971306816e7
2.15	5.92352194625e7	5.1930415315909095e7	4.669361906505682e7
2.1600000000000006	5.924994264999998e7	5.180379681590909e7	4.6413879643181816e7
2.1700000000000004	5.925288774374999e7	5.1610923972159095e7	4.617978347130682e7
2.18	5.926319443125e7	5.1500502347159095e7	4.591182328380681e7
2.1900000000000004	5.9260248196875e7	5.1320879003409095e7	4.564533564318181e7
2.2	5.926172188437498e7	5.1158925081534095e7	4.5372958955681816e7
2.2100000000000004	5.926466697812499e7	5.0988135878409095e7	4.5047577424431816e7
2.22	5.9272026290625006e7	5.084532278465909e7	4.4763420361931816e7
2.230000000000001	5.9272028571875006e7	5.0652449940909095e7	4.4544043955681816e7
2.2399999999999998	5.929116711875e7	5.049196970653409e7	4.420835687755681e7
2.2500000000000004	5.9307362853125e7	5.028878789403409e7	4.3918313049431816e7
2.2600000000000002	5.931325304062501e7	5.014597480028409e7	4.359440520568182e7
2.27	5.930294521249999e7	4.9925128128409095e7	4.3323501065056816e7
2.2800000000000002	5.930589144687499e7	4.976758956590909e7	4.298339748693182e7
2.29	5.9325032275000006e7	4.954085612840909e7	4.265654340880681e7
2.3000000000000003	5.933828291562499e7	4.9352397503409095e7	4.2366497299431816e7
2.31	5.9350061009375e7	4.9168359940909095e7	4.2008725440056816e7
2.3200000000000007	5.935005986874999e7	4.8984321237784095e7	4.167451090880682e7
2.3299999999999996	5.9369200696875e7	4.8742860050284095e7	4.1332935924431816e7
2.3400000000000003	5.9378035978125e7	4.853526630028409e7	4.1029639174431816e7
2.35	5.939128661874998e7	4.8311474534659095e7	4.062770003380681e7
2.3600000000000003	5.938981179062499e7	4.8093572956534095e7	4.033029119005681e7
2.37	5.9423675806250006e7	4.7856530550284095e7	3.9968102830681816e7
2.3800000000000003	5.9425147212500006e7	4.766071261278409e7	3.9582357143181816e7
2.39	5.9450175946875006e7	4.7398641472159095e7	3.926433834630682e7
2.4	5.947815205625e7	4.7186628940909095e7	3.8890371893181816e7
2.4100000000000006	5.949876543124999e7	4.6927501753409095e7	3.848401283068182e7
2.4200000000000004	5.9522321618750006e7	4.6683097753409095e7	3.8098269424431816e7
2.43	5.955618449375e7	4.643133444090908e7	3.7741968971306816e7
2.4400000000000004	5.957385163437501e7	4.61810402534091e7	3.736947506505681e7
2.45	5.960476941562499e7	4.591308120653409e7	3.697489409630681e7
2.4600000000000004	5.965630057187499e7	4.564070223778409e7	3.6583260502556816e7
2.47	5.9691638275e7	4.5377159690909095e7	3.6151873846306816e7
2.480000000000001	5.971666586875e7	4.511803250340909e7	3.5760239111931816e7
2.4899999999999998	5.977555861874999e7	4.483240403465909e7	3.5415717893181816e7
2.5000000000000004	5.9803532446875e7	4.45497195190341e7	3.4976969643181816e7
2.5100000000000002	5.9849173415625e7	4.4262620784659095e7	3.459711300255681e7
2.52	5.9896288071875e7	4.400791009715909e7	3.4145114111931816e7
2.5300000000000002	5.994634668125e7	4.370461448778409e7	3.3772617924431816e7
2.54	5.9994933884375e7	4.3402789144034095e7	3.3308839799431816e7
2.5500000000000003	6.004499249375e7	4.3099494675284095e7	3.2939289846306812e7
2.56	6.009652250937499e7	4.283742353465909e7	3.2491708596306816e7
2.5700000000000007	6.0146579978125006e7	4.252234869090909e7	3.2132463049431812e7
2.5799999999999996	6.018927699375e7	4.2224940987784095e7	3.1658380518181823e7
2.5900000000000003	6.026583802499999e7	4.1867169128409095e7	3.1247604955681816e7
2.6	6.031147899374998e7	4.158595715965909e7	3.0766158549431823e7
2.6100000000000003	6.037626079062499e7	4.127235486278409e7	3.0445195799431816e7
2.62	6.0423375446875006e7	4.098378472215909e7	3.0003504736931816e7
2.6300000000000003	6.04793219625e7	4.0648096503409095e7	2.950733400255681e7
2.64	6.0538215853125006e7	4.0359522940909095e7	2.918784379943182e7
2.65	6.059563605624998e7	4.00046950346591e7	2.878590009630682e7
2.6600000000000006	6.0654527665625e7	3.970287311278409e7	2.8286787690056816e7
2.6700000000000004	6.0723725962500006e7	3.9376019034659095e7	2.796582608068182e7
2.68	6.077083947812498e7	3.90800850190341e7	2.7518240268181816e7
2.6900000000000004	6.0832677321875006e7	3.8732619847159095e7	2.7104521893181823e7
2.7	6.0898931665625006e7	3.8435212144034095e7	2.671583225255682e7
2.7100000000000004	6.095487932187499e7	3.8096581112784095e7	2.631977987755682e7
2.72	6.1012299525000006e7	3.776678194090909e7	2.593109137755682e7
2.730000000000001	6.108002641562501e7	3.7425205815909095e7	2.5499703580681823e7
2.7399999999999998	6.1135974071875e7	3.7118966253409095e7	2.513162503380682e7
2.7500000000000004	6.120958772812499e7	3.6799476050284095e7	2.4739990299431823e7
2.7600000000000002	6.1269954165625e7	3.6457899925284095e7	2.4335106065056823e7
2.7700000000000005	6.1315595134375e7	3.609571042528409e7	2.396555497130682e7
2.7800000000000002	6.1384794571875006e7	3.584983501903409e7	2.3610728205681823e7
2.79	6.1437797134375e7	3.5512676534659095e7	2.317197881505682e7
2.8000000000000003	6.149227338437499e7	3.5172571815909095e7	2.282745987755682e7
2.81	6.1561471681250006e7	3.483688473778409e7	2.244171304943182e7
2.8200000000000007	6.161889302499998e7	3.4548312315909095e7	2.209277533068182e7
2.8299999999999996	6.1674839540625e7	3.420968128465909e7	2.1642248986931823e7
2.8400000000000003	6.173225974375e7	3.388724370653409e7	2.136692606505682e7
2.85	6.178967880625e7	3.358836573778409e7	2.0953206549431823e7
2.8600000000000003	6.18456264625e7	3.3286542675284088e7	2.0616048065056816e7
2.87	6.190452035312499e7	3.2931714769034088e7	2.027594448693182e7
2.8800000000000003	6.196488450937499e7	3.2615166237784088e7	1.989461529943182e7
2.89	6.20223047125e7	3.234426323778409e7	1.950592565880682e7
2.9	6.2073834728124976e7	3.204979948778409e7	1.923501923693182e7
2.9100000000000006	6.213125493124999e7	3.1692028769034088e7	1.8836024049431823e7
2.9200000000000004	6.217984099374999e7	3.144762476903409e7	1.851947551818182e7
2.93	6.223137215e7	3.1136966425284088e7	1.818084562755682e7
2.940000000000001	6.22917385875e7	3.0880786612784088e7	1.788932697130682e7
2.95	6.233737955624999e7	3.055098744090909e7	1.753302651818182e7
2.9600000000000004	6.239185580625e7	3.028597234715909e7	1.723267714318182e7
2.97	6.2446328634375e7	3.0012120831534084e7	1.6892573565056823e7
2.980000000000001	6.248608283749998e7	2.968674158153409e7	1.658338662755682e7
2.9899999999999998	6.253467118125e7	2.9407002159659088e7	1.6262422736931818e7
3.0000000000000004	6.257883846249999e7	2.9172903706534095e7	1.598268445568182e7
3.0100000000000002	6.263184102499999e7	2.886666414403409e7	1.5672026111931823e7
3.0200000000000005	6.26671775875e7	2.8641399831534095e7	1.5376093236931821e7
3.03	6.270840205624999e7	2.835282740965909e7	1.5063963486931821e7
3.04	6.2742264931250006e7	2.808192098778409e7	1.4766556924431818e7
3.0500000000000003	6.27982125875e7	2.780071130028409e7	1.4488288908806821e7
3.06	6.283649310312499e7	2.757839208153409e7	1.4210023174431818e7
3.0700000000000007	6.2864468071875e7	2.7289818519034095e7	1.3943534393181821e7
3.0799999999999996	6.289980235312499e7	2.7032163878409095e7	1.3616680315056818e7
3.0900000000000003	6.2929248728125e7	2.6774510378409095e7	1.334724872130682e7
3.1	6.29542774625e7	2.6543358159659088e7	1.305131242443182e7
3.1100000000000003	6.2998448165625006e7	2.6270980331534095e7	1.280543815880682e7
3.1200000000000006	6.302789339999999e7	2.603099283153409e7	1.250655790880682e7
3.1300000000000003	6.305292213437499e7	2.575272709715909e7	1.222829331505682e7
3.14	6.3073534368750006e7	2.5528934190909088e7	1.1983889315056818e7
3.15	6.309561915e7	2.528894897215909e7	1.1732123721306818e7
3.1600000000000006	6.311181374374998e7	2.4995956628409095e7	1.1430299518181818e7
3.1700000000000004	6.3123592978125006e7	2.4788362878409088e7	1.116233933068182e7
3.18	6.313095457187499e7	2.4561626019034095e7	1.0940018971306818e7
3.190000000000001	6.3176596681250006e7	2.4320168253409095e7	1.065291909630682e7
3.2	6.3191321009375e7	2.4069874065909095e7	1.0390847955681816e7
3.2100000000000004	6.3206043056250006e7	2.3813693112784095e7	1.0136138408806818e7
3.22	6.3213405790625006e7	2.359284530028409e7	9.912346643181818e6
3.230000000000001	6.321929255625e7	2.333371925340909e7	9.664999830681818e6
3.2399999999999998	6.3226654150000006e7	2.309226034715909e7	9.442679471306818e6
3.2500000000000004	6.3234016884375e7	2.287141367528409e7	9.158523549431818e6
3.2600000000000002	6.3229600384375e7	2.2606398581534095e7	8.934731783806818e6
3.2700000000000005	6.3228127837500006e7	2.2406163003409088e7	8.705053252556818e6
3.28	6.323401916562498e7	2.2149980909659095e7	8.47389875255682e6
3.29	6.3238433384375e7	2.1899687862784095e7	8.194159330681819e6
3.3000000000000003	6.323696083749998e7	2.1693563237784095e7	8.004232721306819e6
3.31	6.32369608375e7	2.144916151903409e7	7.756884768181818e6
3.3200000000000007	6.3238433384375e7	2.118856292528409e7	7.547815049431818e6
3.3299999999999996	6.320751446249999e7	2.097213275340909e7	7.291634096306819e6
3.3400000000000003	6.3206043056250006e7	2.074097939403409e7	7.104649158806819e6
3.35	6.3216348603125e7	2.050982717528409e7	6.836687830681818e6
3.3600000000000003	6.320457165e7	2.0278676097159088e7	6.686512002556818e6
3.3700000000000006	6.3192792415625e7	2.002102031590909e7	6.455362065056819e6
3.3800000000000003	6.3183957134375e7	1.974716994090909e7	6.252181393181818e6
3.39	6.3175125275e7	1.955135200340909e7	6.043112815056818e6
3.4	6.317218018125e7	1.9354062659659088e7	5.867909393181818e6
3.4100000000000006	6.315598330624999e7	1.907873973778409e7	5.655896861931818e6
3.4200000000000004	6.312800947812498e7	1.8847588659659095e7	5.482163705681818e6
3.43	6.312653693125e7	1.860760115965909e7	5.304012908806819e6
3.440000000000001	6.3108869790625e7	1.836908620653409e7	5.146476627556818e6
3.45	6.309267519687499e7	1.812173825340909e7	4.969799518181819e6
3.4600000000000004	6.306470250937501e7	1.789794648778409e7	4.819623690056818e6
3.47	6.3057338634375e7	1.765796012840909e7	4.673864361931818e6
3.480000000000001	6.303231104062501e7	1.742680905028409e7	4.548718408806819e6
3.4899999999999998	6.301022511874999e7	1.719418314403409e7	4.395595205681818e6
3.5000000000000004	6.29881403375e7	1.6955669331534088e7	4.289591221306819e6
3.5100000000000002	6.297636224374999e7	1.674218311278409e7	4.130582393181818e6
3.5200000000000005	6.2952804915625e7	1.6518391347159091e7	4.0289926275568176e6
3.53	6.292188599375e7	1.6296073269034093e7	3.892066299431818e6
3.54	6.28924419e7	1.607228264403409e7	3.780173268181818e6
3.5500000000000003	6.2876245025e7	1.5857325019034093e7	3.655026174431817e6
3.56	6.286152183749999e7	1.5664452175284091e7	3.5607980025568176e6
3.5700000000000007	6.2815879728125006e7	1.5431826269034091e7	3.4297630025568176e6
3.5799999999999996	6.280410049375e7	1.5221286284659091e7	3.3325897369318176e6
3.5900000000000003	6.278348939999999e7	1.5016635347159091e7	3.217748190056818e6
3.6	6.275109793124999e7	1.482376136278409e7	3.126463971306818e6
3.6100000000000003	6.2706929509375e7	1.4632361065909091e7	2.9983740650568176e6
3.6200000000000006	6.269809650937499e7	1.443212662840909e7	2.930647174431818e6
3.6300000000000003	6.265981485312498e7	1.4223059190909093e7	2.805503502556818e6
3.64	6.2636256384375006e7	1.4053742534659093e7	2.7407194244318185e6
3.65	6.2606812290625006e7	1.385939942528409e7	2.630297799431818e6
3.6600000000000006	6.258030986874999e7	1.3675359581534091e7	2.5581532681818185e6
3.6700000000000004	6.255233718125e7	1.3488375784659093e7	2.450674455681818e6
3.68	6.25170029e7	1.3305808487784093e7	2.3991444400568185e6
3.690000000000001	6.2487556525000006e7	1.3130605065909091e7	2.294609580681818e6
3.7	6.2459580415625006e7	1.2937732222159093e7	2.225412424431818e6
3.709999999999999	6.2431606587500006e7	1.2758108878409093e7	2.129711705681818e6
3.7200000000000006	6.239627230625e7	1.2590265909659091e7	2.0796519556818183e6
3.7300000000000004	6.234915879062499e7	1.2416533894034091e7	1.9839523775568183e6
3.74	6.2324127775000006e7	1.2260467878409091e7	1.9250596275568183e6
3.75	6.227259775937499e7	1.2066124769034088e7	1.8381941900568183e6
3.7600000000000016	6.2251985525e7	1.1879139831534093e7	1.7851916275568185e6
3.7700000000000005	6.2204870868750006e7	1.1723077237784091e7	1.693907408806818e6
3.7799999999999994	6.2179842134375e7	1.1575843081534091e7	1.630597018181818e6
3.79	6.213272975937499e7	1.1378556019034091e7	1.5569822213068183e6
3.8000000000000007	6.2101809696875006e7	1.1241628550284091e7	1.5039785181818183e6
3.8100000000000005	6.2066473134375e7	1.107231417528409e7	1.4377253150568183e6
3.8200000000000003	6.2034083946875e7	1.090888542528409e7	1.3788325650568183e6
3.83	6.1994330884375e7	1.0720431362784091e7	1.277242799431818e6
3.84	6.1958994321875e7	1.0598229362784091e7	1.262520752556818e6
3.8499999999999996	6.1917769853125e7	1.0417135753409091e7	1.1741816275568183e6
3.8600000000000003	6.188390811874999e7	1.0281683112784093e7	1.135902252556818e6
3.870000000000001	6.185004410312499e7	1.0113837862784091e7	1.082897408806818e6
3.88	6.18029305875e7	9.982804003409091e6	1.025478346306818e6
3.8900000000000006	6.177348421249999e7	9.838517222159091e6	962169.0963068183
3.9000000000000004	6.173373229062498e7	9.719261456534091e6	922416.0338068183
3.91	6.1701340821875e7	9.546998565909091e6	851745.1900568182
3.92	6.164686685312499e7	9.427742800284091e6	816410.9088068183
3.9300000000000006	6.160564010312499e7	9.301123159659091e6	760462.1119318182
3.9400000000000013	6.1582083915625006e7	9.186283894034091e6	726598.0963068183
3.95	6.154233085312499e7	9.027271644034091e6	678012.0338068182
3.959999999999999	6.149227224374999e7	8.927155565909093e6	639732.6588068182
3.9700000000000006	6.145546541562499e7	8.757840050284093e6	582312.4556818183
3.9800000000000004	6.1417186040625006e7	8.679807612784091e6	555812.3150568183
3.99	6.137448902500001e7	8.539938472159091e6	513113.0181818182
4.	6.132590296249999e7	8.408902331534091e6	477778.7369318183
4.010000000000002	6.12890927125e7	8.297005878409091e6	432136.6275568183
4.0200000000000005	6.12508133375e7	8.20130744090909e6	418887.12755681825
4.029999999999999	6.12037009625e7	8.076160347159092e6	364409.73693181825
4.04	6.1149223571875e7	7.945124206534092e6	354103.0494318182
4.050000000000001	6.111830464999999e7	7.85531481590909e6	305518.1275568182
4.0600000000000005	6.105499654062499e7	7.743419503409091e6	302573.0338068182
4.07	6.101671602499998e7	7.640357190909091e6	248097.9244318182
4.08	6.0971073915625e7	7.54318506590909e6	252514.42443181822
4.09	6.0919542759375006e7	7.425399565909092e6	195095.36193181822
4.1	6.0870956696875006e7	7.347367128409091e6	196566.76818181822
4.11	6.07870352125e7	7.23399698778409e6	167120.39318181822
4.120000000000001	6.0729615009375006e7	7.145661284659091e6	156813.70568181822
4.13	6.067072339999998e7	7.048488019034092e6	112645.28380681819
4.140000000000001	6.0613303196875e7	6.954260987784091e6	128841.0181818182
4.15	6.0522018978125e7	6.85561517528409e6	100000.
4.16	6.0469016415625006e7	6.7746376440340895e6	100000.
4.17	6.038951143124999e7	6.67304787840909e6	100000.
4.180000000000001	6.0292338165625006e7	6.59207034715909e6	100000.
4.190000000000001	6.02216684625e7	6.50962140965909e6	100000.
4.2	6.0142163478125006e7	6.422755972159091e6	100000.
4.209999999999999	6.0037629759375e7	6.32558270653409e6	100000.
4.220000000000001	5.995223458749998e7	6.2519679096590895e6	100000.
4.23	5.9862422915625006e7	6.16951783153409e6	100000.
4.24	5.975494524375e7	6.10031953465909e6	100000.
4.25	5.967249516562499e7	6.02081455028409e6	100000.
4.260000000000002	5.956060213437499e7	5.94425465965909e6	100000.
4.2700000000000005	5.9457538681250006e7	5.87947286278409e6	100000.
4.279999999999999	5.9363311650000006e7	5.78818864403409e6	100000.
4.29	5.926466697812501e7	5.71162875340909e6	100000.
4.300000000000001	5.916013211875e7	5.65715364403409e6	100000.
4.3100000000000005	5.9051180759375e7	5.57323215965909e6	100000.
4.32	5.894075799375e7	5.523173550284091e6	102339.7369318182
4.33	5.8815610900000006e7	5.42747283153409e6	100000.
4.34	5.870666068125e7	5.35974822215909e6	100000.
4.35	5.861096110312498e7	5.31410497215909e6	106756.2369318182
4.36	5.8496119556250006e7	5.24785176903409e6	121478.28380681819
4.370000000000001	5.8370974743750006e7	5.15951264403409e6	103811.1431818182
4.38	5.8257604603125006e7	5.09914848778409e6	105283.69005681822
4.390000000000001	5.813098724375e7	5.0387843315340895e6	100000.
4.4	5.799700600937499e7	4.9798904409090895e6	100866.04943181819
4.41	5.788363815e7	4.919526284659092e6	100866.04943181819
4.42	5.7727572134375e7	4.85180053465909e6	114117.83068181819
4.430000000000001	5.761715050937498e7	4.79732428465909e6	100000.
4.440000000000001	5.748758805625e7	4.74873822215909e6	100866.04943181819
4.45	5.733004949374999e7	4.68984547215909e6	100000.
4.459999999999999	5.717104066562499e7	4.641260550284091e6	115589.23693181819
4.470000000000001	5.701939229062498e7	4.5853106127840895e6	100866.04943181822
4.48	5.6841242634375e7	4.52053109715909e6	100000.
4.49	5.662334105625e7	4.467526253409091e6	100000.
4.5	5.6426050571875006e7	4.4101060502840895e6	100000.
4.510000000000002	5.6221400775000006e7	4.360048581534091e6	100000.
4.5200000000000005	5.603147074374999e7	4.31440761278409e6	108227.6431818182
4.529999999999999	5.579737343124999e7	4.25256976903409e6	100000.
4.54	5.558388835312499e7	4.20987275340909e6	112646.42443181819
4.550000000000001	5.537629346249999e7	4.156869050284091e6	100000.
4.5600000000000005	5.5152501696875e7	4.117117128409091e6	117062.9244318182
4.57	5.4921350618750006e7	4.0641145659090905e6	100000.
4.58	5.472847549375e7	4.03024940965909e6	114117.83068181819
4.59	5.449290563437499e7	3.983134753409091e6	100000.
4.6	5.4273532650000006e7	3.940440019034091e6	103811.1431818182
4.61	5.4054157384375e7	3.893324222159091e6	100000.
4.620000000000001	5.3814169884375e7	3.8550459877840905e6	100000.
4.63	5.3594795759375006e7	3.8108752846590914e6	100000.
4.640000000000001	5.3397506415625e7	3.760817815909091e6	109701.33068181822
4.65	5.3164882790625006e7	3.7078129721590914e6	100000.
4.66	5.294697893124999e7	3.67395009715909e6	100000.
4.67	5.2733493853125e7	3.63125422215909e6	100000.
4.680000000000001	5.251706368125e7	3.575305425284091e6	112644.1431818182
4.690000000000001	5.2285911462500006e7	3.5414425502840905e6	100000.
4.7	5.2076842884375e7	3.516413815909091e6	100000.
4.709999999999999	5.1720543571875e7	3.4693003002840905e6	100000.
4.720000000000001	5.1629261634375e7	3.435436284659091e6	100000.
4.73	5.14172479625e7	3.398628315909091e6	100000.
4.74	5.121701466562499e7	3.3397355659090914e6	100000.
4.75	5.0971139259375006e7	3.322069565909091e6	100000.
4.760000000000002	5.076943227499999e7	3.2837890502840914e6	100000.
4.7700000000000005	5.0560364837500006e7	3.241092034659091e6	100000.
4.779999999999999	5.0317433384375e7	3.199867565909091e6	100000.
4.79	5.011867149375e7	3.173365144034091e6	100000.
4.800000000000001	4.991107546249999e7	3.114472394034091e6	106756.2369318182
4.8100000000000005	4.969464415e7	3.083554612784091e6	100000.
4.82	4.9495883400000006e7	3.052636831534091e6	102339.7369318182
4.83	4.9272091634375e7	3.0276069565340905e6	100867.1900568182
4.84	4.90806913375e7	2.973131847159091e6	106756.2369318182
4.85	4.889223499375e7	2.955462425284091e6	100000.
4.86	4.866844322812499e7	2.918655597159091e6	109701.33068181822
4.870000000000001	4.8454959290625e7	2.8803750815340914e6	100000.
4.88	4.824294561875e7	2.842094565909091e6	114118.9713068182
4.890000000000001	4.806332455625e7	2.820010925284091e6	100000.
4.9	4.784395043125e7	2.780259003409091e6	100000.
4.91	4.7658438040625e7	2.7449224409090914e6	100000.
4.92	4.7453787103125e7	2.7184211596590914e6	115589.23693181822
4.930000000000001	4.728594413437499e7	2.705170519034091e6	100000.
4.940000000000001	4.7094543837500006e7	2.6727779096590905e6	106757.3775568182
4.95	4.6881058759375e7	2.631555722159091e6	100000.
4.959999999999999	4.6692602415625006e7	2.603579612784091e6	100000.
4.970000000000001	4.6524759446875006e7	2.5814959721590914e6	100000.
4.98	4.633483055625e7	2.552050737784091e6	105283.69005681819
4.99	4.614490280625e7	2.516715315909091e6	100000.
5.	4.594319810312499e7	2.487268940909091e6	105283.69005681819
5.010000000000002	4.577977049374999e7	2.456348878409091e6	100000.
5.0200000000000005	4.5598676884375e7	2.435737784659091e6	108229.92443181822
5.029999999999999	4.5423472321875006e7	2.404818862784091e6	100000.
5.04	4.5246792931250006e7	2.370955987784091e6	100867.1900568182
5.050000000000001	4.507747855624999e7	2.357704206534091e6	100000.
5.0600000000000005	4.489638494687499e7	2.323842472159091e6	100866.04943181819
5.07	4.4734429884375006e7	2.29439495653409e6	100000.
5.08	4.456364068124999e7	2.2781992221590905e6	100000.
5.09	4.4381074525000006e7	2.262003487784091e6	100000.
5.1	4.4235316337500006e7	2.213418565909091e6	100000.
5.11	4.4068944775e7	2.1942777377840914e6	100000.
5.120000000000001	4.388637861875e7	2.175138050284091e6	100000.
5.13	4.3770065665625e7	2.1368575346590914e6	100000.
5.140000000000001	4.35904434625e7	2.117718987784091e6	100000.
5.15	4.343732368125e7	2.0794384721590912e6	100000.
5.16	4.328567530625e7	2.0573536909090905e6	100000.
5.17	4.3129609290625006e7	2.054409737784091e6	100000.
5.180000000000001	4.298679733749999e7	2.0234908159090912e6	100000.
5.190000000000001	4.2864595337500006e7	2.0028785815340912e6	100000.
5.2	4.2701166587500006e7	1.986682847159091e6	100000.
5.209999999999999	4.2570133868750006e7	1.948402331534091e6	100000.
5.220000000000001	4.2430262446875e7	1.941040737784091e6	100000.
5.23	4.2256529290625e7	1.902761362784091e6	100000.
5.24	4.213432843125e7	1.885093081534091e6	100000.
5.25	4.2009182478125006e7	1.8688973471590912e6	100000.
5.260000000000002	4.186194946249999e7	1.8423960659090907e6	100000.
5.2700000000000005	4.173385841562499e7	1.824727784659091e6	100000.
5.279999999999999	4.1577793540625e7	1.8055892377840912e6	100000.
5.29	4.146737305625e7	1.789393503409091e6	100000.
5.300000000000001	4.13157224e7	1.7525866752840912e6	100000.
5.3100000000000005	4.11949940875e7	1.7570031752840912e6	100000.
5.32	4.1071318400000006e7	1.7128324721590912e6	100000.
5.33	4.0946173587500006e7	1.702525784659091e6	100000.
5.34	4.0794524071875e7	1.683386097159091e6	100000.
5.35	4.0704714681250006e7	1.6568848159090907e6	100000.
5.36	4.0551593759375006e7	1.6465792690340912e6	100000.
5.370000000000001	4.0461783228125e7	1.627437300284091e6	100000.
5.38	4.032338663437499e7	1.614186659659091e6	100000.
5.390000000000001	4.0227685915625006e7	1.597992065909091e6	100000.
5.4	4.008339799375e7	1.561184097159091e6	100000.
5.41	3.9989169821875e7	1.5582401440340912e6	100000.
5.42	3.983752372812499e7	1.539100456534091e6	100000.
5.430000000000001	3.975360224375e7	1.5346828159090912e6	100000.
5.440000000000001	3.962403636875e7	1.500818800284091e6	100000.
5.45	3.9531280743750006e7	1.491986940909091e6	100000.
5.459999999999999	3.9382578603125e7	1.465484519034091e6	100000.
5.470000000000001	3.93192682125e7	1.443400878409091e6	100000.
5.48	3.917056493125e7	1.444872284659091e6	100000.
5.49	3.9077810446875e7	1.416897315909091e6	100000.
5.5	3.895708099375e7	1.399230175284091e6	100000.
5.510000000000002	3.887463091562499e7	1.400701581534091e6	100000.
5.5200000000000005	3.8746541009375e7	1.3638947534090914e6	100000.
5.529999999999999	3.8664092071875e7	1.3742014409090907e6	100000.
5.54	3.8535999884375e7	1.340336284659091e6	100000.
5.550000000000001	3.8457967446875e7	1.347699019034091e6	100000.
5.5600000000000005	3.8346073275e7	1.307947097159091e6	100000.
5.57	3.825478905625e7	1.297641550284091e6	100000.
5.58	3.8150254196875e7	1.305002003409091e6	100000.
5.59	3.8054554618750006e7	1.2843897690340912e6	100000.
5.6	3.794413185312499e7	1.2608335815340912e6	100000.
5.61	3.786904336874999e7	1.2475829409090912e6	100000.
5.620000000000001	3.774684136875e7	1.231388347159091e6	100000.
5.63	3.7670280337500006e7	1.2372739721590912e6	100000.
5.640000000000001	3.75642752125e7	1.221080519034091e6	100000.
5.65	3.7477408634375e7	1.2063584721590912e6	100000.
5.66	3.736845727499999e7	1.1813285971590907e6	100000.
5.67	3.72948413375e7	1.1710230502840912e6	100000.
5.680000000000001	3.718736366562499e7	1.1518810815340907e6	100000.
5.690000000000001	3.7112274040625e7	1.140102987784091e6	100000.
5.7	3.6997433634375e7	1.1327413940340912e6	100000.
5.709999999999999	3.693265411874999e7	1.112130300284091e6	100000.
5.720000000000001	3.680309052499999e7	1.110657753409091e6	100000.
5.73	3.673977899374999e7	1.085627878409091e6	100000.
5.74	3.662494086875e7	1.079739972159091e6	100000.
5.75	3.6568992071875e7	1.0650167846590907e6	100000.
5.760000000000002	3.6451208853125e7	1.053237550284091e6	100000.
5.7700000000000005	3.637464782187499e7	1.0311527690340909e6	100000.
5.779999999999999	3.62863098375e7	1.0340978627840912e6	100000.
5.79	3.621269389999999e7	1.0120130815340909e6	100000.
5.800000000000001	3.6114049228125e7	997289.8940340909	100000.
5.8100000000000005	3.604337724375e7	989928.3002840909	100000.
5.82	3.5941789759375e7	991400.847159091	100000.
5.83	3.58652275875e7	978151.347159091	100000.
5.840000000000001	3.576216527499999e7	951647.784659091	100000.
5.85	3.57003297125e7	945759.8784090909	100000.
5.86	3.5613463134375e7	942813.6440340909	100000.
5.870000000000001	3.552659655625e7	942814.7846590909	100000.
5.88	3.54264793375e7	907479.3627840909	100000.
5.890000000000001	3.5360223853125e7	904534.269034091	100000.
5.9	3.526894305625e7	898644.0815340908	100000.
5.91	3.5202687571875e7	891282.487784091	100000.
5.92	3.5099625259375006e7	882449.4877840908	100000.
5.930000000000001	3.5048094103125e7	875087.8940340908	100000.
5.940000000000001	3.493914388437499e7	873614.2065340909	100000.
5.95	3.4880251134375e7	847112.9252840909	100000.
5.959999999999999	3.47860229625e7	850058.0190340908	100000.
5.970000000000001	3.4713881853125006e7	848586.612784091	100000.
5.98	3.4635849415625e7	839752.472159091	100000.
5.99	3.455487074375e7	820612.7846590909	100000.
6.	3.4466532759375e7	811777.5034090909	100000.
6.010000000000002	3.4397333321875e7	819141.3784090908	100000.
6.0200000000000005	3.431782719687499e7	801474.237784091	100000.
6.029999999999999	3.4260409275e7	794111.5034090909	100000.
6.04	3.416765365e7	782331.128409091	100000.
6.050000000000001	3.4107287212500006e7	764663.9877840908	100000.
6.0600000000000005	3.4039561462500006e7	770555.3159090909	100000.
6.07	3.3958585071875e7	755830.9877840908	100000.
6.08	3.387908236875e7	751413.347159091	100000.
6.090000000000001	3.3823133571875e7	749941.9409090909	100000.
6.1	3.37421549e7	720496.706534091	100000.
6.109999999999999	3.366265105625e7	724910.925284091	100000.
6.120000000000001	3.358608888437499e7	717550.4721590909	100000.
6.13	3.3527197275e7	721968.112784091	100000.
6.140000000000001	3.3453582478125e7	704299.8315340909	100000.
6.15	3.338438418124999e7	705772.3784090909	100000.
6.16	3.330929683749999e7	698409.6440340909	100000.
6.17	3.3243041353124995e7	705772.3784090909	100000.
6.1800000000000015	3.31620649625e7	682215.050284091	100000.
6.190000000000001	3.3100229399999995e7	680741.3627840909	100000.
6.2	3.3039862962499995e7	670436.9565340909	100000.
6.209999999999999	3.2972137212500002e7	663075.3627840909	100000.
6.220000000000001	3.2885270634375e7	652768.675284091	100000.
6.23	3.2833739478125e7	651296.1284090909	100000.
6.24	3.2758650993749995e7	629212.487784091	100000.
6.25	3.26982868375e7	640989.4409090909	100000.
6.260000000000002	3.2618782993750002e7	620378.3471590912	100000.
6.2700000000000005	3.2570195790625006e7	617433.2534090909	100000.
6.279999999999999	3.2481856665625002e7	608599.1127840909	100000.
6.290000000000001	3.2434743150000002e7	605655.1596590912	100000.
6.300000000000001	3.2365544853125002e7	598292.4252840912	100000.
6.3100000000000005	3.2290457509375002e7	579152.737784091	100000.
6.32	3.2209479978124995e7	589459.4252840909	100000.
6.33	3.216825436875e7	582097.831534091	100000.
6.340000000000001	3.2082860337499995e7	568846.0502840909	100000.
6.35	3.204458324375e7	567375.784659091	100000.
6.359999999999999	3.196066061875e7	579152.7377840908	100000.
6.370000000000001	3.1904711821875e7	554124.0034090909	100000.
6.38	3.1828151931250002e7	558541.6440340912	100000.
6.390000000000001	3.1789871415625e7	545291.0034090909	100000.
6.4	3.1698588337499995e7	554125.1440340909	100000.
6.41	3.166030668125e7	543818.456534091	100000.
6.42	3.1576385196875002e7	537929.409659091	100000.
6.4300000000000015	3.1536634415624995e7	520261.128409091	100000.
6.440000000000001	3.1464489884374995e7	530567.8159090909	100000.
6.45	3.1408543368749995e7	514372.081534091	100000.
6.459999999999999	3.133492743125e7	518788.58153409103	100000.
6.470000000000001	3.1295175509375e7	515843.48778409103	100000.
6.48	3.1217143071875e7	511428.1284090909	100000.
6.49	3.1164139368750006e7	498176.34715909103	100000.
6.5	3.1096412478125e7	508483.034659091	100000.
6.510000000000002	3.1059605650000002e7	498176.34715909103	100000.
6.5200000000000005	3.097273793125e7	496704.9409090909	100000.
6.529999999999999	3.0925624415625e7	492286.159659091	100000.
6.540000000000001	3.0860842618750002e7	487869.659659091	100000.
6.550000000000001	3.0813731384374995e7	487869.659659091	100000.
6.5600000000000005	3.0743058259375e7	474621.300284091	100000.
6.57	3.0692998509374995e7	479035.5190340909	100000.
6.58	3.0629690400000002e7	480509.20653409103	100000.
6.590000000000001	3.0567852556249995e7	481979.472159091	100000.
6.6	3.0508960946875002e7	462839.784659091	100000.
6.609999999999999	3.0463321118749995e7	436339.6440340909	100000.
6.620000000000001	3.0383813853125e7	467258.565909091	100000.
6.63	3.0352896071875e7	448116.59715909103	100000.
6.640000000000001	3.0258669040625e7	458423.2846590909	100000.
6.65	3.0221861071875002e7	430449.45653409103	100000.
6.66	3.0146770306250002e7	440756.1440340909	100000.
6.67	3.0112908571875006e7	436339.64403409103	100000.
6.6800000000000015	3.0036348681250002e7	451062.83153409103	100000.
6.690000000000001	3.0001014399999995e7	436338.50340909086	100000.
6.7	2.9933287509374995e7	431920.8627840909	100000.
6.709999999999999	2.9895008134375002e7	406892.128409091	100000.
6.720000000000001	2.9814030603125002e7	417197.6752840909	100000.
6.73	2.9774278681249995e7	408365.8159090909	100000.
6.74	2.9709498025e7	417198.8159090909	100000.
6.75	2.9666798728125002e7	401003.081534091	100000.
6.760000000000002	2.9609377384375e7	401003.08153409103	100000.
6.7700000000000005	2.955343086875e7	393641.487784091	100000.
6.779999999999999	2.9493066712500006e7	399531.675284091	100000.
6.790000000000001	2.94385904625e7	398057.98778409103	100000.
6.800000000000001	2.9366447071875e7	401001.940909091	100000.
6.8100000000000005	2.9334055603125e7	402474.487784091	100000.
6.82	2.925896711875e7	381864.534659091	100000.
6.83	2.9213328431250002e7	367139.065909091	100000.
6.840000000000001	2.913971249375e7	368612.753409091	100000.
6.85	2.9097014337499995e7	368612.753409091	100000.
6.859999999999999	2.9030758853125e7	375974.347159091	100000.
6.870000000000001	2.89998422125e7	368613.89403409103	100000.
6.88	2.8926227415624995e7	361252.3002840909	100000.
6.890000000000001	2.886880493125e7	353890.7065340909	100000.
6.9	2.8809914462499995e7	359778.612784091	100000.
6.91	2.87745779e7	350946.7534090909	100000.
6.92	2.870243565e7	359778.612784091	100000.
6.9300000000000015	2.8668571634375e7	347999.378409091	100000.
6.940000000000001	2.8589067790624995e7	358304.92528409103	100000.
6.95	2.8546369634375e7	336222.425284091	100000.
6.959999999999999	2.8486005478124995e7	342111.472159091	100000.
6.970000000000001	2.84388919625e7	331803.644034091	100000.
6.98	2.83593858375e7	336222.425284091	100000.
6.99	2.8318161368750002e7	336223.5659090909	100000.
7.	2.8243074025e7	339166.378409091	100000.
7.010000000000002	2.820921115e7	342109.1909090909	100000.
7.0200000000000005	2.8140010571875e7	333277.3315340909	100000.
7.029999999999999	2.8101731196875e7	331803.644034091	100000.
7.040000000000001	2.8042839587500002e7	330333.3784090909	100000.
7.050000000000001	2.7998670025000002e7	336221.284659091	100000.
7.0600000000000005	2.7927999181250002e7	322971.784659091	100000.
7.07	2.7888248399999995e7	312665.0971590909	100000.
7.08	2.78190489625e7	312665.0971590909	100000.
7.090000000000001	2.7783713540625e7	317080.456534091	100000.
7.1	2.771598665e7	321496.956534091	100000.
7.109999999999999	2.765562249375e7	299414.4565340909	100000.
7.120000000000001	2.76040913375e7	325915.73778409086	100000.
7.13	2.757169986875e7	306774.9096590909	100000.
7.140000000000001	2.7506920353125e7	315609.050284091	100000.
7.15	2.747158265e7	308247.4565340909	100000.
7.16	2.74053305875e7	297941.9096590909	100000.
7.17	2.7390605118750002e7	296471.6440340909	100000.
7.1800000000000015	2.7331713509374995e7	320026.6909090909	100000.
7.190000000000001	2.728459999375e7	293526.5502840909	100000.
7.2	2.7238957884375002e7	303829.815909091	100000.
7.209999999999999	2.7202148775000002e7	278802.2221590909	100000.
7.220000000000001	2.7131477931249995e7	302359.5502840909	100000.
7.23	2.7090255743750002e7	287635.222159091	100000.
7.24	2.7043141087500002e7	287636.36278409086	100000.
7.25	2.6998972665625002e7	275858.2690340909	100000.
7.260000000000002	2.6956276790625e7	292054.0034090909	100000.
7.2700000000000005	2.6917996275e7	277330.8159090909	100000.
7.279999999999999	2.68620463375e7	281746.175284091	100000.
7.290000000000001	2.6822293275e7	280273.628409091	100000.
7.300000000000001	2.6764875353124995e7	272912.034659091	100000.
7.3100000000000005	2.67103979625e7	267022.987784091	100000.
7.32	2.6672117446874995e7	280273.628409091	100000.
7.33	2.6633839212499995e7	272912.034659091	100000.
7.340000000000001	2.6564639774999995e7	280273.628409091	100000.
7.35	2.6557277040624995e7	274384.5815340909	100000.
7.359999999999999	2.6501329384375002e7	261135.08153409098	100000.
7.370000000000001	2.6455689556249995e7	267025.2690340909	100000.
7.38	2.63894352125e7	262605.347159091	100000.
7.390000000000001	2.6387962665625e7	250829.53465909092	100000.
7.4	2.631287418124999e7	259661.39403409095	100000.
7.41	2.6286372899999995e7	239048.01903409092	100000.
7.42	2.6224536196875e7	246409.61278409092	100000.
7.4300000000000015	2.619508868125e7	244939.34715909098	100000.
7.440000000000001	2.6139141025e7	249355.84715909095	100000.
7.45	2.611411343125e7	241994.25340909092	100000.
7.459999999999999	2.6066996493750002e7	249354.70653409092	100000.
7.470000000000001	2.6059636040625002e7	240523.98778409095	100000.
7.48	2.6015466478125e7	231687.56590909092	100000.
7.49	2.5980131056249995e7	227269.92528409092	100000.
7.5	2.5931546134375e7	246410.75340909092	100000.
7.510000000000002	2.5916822946874995e7	236104.06590909092	100000.
7.5200000000000005	2.5863818103125002e7	243466.80028409095	100000.
7.529999999999999	2.5841734462499995e7	227272.20653409095	100000.
7.540000000000001	2.5785785665625002e7	244938.20653409092	100000.
7.550000000000001	2.5769591071874995e7	225799.65965909095	100000.
7.5600000000000005	2.572247755625e7	240522.84715909092	100000.
7.57	2.5695976274999995e7	218436.92528409095	100000.
7.58	2.5631194478125e7	253773.48778409092	100000.
7.590000000000001	2.5610583384375e7	243466.80028409095	100000.
7.6	2.5560523634375e7	246410.75340909092	100000.
7.609999999999999	2.5532549806250002e7	219908.33153409095	100000.
7.620000000000001	2.5473658196875e7	221382.01903409095	100000.
7.630000000000001	2.5454515087499995e7	233160.11278409095	100000.
7.640000000000001	2.5400042259375002e7	234632.65965909092	100000.
7.65	2.5380900290624995e7	221380.87840909092	100000.
7.66	2.533820555625e7	233161.25340909098	100000.
7.67	2.53146470875e7	224327.11278409092	100000.
7.6800000000000015	2.5257226884375002e7	234633.80028409092	100000.
7.690000000000001	2.5248393884375e7	219910.61278409095	100000.
7.7	2.5190973681249995e7	236105.20653409092	100000.
7.71	2.51629987125e7	222854.56590909092	100000.
7.719999999999998	2.5124719337499995e7	225799.65965909095	100000.
7.7299999999999995	2.5093801556249995e7	209602.78465909095	100000.
7.740000000000001	2.5048159446875e7	219909.47215909092	100000.
7.749999999999999	2.502460211875e7	203713.73778409098	100000.
7.760000000000001	2.497012586875e7	200769.78465909092	100000.
7.7700000000000005	2.4953932415625e7	188991.69090909095	100000.
7.78	2.4900928712500002e7	222855.70653409092	100000.
7.790000000000002	2.4870009790625e7	196351.0034090909	100000.
7.8	2.4819950040625002e7	209603.92528409095	100000.
7.81	2.4812589587499995e7	215492.972159091	100000.
7.820000000000003	2.475664193125e7	225798.51903409092	100000.
7.830000000000001	2.474191874375e7	209603.92528409098	100000.
7.840000000000001	2.4685971087500002e7	183101.50340909095	100000.
7.8500000000000005	2.4665358853125e7	193408.19090909095	100000.
7.8599999999999985	2.4632967384375e7	203713.73778409095	100000.
7.87	2.4607937509375e7	184574.05028409095	100000.
7.88	2.4559351446875002e7	194880.73778409092	100000.
7.89	2.45505195875e7	181630.09715909095	100000.
7.900000000000001	2.4501930103125e7	184574.05028409095	100000.
7.910000000000001	2.4478373915625e7	180158.69090909092	100000.
7.920000000000001	2.4429790134375e7	187520.28465909095	100000.
7.930000000000002	2.44180109e7	177212.45653409095	100000.
7.94	2.437236765e7	186047.73778409092	100000.
7.95	2.4348811462499995e7	181630.09715909095	100000.
7.96	2.4292864946875e7	190463.09715909095	100000.
7.969999999999998	2.4288446165625e7	193409.33153409092	100000.
7.9799999999999995	2.424133265e7	181630.09715909095	100000.
7.990000000000001	2.4222192962500002e7	183102.64403409095	100000.
7.999999999999999	2.4164772759375e7	181628.95653409092	100000.
8.01	2.4157411165625002e7	177213.59715909098	100000.
8.02	2.4116186696875e7	194880.73778409098	100000.
8.03	2.4089684275e7	187519.14403409095	100000.
8.040000000000001	2.4045514712500002e7	180155.26903409092	100000.
8.049999999999999	2.4041099353125e7	183100.36278409095	100000.
8.059999999999999	2.399840005625e7	172797.09715909095	100000.
8.070000000000002	2.3974845009375e7	175739.90965909095	100000.
8.08	2.3942453540625e7	175738.76903409098	100000.
8.09	2.3921840165625e7	196354.42528409098	100000.
8.1	2.3876201478125002e7	175739.90965909095	100000.
8.109999999999998	2.3882089384375002e7	158071.62840909098	100000.
8.12	2.3815833900000006e7	181630.09715909095	100000.
8.129999999999999	2.383055936875e7	184574.05028409095	100000.
8.139999999999999	2.3771665478125002e7	181628.95653409095	100000.
8.15	2.3771665478125e7	186045.45653409092	100000.
8.16	2.3718661775e7	171322.26903409095	100000.
8.17	2.3714246415625e7	178685.00340909098	100000.
8.180000000000001	2.3670075712499995e7	166905.76903409098	100000.
8.19	2.3649465759375006e7	177212.45653409095	100000.
8.2	2.362590843125e7	172797.09715909098	100000.
8.209999999999999	2.361412805625e7	180156.40965909092	100000.
8.219999999999997	2.356112549375e7	178683.86278409095	100000.
8.229999999999999	2.3561124353125002e7	155126.53465909092	100000.
8.24	2.3511068025e7	168379.45653409095	100000.
8.249999999999998	2.3511065743749995e7	161016.72215909095	100000.
8.26	2.3462479681250002e7	168377.17528409095	100000.
8.27	2.3466896181249995e7	172795.95653409098	100000.
8.28	2.3434506993749995e7	183100.36278409095	100000.
8.290000000000001	2.3435979540625e7	161016.72215909095	100000.
8.299999999999999	2.3371197743749995e7	165433.22215909095	100000.
8.309999999999999	2.3378560478124995e7	162489.26903409098	100000.
8.320000000000002	2.333586118125e7	168378.31590909092	100000.
8.33	2.3334389775e7	149239.76903409095	100000.
8.34	2.3268134290625e7	146293.53465909095	100000.
8.35	2.3288746525000002e7	166905.76903409098	100000.
8.359999999999998	2.3246049509375002e7	169852.00340909095	100000.
8.37	2.3250468290625006e7	166906.90965909095	100000.
8.379999999999999	2.3203353634374995e7	147766.08153409092	100000.
8.389999999999999	2.318421280625e7	156599.08153409095	100000.
8.4	2.315624011875e7	156601.36278409095	100000.
8.41	2.3148877384375e7	155127.67528409095	100000.
8.42	2.3104710103125e7	169849.72215909095	100000.
8.430000000000001	2.3115015649999995e7	165433.22215909095	100000.
8.44	2.3054649212499995e7	153656.26903409095	100000.
8.45	2.3064957040624995e7	140405.62840909095	100000.
8.459999999999999	2.3017842384374995e7	174268.50340909095	100000.
8.469999999999997	2.3028149071875e7	155126.53465909092	100000.
8.479999999999999	2.2975144228124995e7	161017.86278409098	100000.
8.49	2.2969256321875e7	147766.08153409095	100000.
8.499999999999998	2.2908891024999995e7	156600.22215909098	100000.
8.51	2.292361649374999e7	153653.98778409095	100000.
8.52	2.2864722603125e7	152183.72215909092	100000.
8.53	2.2873555603125e7	150712.31590909095	100000.
8.540000000000001	2.2824969540625e7	158072.76903409092	100000.
8.549999999999999	2.2824968399999995e7	172795.95653409095	100000.
8.559999999999999	2.276460424375e7	156600.22215909098	100000.
8.570000000000002	2.2777854884375e7	135989.12840909095	100000.
8.58	2.272190836875e7	150710.03465909095	100000.
8.59	2.273810524375e7	152182.58153409095	100000.
8.6	2.26762674e7	168378.31590909098	100000.
8.609999999999998	2.267626511875e7	144822.12840909095	100000.
8.62	2.2632097837499995e7	150712.31590909095	100000.
8.629999999999999	2.2636514337499995e7	147766.08153409092	100000.
8.639999999999999	2.2592344775e7	138931.94090909095	100000.
8.65	2.2587928275e7	153655.12840909095	100000.
8.66	2.254081361875e7	144823.26903409095	100000.
8.67	2.2546702665625e7	144820.98778409095	100000.
8.680000000000001	2.25054793375e7	146294.67528409092	100000.
8.69	2.2518729978125e7	128626.39403409093	100000.
8.7	2.2456892134375e7	140404.48778409092	100000.
8.709999999999999	2.2456892134374995e7	131571.48778409095	100000.
8.719999999999997	2.2412723712499995e7	133042.89403409095	100000.
8.729999999999999	2.2424500665625e7	125681.30028409098	100000.
8.74	2.235088586875e7	147766.08153409092	100000.
8.749999999999998	2.2372969509375e7	130098.94090909093	100000.
8.76	2.2325857134375e7	130098.94090909093	100000.
8.77	2.2321440634375006e7	122736.20653409096	100000.
8.78	2.2289049165624995e7	135986.84715909095	100000.
8.790000000000001	2.229199311875e7	137459.39403409095	100000.
8.799999999999999	2.2253712603125e7	133042.89403409095	100000.
8.809999999999999	2.2244879603124995e7	124207.61278409098	100000.
8.820000000000002	2.2213959540625e7	146294.67528409092	100000.
8.83	2.2215430946874995e7	137461.67528409095	100000.
8.84	2.2169789978125002e7	119791.11278409093	100000.
8.85	2.2177151571875002e7	128625.25340909098	100000.
8.859999999999998	2.2134454556249995e7	128625.25340909095	100000.
8.87	2.213151174375e7	118320.84715909098	100000.
8.879999999999999	2.2088813587499995e7	108013.01903409093	100000.
8.889999999999999	2.2099120275e7	128626.39403409093	100000.
8.9	2.206231230625e7	127152.70653409095	100000.
8.91	2.2059367212499995e7	127153.84715909095	100000.
8.92	2.2013725103125002e7	103595.37840909095	100000.
8.930000000000001	2.2012253696875e7	116847.15965909096	100000.
8.94	2.1968084134375002e7	130098.94090909093	100000.
8.95	2.197986336875e7	135986.8471590909	100000.
8.959999999999999	2.1932748712500002e7	121263.65965909095	100000.
8.969999999999997	2.19371652125e7	113903.20653409098	100000.
8.979999999999999	2.19077188375e7	110958.11278409096	100000.
8.99	2.1895939603125e7	103596.51903409095	100000.
8.999999999999998	2.1854716275e7	115376.89403409096	100000.
9.01	2.1873855962500002e7	103596.51903409095	100000.
9.02	2.1807602759375002e7	124208.75340909096	100000.
9.03	2.18208534e7	110958.11278409096	100000.
9.040000000000001	2.1778156384374995e7	110958.11278409095	100000.
9.049999999999999	2.1791407025e7	119792.25340909093	100000.
9.059999999999999	2.175018255625e7	112430.65965909095	100000.
9.070000000000002	2.174429236875e7	100652.56590909095	100000.
9.08	2.1708956946875e7	116848.30028409093	100000.
9.09	2.1708959228125e7	122737.34715909093	100000.
9.1	2.16633148375e7	130098.94090909093	100000.
9.109999999999998	2.1678039165625e7	113902.06590909095	100000.
9.12	2.163239705625e7	118318.56590909095	100000.
9.129999999999999	2.1623562915625e7	106540.47215909098	100000.
9.139999999999999	2.1602951821875e7	116848.30028409096	100000.
9.15	2.1608842009375e7	118319.70653409095	100000.
9.16	2.155436461875e7	109487.84715909096	100000.
9.17	2.1517557790625e7	119791.11278409093	100000.
9.180000000000001	2.1458666181250002e7	112430.65965909095	100000.
9.19	2.14778035875e7	100000.	100000.
9.2	2.1446886946875e7	109484.42528409096	100000.
9.209999999999999	2.1457193634375002e7	109486.70653409095	100000.
9.219999999999997	2.1410078978125e7	106540.47215909095	100000.
9.229999999999999	2.1418911978125e7	116847.15965909096	100000.
9.24	2.1387994196875e7	100000.	100000.
9.249999999999998	2.139535465e7	106541.61278409093	100000.
9.26	2.1355602728124995e7	102123.97215909095	100000.
9.27	2.13717984625e7	100000.	100000.
9.28	2.1330573993750002e7	118319.70653409095	100000.
9.290000000000001	2.132615749375e7	108014.15965909098	100000.
9.299999999999999	2.129229461875e7	100652.56590909095	100000.
9.309999999999999	2.1284931884375e7	108014.15965909098	100000.
9.320000000000002	2.1262847103125002e7	103596.51903409095	100000.
9.33	2.127168124375e7	100000.	100000.
9.34	2.1218678681250002e7	100000.	100000.
9.35	2.1226039134374995e7	106541.61278409093	100000.
9.359999999999998	2.1180398165625e7	116848.30028409096	100000.
9.37	2.1187759759375002e7	100000.	100000.
9.379999999999999	2.1162732165625002e7	100000.	100000.
9.389999999999999	2.1149479243749995e7	100000.	100000.
9.4	2.1111199868749995e7	100000.	100000.
9.41	2.1099421775000002e7	100000.	100000.
9.42	2.1069976540625e7	100000.	100000.
9.430000000000001	2.1086171134375002e7	100000.	100000.
9.44	2.1025804696875e7	100000.	100000.
9.45	2.104200043125e7	100000.	100000.
9.459999999999999	2.1000777103125e7	100000.	100000.
9.469999999999997	2.1018441962499995e7	100000.	100000.
9.479999999999999	2.0963967993749995e7	103596.51903409095	100000.
9.49	2.0988997868750002e7	100000.	100000.
9.499999999999998	2.0931577665624995e7	100000.	100000.
9.51	2.0938939259375e7	100000.	100000.
9.52	2.0894769696875e7	103596.51903409095	100000.
9.53	2.0896241103125e7	100000.	100000.
9.540000000000001	2.085796286875e7	100000.	100000.
9.549999999999999	2.0859435415625002e7	100000.	100000.
9.559999999999999	2.082262630625e7	100000.	100000.
9.570000000000002	2.0829989040625002e7	100000.	100000.
9.58	2.0787292025e7	100000.	100000.
9.59	2.0791707384375e7	100000.	100000.
9.6	2.0759318196874995e7	100000.	100000.
9.609999999999998	2.0759315915625e7	100000.	100000.
9.62	2.0723982774999995e7	100000.	100000.
9.629999999999999	2.074017736875e7	100000.	100000.
9.639999999999999	2.069011761875e7	100000.	100000.
9.65	2.070631449375e7	100000.	100000.
9.66	2.0657728431249995e7	100000.	100000.
9.67	2.0651837103125002e7	100000.	100000.
9.680000000000001	2.0616502821875e7	100000.	100000.
9.69	2.0640061290624995e7	100000.	100000.
9.7	2.0591472946875e7	100000.	100000.
9.709999999999999	2.0594418040625e7	100000.	100000.
9.719999999999997	2.0557611212499995e7	100000.	100000.
9.729999999999999	2.0576749759375e7	100000.	100000.
9.74	2.051785815e7	100000.	100000.
9.749999999999998	2.054877593125e7	100000.	100000.
9.76	2.05031349625e7	100000.	100000.
9.77	2.0511969103125e7	100000.	100000.
9.78	2.046780068125e7	100000.	100000.
9.790000000000001	2.0475162275e7	100000.	100000.
9.799999999999999	2.04309927125e7	100000.	100000.
9.809999999999999	2.04398257125e7	100000.	100000.
9.820000000000002	2.04147958375e7	100000.	100000.
9.83	2.0422158571875e7	100000.	100000.
9.84	2.03720999625e7	100000.	100000.
9.85	2.0389769384374995e7	100000.	100000.
9.859999999999998	2.0342653587500002e7	100000.	100000.
9.87	2.036620863437499e7	100000.	100000.
9.879999999999999	2.032645899375e7	100000.	100000.
9.889999999999999	2.032056880625e7	100000.	100000.
9.9	2.0289649884375e7	100000.	100000.
9.91	2.0291122431249995e7	100000.	100000.
9.92	2.0251370509375002e7	100000.	100000.
9.930000000000001	2.0261676056249995e7	100000.	100000.
9.94	2.0218979040625e7	100000.	100000.
9.95	2.0229285728125e7	100000.	100000.
9.959999999999999	2.0189532665625e7	100000.	100000.
9.969999999999997	2.0199839353125e7	100000.	100000.
9.979999999999999	2.0170391837499995e7	100000.	100000.
9.99	2.0161559978125e7	100000.	100000.
9.999999999999998	2.013064105625e7	100000.	100000.
10.01	2.014683565e7	100000.	100000.
10.02	2.01188629625e7	100000.	100000.
10.03	2.0126224556250002e7	100000.	100000.
10.040000000000001	2.0086471493750002e7	100000.	100000.
10.049999999999999	2.007763849375e7	100000.	100000.
10.059999999999999	2.0045245884375e7	102125.11278409093	100000.
10.070000000000002	2.005408230625e7	100000.	100000.
10.08	2.0021690837499995e7	109485.56590909095	100000.
10.09	2.0023162243750002e7	100000.	100000.
10.1	1.9998132368750002e7	112430.65965909095	100000.
10.109999999999998	1.9990770775e7	100000.	100000.
10.12	1.995985299375e7	100000.	100000.
10.129999999999999	1.9981937775e7	105069.06590909093	100000.
10.139999999999999	1.9937769353125e7	100000.	100000.
10.15	1.9953963946875002e7	100000.	100000.
10.16	1.9918627384375e7	100000.	100000.
10.17	1.9917153696875002e7	102122.83153409092	100000.
10.180000000000001	1.9896542603125e7	106541.61278409093	100000.
10.19	1.988623705625e7	110958.11278409095	100000.
10.2	1.9865623681249995e7	109485.56590909095	100000.
10.209999999999999	1.98656259625e7	103596.51903409095	100000.
10.219999999999997	1.9843540040625002e7	113902.06590909095	100000.
10.229999999999999	1.9846485134375002e7	115374.61278409095	100000.
10.24	1.9803786978125e7	118319.70653409095	100000.
10.249999999999998	1.98155662125e7	100000.	100000.
10.26	1.9775814290624995e7	100000.	100000.
10.27	1.97979002125e7	112430.65965909095	100000.
10.28	1.9759617415625e7	112430.65965909095	100000.
10.290000000000001	1.9778758243750002e7	105069.06590909096	100000.
10.299999999999999	1.9750784415625e7	116848.30028409096	100000.
10.309999999999999	1.9739006321875e7	112431.80028409095	100000.
10.320000000000002	1.9711031353125e7	103596.51903409095	100000.
10.33	1.9713976446875002e7	106540.47215909095	100000.
10.34	1.9681584978125e7	100000.	100000.
10.35	1.9702198353125002e7	115375.75340909093	100000.
10.359999999999998	1.9660973884374995e7	119791.11278409093	100000.
10.37	1.9665390384375e7	118318.56590909095	100000.
10.379999999999999	1.9627111009374995e7	109486.70653409095	100000.
10.389999999999999	1.965361343125e7	119793.39403409093	100000.
10.4	1.9612386681249995e7	103596.51903409095	100000.
10.41	1.9630054962500002e7	116848.30028409093	100000.
10.42	1.9591774446875e7	121262.51903409095	100000.
10.430000000000001	1.9587357946875002e7	124208.75340909096	100000.
10.44	1.9557911571875e7	113902.06590909092	100000.
10.45	1.957852380625e7	125681.30028409098	100000.
10.459999999999999	1.9529938884375e7	105067.92528409095	100000.
10.469999999999997	1.9552021384375002e7	115374.61278409095	100000.
10.479999999999999	1.9509325509375e7	112430.65965909095	100000.
10.49	1.9538771884374995e7	121263.65965909095	100000.
10.499999999999998	1.9488714415625e7	115374.61278409095	100000.
10.51	1.95078529625e7	121264.80028409093	100000.
10.52	1.946662849375e7	128626.39403409096	100000.
10.53	1.94739900875e7	124209.89403409095	100000.
10.540000000000001	1.9443072306249995e7	116846.01903409092	100000.
10.549999999999999	1.9451905306250002e7	124208.75340909096	100000.
10.559999999999999	1.9419514978125e7	118319.70653409095	100000.
10.570000000000002	1.943129193125e7	144822.12840909095	100000.
10.58	1.9394485103125e7	130097.80028409096	100000.
10.59	1.9400375290625e7	131569.20653409095	100000.
10.6	1.9376817962499995e7	116847.15965909095	100000.
10.609999999999998	1.9366511275e7	118319.70653409095	100000.
10.62	1.9340011134375002e7	122736.20653409096	100000.
10.629999999999999	1.9357677134375002e7	106541.61278409093	100000.
10.639999999999999	1.9326759353125e7	108014.15965909098	100000.
10.65	1.9345899040625e7	135987.98778409095	100000.
10.66	1.9294367884375e7	135987.98778409098	100000.
10.67	1.9289951384375e7	127153.84715909095	100000.
10.680000000000001	1.9264922650000002e7	124207.61278409095	100000.
10.69	1.927670074375e7	140404.48778409092	100000.
10.7	1.9261976415624995e7	124208.75340909096	100000.