(37.9e-3 0.05e-3 1.890625e-05)
(37.9e-3 0.05e-3 5.671875e-05)
(37.9e-3 0.05e-3 9.453125e-05)
(37.9e-3 0.05e-3 0.00013234375)
(37.9e-3 0.05e-3 0.00017015625)
(37.9e-3 0.05e-3 0.00020796875)
(37.9e-3 0.05e-3 0.00024578125)
(37.9e-3 0.05e-3 0.00028359375)
(37.9e-3 0.05e-3 0.00032140625)
(37.9e-3 0.05e-3 0.00035921875)
(37.9e-3 0.05e-3 0.00039703125)
(37.9e-3 0.05e-3 0.00043484375)
(37.9e-3 0.05e-3 0.00047265625)
(37.9e-3 0.05e-3 0.00051046875)
(37.9e-3 0.05e-3 0.00054828125)
(37.9e-3 0.05e-3 0.00058609375)
(37.9e-3 0.05e-3 0.00062390625)
(37.9e-3 0.05e-3 0.00066171875)
(37.9e-3 0.05e-3 0.00069953125)
(37.9e-3 0.05e-3 0.00073734375)
(37.9e-3 0.05e-3 0.00077515625)
(37.9e-3 0.05e-3 0.00081296875)
(37.9e-3 0.05e-3 0.00085078125)
(37.9e-3 0.05e-3 0.00088859375)
(37.9e-3 0.05e-3 0.00092640625)
(37.9e-3 0.05e-3 0.00096421875)
(37.9e-3 0.05e-3 0.00100203125)
(37.9e-3 0.05e-3 0.00103984375)
(37.9e-3 0.05e-3 0.00107765625)
(37.9e-3 0.05e-3 0.00111546875)
(37.9e-3 0.05e-3 0.00115328125)
(37.9e-3 0.05e-3 0.00119109375)