0.	149056.19062500002	100000.	100000.
0.010000000000000009	343401.58125000005	100000.	100000.
0.020000000000000018	701174.5812499999	100000.	100000.
0.030000000000000027	1.0236098781249998e6	100000.	100000.
0.03999999999999998	1.550697253125e6	100000.	100000.
0.04999999999999999	2.1646500656250003e6	100000.	100000.
0.06	2.9758945031250003e6	100000.	100000.
0.07	3.9991503312500003e6	100000.	100000.
0.08000000000000002	4.8854821125e6	317488.315	111012.514375
0.09000000000000002	5.9440733625e6	1.340746424375e6	106594.87375
0.10000000000000003	7.054195768750001e6	2.003283018125e6	177266.85812500003
0.10999999999999993	8.230571378124999e6	3.1016296118750004e6	239102.42062500003
0.12000000000000005	9.911950721875e6	4.462043924375e6	348053.78
0.12999999999999995	1.232948601875e7	7.140177815e6	1.6466313893750003e6
0.14000000000000007	1.7360372268749997e7	1.5848898736874998e7	8.572380920625001e6
0.14999999999999997	2.465567289375e7	2.4843243565e7	2.0455405326874997e7
0.1600000000000001	3.2348497299999997e7	3.1786664799375e7	2.836024112375e7
0.16999999999999998	3.690088337812501e7	3.6347883877500005e7	3.3023051108124997e7
0.18	3.9474483550000004e7	3.8896451893125005e7	3.5975035373749994e7
0.19	4.1650558800000004e7	4.094738119e7	3.847502074875e7
0.2	4.2871103971875e7	4.2263629361875005e7	4.0126951436249994e7
0.21000000000000002	4.3738294925e7	4.312787522124999e7	4.1231183655e7
0.22000000000000003	4.4284523128125004e7	4.3741826893125e7	4.205567987375001e7
0.22999999999999998	4.4592236378125004e7	4.4102544986875e7	4.2520930545624994e7
0.24000000000000005	4.4779219034375004e7	4.4386702049375005e7	4.29022585925e7
0.25	4.4867558159375004e7	4.4489762080625e7	4.311427112375e7
0.2599999999999999	4.4919088175e7	4.458104629937501e7	4.326297554562499e7
0.27	4.4919089315625004e7	4.459429694e7	4.3335117795624994e7
0.28000000000000014	4.491614308125e7	4.4597240893125e7	4.3389592904999994e7
0.29000000000000004	4.4885226440625004e7	4.456926706499999e7	4.3380759905e7
0.29999999999999993	4.4880809940625e7	4.4532460236875005e7	4.3368980670625e7
0.31000000000000005	4.484989101875e7	4.4470621252500005e7	4.3341005701875e7
0.3200000000000002	4.4829277643750004e7	4.4424980283750005e7	4.33321738425e7
0.32999999999999996	4.4802777503125e7	4.43601996275e7	4.328505918625e7
0.33999999999999997	4.4780691581250004e7	4.4317502611875e7	4.326150299875e7
0.35	4.4749772659375e7	4.42085512525e7	4.3223221342499994e7
0.36	4.4720327425e7	4.416732678375e7	4.3190831014375e7
0.37	4.4701186596875004e7	4.4070154658750005e7	4.3124576670624994e7
0.38	4.4671740221875e7	4.4002426627500005e7	4.309513143625001e7
0.39	4.4657017034375004e7	4.391408978375e7	4.305096187375e7
0.4	4.4629043206250004e7	4.3840473846250005e7	4.30244605925e7
0.41000000000000003	4.4609904659375e7	4.374330172125e7	4.295526115499999e7
0.42000000000000004	4.458487364375e7	4.3679991330625e7	4.293023356125001e7
0.43000000000000005	4.456720650312499e7	4.3571041111875005e7	4.2868394576875e7
0.44000000000000006	4.4549538221875004e7	4.350331422125e7	4.2843365842499994e7
0.45000000000000007	4.4517147893750004e7	4.341203228375e7	4.2781529139374994e7
0.45999999999999996	4.4508312612500004e7	4.3320749205625e7	4.2763860858125e7
0.46999999999999986	4.44994796125e7	4.3227991299375e7	4.2700551608124994e7
0.48	4.4478868518750004e7	4.3176460143125e7	4.266816128e7
0.4900000000000001	4.4458257425e7	4.30572043775e7	4.2598962983125e7
0.5	4.4449423284375004e7	4.2980644486875e7	4.2590126561249994e7
0.5099999999999999	4.4427337362500004e7	4.2902612049375005e7	4.250915131125e7
0.52	4.441408558124999e7	4.2827523565e7	4.247676212375e7
0.5300000000000001	4.4396418440625e7	4.2722988705625005e7	4.241934078000001e7
0.54	4.4375807346875004e7	4.2656736643125e7	4.2375171217499994e7
0.5499999999999999	4.4349306065625004e7	4.2556619424375e7	4.230891573312501e7
0.5600000000000002	4.4352248878125e7	4.2469751705625005e7	4.2276526545624994e7
0.5700000000000002	4.4344887284375e7	4.2388774174375e7	4.2192603920624994e7
0.5800000000000001	4.4328692690625e7	4.2307798924375e7	4.2160212451875e7
0.59	4.4308080456250004e7	4.2216514705625e7	4.206009637375e7
0.6	4.4293356128125e7	4.215467572125e7	4.2027706045625e7
0.61	4.428599453437499e7	4.2057505877500005e7	4.1936421826875e7
0.62	4.4258021846875004e7	4.1982416252500005e7	4.187164003e7
0.63	4.426243834687501e7	4.188082762749999e7	4.1771523951874994e7
0.64	4.4235937065625e7	4.1821934877500005e7	4.172441043625e7
0.65	4.4218268784375004e7	4.171445606499999e7	4.1616930483125e7
0.66	4.4207964378125004e7	4.1640841268125e7	4.1550677279999994e7
0.67	4.419618514375e7	4.1549559330625005e7	4.1437309420625e7
0.68	4.418882240937499e7	4.148477753375e7	4.1348971436249994e7
0.6900000000000001	4.4174099221875e7	4.136993598687499e7	4.1216463889374994e7
0.7000000000000001	4.4152014440625004e7	4.130515418999999e7	4.1150207264375016e7
0.71	4.41387638e7	4.121534365875e7	4.1016227170624994e7
0.7199999999999999	4.4143180300000004e7	4.1144672815e7	4.092788918625001e7
0.7300000000000001	4.4131401065625004e7	4.1035722596250005e7	4.0793907951874994e7
0.7400000000000001	4.411226251875e7	4.09694682525e7	4.0707042514375e7
0.75	4.4085760096875e7	4.0867877346250005e7	4.0561284326875e7
0.76	4.408428754999999e7	4.0786900955625005e7	4.0468529842499994e7
0.7699999999999998	4.4071036909375e7	4.069709156499999e7	4.033307378e7
0.78	4.406662155e7	4.0642614174375e7	4.0246209483125e7
0.79	4.4048952128125004e7	4.052630122125e7	4.0107812889375e7
0.8	4.4034230081250004e7	4.0455631518125005e7	3.99841383425e7
0.8100000000000003	4.402392339375e7	4.0356986846250005e7	3.987665953e7
0.8200000000000001	4.4020978300000004e7	4.0301038049375005e7	3.9772125811249994e7
0.8300000000000001	4.4000367206250004e7	4.018325368999999e7	3.9639615983124994e7
0.8400000000000001	4.3997422112500004e7	4.011994444e7	3.95159437175e7
0.8499999999999999	4.3965030643750004e7	4.0025716268125005e7	3.9373129483125e7
0.8600000000000001	4.3967975737500004e7	3.9932959502500005e7	3.9284791498749994e7
0.8700000000000001	4.3951781143750004e7	3.9837259924375e7	3.91331408425e7
0.8800000000000001	4.3945892096875e7	3.975480984624999e7	3.9005052076874994e7
0.8900000000000003	4.3934112862500004e7	3.9645858486875005e7	3.888284893625001e7
0.9000000000000001	4.3919389675e7	3.958107669e7	3.876506457687501e7
0.9099999999999999	4.3909084128125e7	3.9483905705625005e7	3.8611944795625e7
0.9199999999999999	4.3903193940625e7	3.941470740875e7	3.846765687375e7
0.9299999999999999	4.389141470625e7	3.9295450502500005e7	3.8364595701875e7
0.9399999999999997	4.3891415846875004e7	3.9199749783750005e7	3.824828503e7
0.95	4.38546067375e7	3.9109938111875005e7	3.8084857420625e7
0.96	4.385755183125e7	3.90216001275e7	3.7980321420625e7
0.97	4.3845776018750004e7	3.8921484049375005e7	3.7834565514375e7
0.9800000000000002	4.3838412143750004e7	3.8847868111875005e7	3.7716780014374994e7
0.99	4.3820745003125e7	3.8725666111875e7	3.7550408451875e7
1.	4.3806021815625e7	3.866382940875e7	3.743851199875001e7
1.01	4.3800131628125e7	3.855487690875e7	3.7279503170625e7
1.0199999999999998	4.3791298628125e7	3.846212128375e7	3.7116074420624994e7
1.03	4.3772158940625e7	3.8348753424375e7	3.7005651654999994e7
1.04	4.377510289375001e7	3.826483194e7	3.6876088061249994e7
1.05	4.3760379706250004e7	3.81529366275e7	3.6717079233125e7
1.0600000000000003	4.376479620625e7	3.8079321830625005e7	3.6568377092499994e7
1.07	4.37235717375e7	3.7955646143125e7	3.642998049875e7
1.08	4.3733878425e7	3.787172465875e7	3.629894435812501e7
1.09	4.3708849690625004e7	3.7765717252500005e7	3.612521006125001e7
1.0999999999999999	4.3707377143750004e7	3.7681796908750005e7	3.5995647608124994e7
1.11	4.36720428625e7	3.7556649815e7	3.5829274905e7
1.12	4.368234955e7	3.7469783236875e7	3.565554403e7
1.1300000000000001	4.365878994062499e7	3.735936047125e7	3.5525979295625e7
1.1400000000000003	4.36602624875e7	3.7250409111875e7	3.53920003425e7
1.1500000000000001	4.3645539300000004e7	3.7145875393125e7	3.5185875717499994e7
1.16	4.3644067893750004e7	3.7041342815e7	3.5065147405e7
1.17	4.362492820625e7	3.6939753049375e7	3.4886996608125e7
1.18	4.3626399612500004e7	3.685288647125001e7	3.4744183514375e7
1.1899999999999997	4.359695323750001e7	3.6733628424375e7	3.45660327175e7
1.2	4.35881202375e7	3.6648234393125005e7	3.4415858029999994e7
1.21	4.3567506862500004e7	3.650983665875e7	3.425684806125e7
1.22	4.356456290937499e7	3.643327790874999e7	3.410225687375e7
1.2300000000000002	4.3555727628125004e7	3.6288991127500005e7	3.39167433425e7
1.24	4.3543950675000004e7	3.6202124549375e7	3.3762151014375e7
1.25	4.3527754940625e7	3.60740335025e7	3.3585473905e7
1.26	4.3530698893750004e7	3.5982749283750005e7	3.345002012375e7
1.2699999999999998	4.3502725065625e7	3.5845825236875e7	3.3268927654999997e7
1.28	4.3496834878125e7	3.5751598205625e7	3.3127584826875e7
1.29	4.3479168878125004e7	3.5624978565e7	3.2931766889374997e7
1.3	4.348800301875e7	3.5533695486875005e7	3.2772758061249994e7
1.3100000000000003	4.3455612690625004e7	3.5396770299375e7	3.2584301717499997e7
1.32	4.345266645625e7	3.530106958062499e7	3.2437072123749997e7
1.33	4.3433527909375004e7	3.5161201580625005e7	3.2241254186250005e7
1.34	4.3440889503125e7	3.5061083221250005e7	3.207046612375e7
1.3499999999999999	4.3412914534375004e7	3.4919740393125e7	3.18761195925e7
1.36	4.3427640003125004e7	3.4803428580625005e7	3.175833637375e7
1.3700000000000003	4.339524739375e7	3.468122772125e7	3.1552212889375e7
1.3800000000000001	4.3383468159375e7	3.4579637955625005e7	3.1384371061249994e7
1.3900000000000003	4.3362857065625004e7	3.444124022124999e7	3.1198859811249997e7
1.4000000000000001	4.3371690065625e7	3.4341121861875005e7	3.1038376154999997e7
1.4100000000000001	4.334224483124999e7	3.421744959625e7	3.08381417175e7
1.42	4.3349605284375004e7	3.4090829955625e7	3.0665882248749997e7
1.43	4.3323102862500004e7	3.3950960815000005e7	3.0480369858125e7
1.4399999999999997	4.333193814375e7	3.38567315025e7	3.0297803701874994e7
1.45	4.329954553437499e7	3.371391840874999e7	3.0116710092500005e7
1.4600000000000002	4.330101808124999e7	3.3581410861875e7	2.9948865983124997e7
1.47	4.3270100300000004e7	3.3462153955624998e7	2.974863268625e7
1.4800000000000002	4.3277463034375004e7	3.33502575025e7	2.9570481889375e7
1.49	4.3248015518750004e7	3.3201554221250005e7	2.9367304639375e7
1.5	4.325832220625e7	3.3113216236875005e7	2.9199461670624994e7
1.51	4.3221514237500004e7	3.2949788627499998e7	2.9006587686250005e7
1.5199999999999998	4.3231819784375e7	3.282169872125e7	2.884463262375e7
1.53	4.3211207550000004e7	3.2681829580624998e7	2.861789690500001e7
1.5399999999999998	4.320090200312501e7	3.2571405674375e7	2.8445636295624997e7
1.55	4.3181761175e7	3.24182847525e7	2.8251292045625005e7
1.5600000000000003	4.3186179956250004e7	3.2299026705625005e7	2.8067253342500005e7
1.57	4.3153787346875e7	3.215326851812501e7	2.7856713358124997e7
1.58	4.315967753437499e7	3.204579084625e7	2.7697703389374997e7
1.59	4.3133175112500004e7	3.1877947877499998e7	2.748863481125e7
1.5999999999999999	4.3134648800000004e7	3.1774884424374998e7	2.7313429108125005e7
1.61	4.310667383125e7	3.1612932783749998e7	2.708522312375e7
1.6200000000000003	4.3103729878125004e7	3.15113418775e7	2.692915824875e7
1.6300000000000001	4.308311764375e7	3.1346442861875005e7	2.6698004889375e7
1.6400000000000003	4.307722745625e7	3.1216879268125e7	2.6543412561249997e7
1.6500000000000001	4.306103286249999e7	3.1051980252500005e7	2.6324036154999997e7
1.6600000000000001	4.3058088909375004e7	3.0932723346249998e7	2.6179750514374997e7
1.67	4.30315864875e7	3.07737133775e7	2.5964792889374997e7
1.68	4.3037474393750004e7	3.0642677236874994e7	2.5767503545624997e7
1.6899999999999997	4.299477851875e7	3.049692019e7	2.5552545920624997e7
1.7	4.300655775312501e7	3.0357048768125e7	2.5387645764374994e7
1.7100000000000002	4.2977111378125004e7	3.0220124721249998e7	2.5177105779999997e7
1.72	4.2987416925e7	3.0087618315e7	2.4981288983124997e7
1.7300000000000002	4.2952082643750004e7	2.9927134658749998e7	2.47825270925e7
1.74	4.2963858456250004e7	2.9793154564999998e7	2.458965424875e7
1.75	4.29093844875e7	2.9625310455625e7	2.43820582175e7
1.7600000000000002	4.292263626875e7	2.9482496221249998e7	2.4218631748749997e7
1.77	4.289613270625e7	2.9342627080624994e7	2.4003674123749997e7
1.7800000000000007	4.2891717346875004e7	2.920275794e7	2.37872450925e7
1.7899999999999996	4.2871105112500004e7	2.904963815875e7	2.3604677795624997e7
1.8000000000000003	4.2869631425000004e7	2.8914183236874998e7	2.3435362280000005e7
1.81	4.28372422375e7	2.8758118361875005e7	2.32056814675e7
1.8199999999999998	4.2841657596875e7	2.861530640875e7	2.3024588998749997e7
1.83	4.2800433128125e7	2.8454823893124994e7	2.2831716154999994e7
1.8399999999999999	4.2807793581250004e7	2.8328205393125e7	2.2621175029999997e7
1.85	4.277982089375e7	2.814858319e7	2.2419468045624994e7
1.8599999999999999	4.2772459300000004e7	2.8020493283749998e7	2.2263403170625e7
1.8700000000000006	4.27327062375e7	2.7852649174374998e7	2.2023415670624997e7
1.8799999999999994	4.2740067831250004e7	2.7712778893124998e7	2.18688233425e7
1.8900000000000001	4.271209400312501e7	2.7544935924375e7	2.1656811951875e7
1.9	4.2701789596875e7	2.7413900924375005e7	2.14639379675e7
1.9100000000000001	4.2681177362500004e7	2.72401666275e7	2.1259285889374997e7
1.92	4.266792558125e7	2.7094408439999998e7	2.105758118625e7
1.9300000000000002	4.2654674940625e7	2.6938343564999994e7	2.0858818154999997e7
1.94	4.2638480346875004e7	2.6777863330624998e7	2.069392028e7
1.9499999999999997	4.2592835956250004e7	2.6618853361875e7	2.04524590925e7
1.9600000000000004	4.2609033971875e7	2.6478983080625e7	2.0306704326875e7
1.9700000000000002	4.25722248625e7	2.6302304830624998e7	2.0079964045625005e7
1.98	4.25722248625e7	2.6172742377500005e7	1.9900344123749997e7
1.9900000000000002	4.2539834534375e7	2.600784222125e7	1.9691275545624997e7
2.	4.2539834534375e7	2.58606126275e7	1.9511654483125e7
2.0100000000000002	4.2489775925e7	2.5673628830624998e7	1.9315835405e7
2.02	4.2486831971875e7	2.5549955424375e7	1.9130325295624997e7
2.0300000000000007	4.2451495409375e7	2.5377694815e7	1.8922729264375e7
2.0399999999999996	4.2463273503125004e7	2.523929594e7	1.8760774201875e7
2.0500000000000003	4.2411744628125e7	2.5080287111874998e7	1.8529623123749997e7
2.06	4.2420575346875004e7	2.4922750830625e7	1.8354416279999997e7
2.07	4.2377880612500004e7	2.4756379268125e7	1.8143877436249997e7
2.08	4.2366101378125e7	2.4617981533749998e7	1.797161568625e7
2.09	4.2342544050000004e7	2.4450138564999998e7	1.7777273717499997e7
2.1	4.233812983125e7	2.428082190875e7	1.76094284675e7
2.11	4.2289541487500004e7	2.4163037549374998e7	1.7381220201875e7
2.1200000000000006	4.229101403437501e7	2.4006972674375e7	1.7204543092499997e7
2.1299999999999994	4.2238011471875004e7	2.3843546205625e7	1.7007252608124997e7
2.14	4.22468456125e7	2.3696314330624998e7	1.6868853733124997e7
2.15	4.220414745625e7	2.3534360408749998e7	1.6655370936250001e7
2.16	4.22041497375e7	2.3391547315e7	1.6474276186250001e7
2.17	4.2158505346875004e7	2.3226648299375005e7	1.6268151561249997e7
2.18	4.2158505346875004e7	2.3082360377499998e7	1.610619878e7
2.19	4.2108447878125004e7	2.2932186830625e7	1.5910379701874997e7
2.1999999999999997	4.2112863237500004e7	2.2782009861875e7	1.5733703733125001e7
2.2100000000000004	4.2052500221875e7	2.2621528486874998e7	1.5551138717499997e7
2.22	4.2053971628125e7	2.2466935018125e7	1.5370042826875e7
2.23	4.2006856971875004e7	2.2324121924375e7	1.5188949217500001e7
2.24	4.20112746125e7	2.218130540875e7	1.5019631420624997e7
2.25	4.1962687409375e7	2.2019353768124998e7	1.4831176217500001e7
2.2600000000000002	4.1955326956250004e7	2.1886845080625e7	1.4682474076875001e7
2.27	4.1915575034375e7	2.1723418611875e7	1.4460154858124997e7
2.2800000000000007	4.19067386125e7	2.1579131830624998e7	1.4308506483124997e7
2.2899999999999996	4.1844904190625e7	2.1423065815e7	1.4114162233125001e7
2.3000000000000003	4.184784814375e7	2.1296448455625e7	1.397576449875e7
2.31	4.1790429081250004e7	2.1135967080625005e7	1.3769641014375001e7
2.32	4.180220603437499e7	2.09946242525e7	1.361357499875e7
2.33	4.1738897925000004e7	2.0845919830625e7	1.3426592342499997e7
2.34	4.1747730925000004e7	2.071488597125e7	1.3279361608125001e7
2.35	4.1682947987500004e7	2.0547043002499998e7	1.308648762375e7
2.36	4.1697672315625e7	2.04086441275e7	1.2934841529999997e7
2.3700000000000006	4.162405751875e7	2.02525792525e7	1.2744912639375001e7
2.3799999999999994	4.16402521125e7	2.0121544252499998e7	1.2606514905e7
2.39	4.1557803175e7	1.998314765875e7	1.2407753014375001e7
2.4	4.1565163628125e7	1.9840333424374998e7	1.2278190561249996e7
2.41	4.15048006125e7	1.9693100408749998e7	1.20735373425e7
2.42	4.1498910425e7	1.9578260002499998e7	1.1948391389375e7
2.43	4.1442961628125004e7	1.9411889580625e7	1.175551968625e7
2.44	4.1447380409375e7	1.9272020439999998e7	1.1617123092499997e7
2.4499999999999997	4.137082051875001e7	1.9139512893125e7	1.1438973436250001e7
2.4600000000000004	4.1375237018750004e7	1.9002587705625e7	1.1299103155e7
2.47	4.131634426875e7	1.88568283775e7	1.11121182175e7
2.48	4.1317816815625004e7	1.8728737330624998e7	1.096930512375e7
2.49	4.125303501874999e7	1.8591812143125e7	1.0802934701874997e7
2.5	4.1248616237500004e7	1.8441636315e7	1.066895574875e7
2.5100000000000002	4.1180890487500004e7	1.8313546408750005e7	1.0496692858125e7
2.52	4.117500258125e7	1.8185454221249998e7	1.0362712764375e7
2.5300000000000007	4.113083301875e7	1.8047058768124998e7	1.020664674875e7
2.5399999999999996	4.1119054925e7	1.7936633721249998e7	1.00697238425e7
2.5500000000000003	4.1046911534375e7	1.77982371275e7	9.904824826874997e6
2.56	4.1045438987500004e7	1.7636282065e7	9.770843592500001e6
2.57	4.0980657190625004e7	1.7519969111875e7	9.61036449875e6
2.58	4.0971824190625e7	1.739629684625e7	9.455769889375e6
2.59	4.0915876534375004e7	1.72593693775e7	9.3232623425e6
2.6	4.0909987487500004e7	1.7151891705625e7	9.168668873750001e6
2.61	4.0830481362500004e7	1.7023801799375e7	9.022909545625e6
2.6200000000000006	4.082606258125e7	1.6880988705625e7	8.919847233125e6
2.6299999999999994	4.0759810518750004e7	1.6764675752499998e7	8.756421905e6
2.64	4.074508733125e7	1.6652779299375001e7	8.632747358125e6
2.65	4.0684724315625e7	1.6520271752500005e7	8.48404293625e6
2.66	4.0684722034375e7	1.6393650971250001e7	8.367731123749999e6
2.67	4.0609634690625e7	1.6278812846249998e7	8.208721154999999e6
2.68	4.0594911503125004e7	1.6159555939999998e7	8.095356717499999e6
2.69	4.0533074800000004e7	1.6040297893124998e7	7.945179748749999e6
2.6999999999999997	4.05316011125e7	1.5925457486875003e7	7.821504061249999e6
2.7100000000000004	4.0444736815625e7	1.580914453375e7	7.688996514374999e6
2.72	4.0441791721875e7	1.56898876275e7	7.572683561249999e6
2.73	4.0387315471875e7	1.5577992314999998e7	7.426925373749998e6
2.74	4.0379953878125e7	1.545726172125e7	7.3371148425e6
2.75	4.0293088440625004e7	1.5343895002499996e7	7.188410420624999e6
2.7600000000000002	4.0285724565625004e7	1.5234943643124998e7	7.083876701874998e6
2.77	4.0222417596875e7	1.511863069e7	6.94842406125e6
2.7800000000000007	4.0206220721875e7	1.5021459705625e7	6.848307983124999e6
2.7899999999999996	4.0132604784375004e7	1.4903674205624998e7	6.711382795625001e6
2.8000000000000003	4.0120826690625004e7	1.4777055705625001e7	6.61715462375e6
2.81	4.0060461393750004e7	1.4681353846250003e7	6.492006389375e6
2.8200000000000003	4.0042794253125004e7	1.4573877315000001e7	6.390417764375e6
2.83	3.997212455000001e7	1.4472285268125003e7	6.244659576875e6
2.84	3.9955927675e7	1.4351556955625e7	6.16220949875e6
2.85	3.9892619565625004e7	1.4267636611875001e7	6.023812905e6
2.86	3.9879368925000004e7	1.417046334625e7	5.956087154999999e6
2.8700000000000006	3.9804280440625e7	1.4062983393125001e7	5.822107061249999e6
2.8799999999999994	3.9788084706250004e7	1.396875522125e7	5.7264063425e6
2.89	3.9701219268750004e7	1.3873055643125001e7	5.62776053e6
2.9	3.97085808625e7	1.3769995611874998e7	5.53795228e6
2.91	3.9636436331250004e7	1.3668404705625e7	5.409858951875e6
2.92	3.962171314375e7	1.3571232580625e7	5.345077154999999e6
2.93	3.953779051875e7	1.3478476955625e7	5.21551356125e6
2.94	3.952601356562499e7	1.3378359736875001e7	5.137481123749999e6
2.9499999999999997	3.9442093221875e7	1.3291494299375e7	5.040308998749999e6
2.9600000000000004	3.942000958125e7	1.3191374799375001e7	4.960805154999999e6
2.97	3.936111455e7	1.3107453315000001e7	4.856270295625e6
2.98	3.9352280409375e7	1.3022060424375001e7	4.779710404999999e6
2.9900000000000007	3.9255109425e7	1.2933721299375e7	4.670761326874999e6
3.	3.926099733125e7	1.28350766275e7	4.586838701875e6
3.0100000000000002	3.91814934875e7	1.2749683736875e7	4.48966543625e6
3.02	3.915793501875e7	1.2662817158749998e7	4.426356186249999e6
3.0300000000000007	3.9087265315625e7	1.257742084625e7	4.327711514375e6
3.0399999999999996	3.907106958125e7	1.2481721268125e7	4.2467328425e6
3.0500000000000003	3.898125905e7	1.2394855830625001e7	4.1495618581250007e6
3.06	3.8973896315625004e7	1.2324184986875001e7	4.0965592956250003e6
3.0700000000000003	3.8894392471875004e7	1.2241736049375e7	3.9905507487500003e6
3.0799999999999996	3.8881141831250004e7	1.2163703611875e7	3.915464545625e6
3.09	3.8811943534375e7	1.2076837033749998e7	3.8389035143750007e6
3.1	3.879280270625e7	1.1989970455625001e7	3.7579259831250003e6
3.11	3.87132988625e7	1.191929847125e7	3.6843111862500007e6
3.1200000000000006	3.869268548749999e7	1.1825072580625e7	3.6048039206250003e6
3.1299999999999994	3.8619070690625e7	1.1767651236875e7	3.5253012175e6
3.14	3.860434750312499e7	1.1686673705625001e7	3.4796579675000003e6
3.15	3.8517479784375e7	1.1611586361875001e7	3.3883771706250003e6
3.16	3.85027577375e7	1.1535026471250001e7	3.3338997800000003e6
3.1700000000000004	3.8402641659375e7	1.1462883080625e7	3.2573410300000007e6
3.18	3.8396751471875e7	1.1384850643125003e7	3.2131703268750003e6
3.19	3.8321664128125e7	1.131565234625e7	3.1263048893750003e6
3.1999999999999997	3.8305468393750004e7	1.1239091315e7	3.0571077331250007e6
3.2100000000000004	3.8199462128125e7	1.1171366705625001e7	2.9952698893750003e6
3.22	3.81994609875e7	1.1091860580625001e7	2.9319606393750003e6
3.23	3.8106706503125e7	1.103296669e7	2.873067889375e6
3.2400000000000007	3.8105233956250004e7	1.0962296986875e7	2.8392050143750003e6
3.25	3.7993337503125e7	1.0885735955625e7	2.7788408581250003e6
3.2600000000000002	3.7997755143750004e7	1.0815066252499998e7	2.7199481081250007e6
3.27	3.7906470925e7	1.0770895549375e7	2.65958281125e6
3.2800000000000007	3.7897637925000004e7	1.0682558705625e7	2.6065791081250003e6
3.2899999999999996	3.7810771346875e7	1.0614831815000001e7	2.5550490925e6
3.3000000000000003	3.7791631659375e7	1.0566245752500001e7	2.5049893425000003e6
3.31	3.76929869875e7	1.049851772125e7	2.437264733125e6
3.3200000000000003	3.769004189375e7	1.04190138775e7	2.3886775300000007e6
3.3299999999999996	3.7586980721875004e7	1.0376319143125e7	2.3327310143750003e6
3.34	3.7578146581250004e7	1.029975697125e7	2.3150615925000003e6
3.35	3.74780293625e7	1.0239392815000001e7	2.24880724875e6
3.36	3.7448581846875004e7	1.0180498924375e7	2.2252522018750003e6
3.3700000000000006	3.7369078003125004e7	1.0108356674375e7	2.1560504831250003e6
3.3799999999999994	3.7349938315625e7	1.0050937611875001e7	2.126606389375e6
3.39	3.7235097909375004e7	9.997932768125e6	2.0603520456249998e6
3.4	3.7235099050000004e7	9.92873447125e6	2.03090681125e6
3.41	3.7139397190625e7	9.877203315e6	1.9705403737500003e6
3.4200000000000004	3.711584214375e7	9.819783111875e6	1.9455116393749998e6
3.43	3.7034863471875e7	9.7608915025e6	1.89839812375e6
3.44	3.7015723784375004e7	9.6975822525e6	1.8807309831250003e6
3.4499999999999997	3.6909718659375004e7	9.6563555025e6	1.829197545625e6
3.4600000000000004	3.688763273749999e7	9.595992486875e6	1.802697405e6
3.47	3.6803710112500004e7	9.550351518125e6	1.751167389375e6
3.48	3.67948771125e7	9.481152080625e6	1.7349716550000003e6
3.4900000000000007	3.6693287346875004e7	9.428147236875001e6	1.668718451875e6
3.5	3.667562020625e7	9.383979955625e6	1.6613545768750003e6
3.5100000000000002	3.6569615081250004e7	9.325088346249998e6	1.5921562800000003e6
3.52	3.65710864875e7	9.26914069e6	1.5892123268749998e6
3.5300000000000007	3.64871638625e7	9.22055234625e6	1.5214865768749998e6
3.5399999999999996	3.6466552768750004e7	9.152825455625e6	1.5097062018749998e6
3.5500000000000003	3.6357599128125e7	9.105713080625e6	1.4714268268750003e6
3.56	3.634876612812499e7	9.05565447125e6	1.4434541393750003e6
3.5700000000000003	3.6264843503125e7	9.004123315000001e6	1.425785858125e6
3.5799999999999996	3.6244232409375004e7	8.961427440000001e6	1.408117576875e6
3.59	3.615147564375e7	8.921674377500001e6	1.3624766081249998e6
3.6	3.6147060284375004e7	8.84658703375e6	1.331558826875e6
3.61	3.60439991125e7	8.81566697125e6	1.291806905e6
3.6200000000000006	3.6038108925e7	8.761191861875001e6	1.284444170625e6
3.6299999999999994	3.5948298393750004e7	8.718495986875e6	1.2329141549999998e6
3.64	3.59306301125e7	8.661074643125e6	1.231441608125e6
3.65	3.5834930534375004e7	8.618377627500001e6	1.203466639375e6
3.66	3.58275678e7	8.565376205625e6	1.178437905e6
3.6700000000000004	3.5753953003125004e7	8.52856709625e6	1.131322108125e6
3.68	3.572745172187499e7	8.487343768125e6	1.1298518425e6
3.69	3.5640584003125004e7	8.431396111875001e6	1.0915701862499998e6
3.6999999999999997	3.5621444315625004e7	8.3828077681249995e6	1.07684928e6
3.7100000000000004	3.5531633784375004e7	8.35188884625e6	1.04445781125e6
3.72	3.553458001875e7	8.2900532837499995e6	1.0267895299999998e6
3.73	3.5438878159375004e7	8.2561904087499995e6	989982.701875
3.7400000000000007	3.5431518846875004e7	8.2134911118749995e6	975257.233125
3.75	3.53284531125e7	8.161962236875e6	951702.1862499998
3.759999999999999	3.53343433e7	8.132514721249999e6	926671.1706249999
3.7700000000000005	3.52430613625e7	8.088347440000001e6	892808.2956249999
3.7800000000000002	3.5235699768750004e7	8.041231643125e6	876613.7018749999
3.79	3.5145888096875004e7	8.007369908749999e6	860417.9675
3.8	3.514736064375e7	7.960255252500001e6	847168.4674999999
3.8100000000000014	3.5059022659375004e7	7.919031924374999e6	802997.7643750001
3.8200000000000003	3.5035465331250004e7	7.8866393149999995e6	828027.6393750001
3.829999999999999	3.496773844062499e7	7.839525799375e6	766190.93625
3.84	3.4951543846875004e7	7.792413424375e6	773551.389375
3.8500000000000005	3.4880873003125e7	7.7438262212499995e6	741159.920625
3.8600000000000003	3.4864678409375004e7	7.723213986875e6	714659.7799999999
3.87	3.478222833125e7	7.680514689999999e6	701407.99875
3.88	3.4785173425000004e7	7.640763908749999e6	691102.4518749999
3.8899999999999997	3.4690944112500004e7	7.6039559399999995e6	657239.5768750001
3.8999999999999995	3.4685055065625e7	7.5642028774999995e6	643987.795625
3.91	3.460996772187501e7	7.5332839556249995e6	624848.108125
3.920000000000001	3.4614384221875e7	7.487644127500001e6	618959.06125
3.9299999999999997	3.4523102284375e7	7.4596702993749995e6	588042.4206250001
3.9400000000000004	3.453782433125e7	7.415499596249999e6	593931.4675
3.95	3.4424456471875004e7	7.39194340875e6	564481.670625
3.96	3.4434763159375004e7	7.343357346249999e6	548287.076875
3.9699999999999998	3.4346424034375e7	7.3109658774999995e6	526205.7175000001
3.9800000000000004	3.43567318625e7	7.27857440875e6	526204.576875
3.990000000000001	3.426397395625e7	7.2417675806249995e6	492342.8425000001
4.	3.4278698284375e7	7.21232234625e6	492340.5612500001
4.009999999999999	3.4177107378125004e7	7.1710955962499995e6	462894.18625
4.0200000000000005	3.4200665846875e7	7.1387041275e6	454061.18625
4.03	3.41211608625e7	7.101897299375001e6	423141.12374999997
4.04	3.4118215768750004e7	7.070978377499999e6	446699.5925
4.05	3.401662714375e7	7.0385891899999995e6	423142.2643750001
4.060000000000001	3.4028404096875e7	6.9958921743749995e6	399584.93625
4.07	3.3954789300000004e7	6.963499565000001e6	381916.6549999999
4.079999999999999	3.3962149753125e7	6.934054330625e6	380444.108125
4.09	3.385908858125e7	6.91197069e6	361304.420625
4.1000000000000005	3.3892951456250004e7	6.8707462212499995e6	343637.27999999997
4.11	3.3801668378125004e7	6.85749444e6	337748.233125
4.12	3.3809029971875e7	6.82510297125e6	339219.639375
4.13	3.3704496253125004e7	6.785351049374999e6	299467.7175
4.14	3.373835912812499e7	6.75296072125e6	318607.405
4.1499999999999995	3.3660326690625004e7	6.7161527525e6	297995.170625
4.16	3.3661799237500004e7	6.69259428375e6	297995.170625
4.170000000000001	3.3576406346875e7	6.663149049375e6	268551.076875
4.18	3.36073229875e7	6.6204508931249995e6	264132.29562499997
4.19	3.3511623409374997e7	6.5939507524999995e6	247936.56124999997
4.2	3.3520456409375e7	6.577755018125e6	237631.01437499997
4.21	3.3423285424999997e7	6.524750174374999e6	237632.15500000003
4.22	3.3467453846875004e7	6.504140221250001e6	230268.28
4.23	3.3374699362499997e7	6.4835279868749995e6	225852.92062499997
4.240000000000001	3.339825555e7	6.45555415875e6	200824.18625
4.25	3.329666464375e7	6.4084395024999995e6	194935.13937500003
4.259999999999999	3.3321694518749993e7	6.389299815e6	199351.639375
4.2700000000000005	3.3236301628124997e7	6.364268799375e6	186099.858125
4.28	3.325985895625e7	6.33776865875e6	162543.670625
4.29	3.3156797784374993e7	6.31421019e6	156654.62375
4.3	3.319507601875e7	6.2877089087499995e6	175793.17062500003
4.310000000000001	3.310968198749999e7	6.2464844399999995e6	150765.576875
4.32	3.3133239315624997e7	6.2258722056249995e6	156653.483125
4.329999999999999	3.3049317831249993e7	6.192009330625e6	128679.655
4.34	3.3061095925000004e7	6.1743433306249995e6	138987.483125
4.3500000000000005	3.297717558125e7	6.1419507212499995e6	136041.24874999997
4.36	3.299042508125e7	6.1301714868749995e6	122791.74875000001
4.37	3.2928588378125e7	6.0948372056249995e6	122789.46749999998
4.38	3.2950674300000004e7	6.081585424375001e6	112486.20187499998
4.39	3.2868221940624997e7	6.0609731899999995e6	103649.78000000003
4.3999999999999995	3.2887363909375004e7	6.02416522125e6	100000.
4.41	3.2812276565624997e7	6.0035529868749995e6	100000.
4.420000000000001	3.2825526065625004e7	5.9829430337499995e6	100000.
4.43	3.2750439862499993e7	5.9579120181249995e6	100000.
4.44	3.2769577268750004e7	5.9328844243749995e6	100000.
4.45	3.2691547112500004e7	5.9078545493749995e6	100000.
4.46	3.2719520940625004e7	5.8901851274999995e6	100000.
4.47	3.2634124628124993e7	5.87399053375e6	100000.
4.48	3.2665044690624997e7	5.846016705625e6	100000.
4.490000000000001	3.2569345112499997e7	5.820986830625e6	100000.
4.5	3.2592900159374997e7	5.801847143125e6	100000.
4.509999999999999	3.2520757909375e7	5.7709293618749995e6	100000.
4.5200000000000005	3.25487317375e7	5.753261080625001e6	100000.
4.53	3.24574498e7	5.73706534625e6	100000.
4.54	3.2486895034374997e7	5.7135091587499995e6	100000.
4.55	3.2419169284375e7	5.6870067368749995e6	100000.
4.560000000000001	3.2441254065625004e7	5.6693407368749995e6	100000.
4.57	3.2361746799999997e7	5.6560900962499995e6	100000.
4.579999999999999	3.2383833862499997e7	5.6251700337499995e6	100000.
4.59	3.229843983125e7	5.6075017525e6	100000.
4.6000000000000005	3.2332301565625e7	5.585418111875001e6	100000.
4.61	3.2248381221875e7	5.57069378375e6	100000.
4.62	3.2283715503124993e7	5.545665049375e6	100000.
4.63	3.2213044659375e7	5.5383034556249995e6	100000.
4.64	3.2235129440624993e7	5.5059119868749995e6	100000.
4.6499999999999995	3.2146789175e7	5.4794107056249995e6	100000.
4.66	3.2186544518750004e7	5.4676337525e6	100000.
4.670000000000001	3.2096731706250004e7	5.457327065e6	100000.
4.68	3.213059458125e7	5.4278818306249995e6	100000.
4.69	3.2059926018750004e7	5.4190465493749995e6	100000.
4.7	3.2086426159375e7	5.39548922125e6	100000.
4.71	3.2012810221875e7	5.37193303375e6	100000.
4.72	3.2042258878124997e7	5.36604284625e6	100000.
4.73	3.1976003393749997e7	5.348375705625001e6	100000.
4.740000000000001	3.20010309875e7	5.326288643125e6	100000.
4.75	3.1908277643749997e7	5.3071512368749995e6	100000.
4.759999999999999	3.1955391159374997e7	5.2850653149999995e6	100000.
4.7700000000000005	3.1868525721874997e7	5.2673981743749995e6	100000.
4.78	3.1903858862499997e7	5.24678594e6	100000.
4.79	3.1825826425e7	5.240896893125e6	100000.
4.8	3.18655794875e7	5.2173395649999995e6	100000.
4.810000000000001	3.1784601956249997e7	5.2085054243749995e6	100000.
4.82	3.1802269096875e7	5.1908394243749995e6	100000.
4.829999999999999	3.1744851175000004e7	5.164338143125e6	100000.
4.84	3.1777242643749997e7	5.1510863618749995e6	100000.
4.8500000000000005	3.1693318878124997e7	5.136363174375e6	100000.
4.86	3.1724236659374997e7	5.1216399868749995e6	100000.
4.87	3.1650623003125e7	5.1098607524999995e6	100000.
4.88	3.169479370625001e7	5.0804166587499995e6	100000.
4.89	3.1602035800000004e7	5.0686351431249995e6	100000.
4.8999999999999995	3.1638844909375e7	5.06421978375e6	100000.
4.91	3.156081133125e7	5.049497736874999e6	100000.
4.920000000000001	3.1603508346875e7	5.031828315e6	100000.
4.93	3.1534310050000004e7	5.025939268125e6	100000.
4.94	3.1550504643749997e7	4.99649403375e6	100000.
4.95	3.149308558125e7	4.984714799375e6	100000.
4.96	3.1513696674999997e7	4.972936705625e6	100000.
4.97	3.14518611125e7	4.96115747125e6	100000.
4.98	3.1484251440625e7	4.93465619e6	100000.
4.990000000000001	3.1416525690625e7	4.927296877499999e6	100000.
5.	3.1431248878124997e7	4.90815490875e6	100000.
5.009999999999999	3.1375301221874997e7	4.8890129399999995e6	100000.
5.0200000000000005	3.1391495815624997e7	4.8787073931249995e6	100000.
5.03	3.1322295237499997e7	4.866929299375e6	100000.
5.04	3.1367939628125004e7	4.8492610181249995e6	100000.
5.05	3.1286963237499993e7	4.837484065e6	100000.
5.060000000000001	3.1320824971875e7	4.825704830625e6	100000.
5.07	3.125457176875e7	4.82570597125e6	100000.
5.079999999999999	3.1294322549999997e7	4.7918419556249995e6	100000.
5.09	3.1216290112499993e7	4.790370549375e6	100000.
5.1000000000000005	3.1256042034374997e7	4.774173674375e6	100000.
5.11	3.1183899784375004e7	4.769758315e6	100000.
5.12	3.1220707753125e7	4.74031194e6	100000.
5.13	3.1154454550000004e7	4.7255887525e6	100000.
5.14	3.1186844878124997e7	4.7064479243749995e6	100000.
5.1499999999999995	3.1105869628125004e7	4.71233697125e6	100000.
5.16	3.1144147862499997e7	4.69761378375e6	100000.
5.170000000000001	3.1092614425e7	4.6887807837499995e6	100000.
5.18	3.114120276875e7	4.66964109625e6	100000.
5.19	3.1091144159374997e7	4.6696399556249995e6	100000.
5.2	3.1114700346875e7	4.6475574556249995e6	100000.
5.21	3.1049919690625004e7	4.649028861875e6	100705.826875
5.22	3.1099977159374997e7	4.63283084625e6	100000.
5.23	3.1023419550000004e7	4.6254715337499995e6	100000.
5.240000000000001	3.1073477018749997e7	4.6078021118749995e6	100705.826875
5.25	3.1020473315625004e7	4.5989702524999995e6	102178.37375
5.259999999999999	3.1055809878125e7	4.5974977056249995e6	100000.
5.2700000000000005	3.0980720253125004e7	4.5798282837499995e6	100000.
5.28	3.1036669050000004e7	4.57099528375e6	100000.
5.29	3.0951273878125e7	4.5562720962499995e6	100000.
5.3	3.0996914846875004e7	4.5415489087499995e6	113956.4675
5.310000000000001	3.0929189096875004e7	4.5282982681249995e6	102178.37375
5.32	3.0974831206249993e7	4.5106311275e6	121318.06125
5.329999999999999	3.089680105e7	4.5091585806249995e6	105122.32687499998
5.34	3.0945385971874997e7	4.5209378149999995e6	109538.82687500001
5.3500000000000005	3.0883548128125004e7	4.491490299375e6	109541.108125
5.36	3.090710545625e7	4.4738231587499995e6	105122.326875
5.37	3.0849684112500004e7	4.469405518125e6	100000.
5.38	3.0889438315625e7	4.464989018125e6	121319.201875
5.39	3.082024001875e7	4.442904236875e6	100000.
5.3999999999999995	3.08599908e7	4.439959143125e6	105123.46750000001
5.41	3.0784904596874993e7	4.423763408750001e6	113958.74874999998
5.420000000000001	3.0839379706249997e7	4.4178755025e6	111011.37375
5.43	3.076134726875e7	4.40904022125e6	113957.60812499998
5.44	3.080993447187501e7	4.3943181743749995e6	118374.10812500001
5.45	3.0739262487499997e7	4.394319315e6	109537.68624999998
5.46	3.0753984534375004e7	4.3751784868749995e6	105121.18625
5.47	3.0703927065624997e7	4.3560387993749995e6	113956.4675
5.48	3.0774597909375004e7	4.363400393125e6	105122.326875
5.490000000000001	3.0702454518749997e7	4.348677205625e6	121316.92062499998
5.5	3.0745150393749997e7	4.335426565e6	109538.82687500001
5.509999999999999	3.0673009284375e7	4.3221747837499995e6	125734.56124999998
5.5200000000000005	3.069803801875e7	4.3162868775e6	128680.79562499998
5.53	3.06258934875e7	4.314814330625e6	121318.06124999998
5.54	3.067153445625e7	4.3030339556249995e6	115429.014375
5.55	3.0597921940625004e7	4.28683822125e6	125735.701875
5.560000000000001	3.0643560628124993e7	4.2897833149999995e6	121319.201875
5.57	3.05787811125e7	4.2676996743749995e6	128679.655
5.579999999999999	3.0627367175000004e7	4.2647534399999995e6	116901.56125
5.59	3.0549333596874993e7	4.2544478931249995e6	127207.10812499997
5.6000000000000005	3.0599393346874997e7	4.2367807525e6	124262.014375
5.61	3.0544917096875e7	4.235308205625e6	122788.326875
5.62	3.0596447112499993e7	4.2382532993749995e6	119846.65500000001
5.63	3.051694326875e7	4.2308917056249995e6	127207.10812499997
5.64	3.056552933125e7	4.207333236875e6	131624.74875000003
5.6499999999999995	3.0491914534374997e7	4.2073343774999995e6	119845.51437500001
5.66	3.0544918237500004e7	4.2014453306249995e6	127207.108125
5.670000000000001	3.0466884659375e7	4.19555628375e6	125735.701875
5.68	3.0513998174999993e7	4.18377819e6	113956.4675
5.69	3.043155037812501e7	4.15727690875e6	131623.608125
5.7	3.0490441987499997e7	4.1602208618750004e6	133097.295625
5.71	3.0405047956249997e7	4.14844390875e6	133097.295625
5.72	3.0466884659374997e7	4.1499141743749995e6	121318.06125
5.73	3.0377072987500004e7	4.12488544e6	131623.608125
5.740000000000001	3.044332733125e7	4.132245893125e6	121318.06125
5.75	3.0369712534374997e7	4.1160501587500004e6	119844.37375
5.759999999999999	3.0415353503124997e7	4.1101611118750013e6	133096.155
5.7700000000000005	3.03387936125e7	4.107218299375e6	141930.29562499997
5.78	3.0394742409374997e7	4.0939653775e6	128679.655
5.79	3.0303457049999997e7	4.0851323775e6	130152.20187499998
5.8	3.0344682659375004e7	4.0851323775e6	141930.295625
5.810000000000001	3.0279902003124997e7	4.076298236875e6	137513.795625
5.82	3.033879247187501e7	4.0645212837499995e6	150763.295625
5.829999999999999	3.02754843625e7	4.0556871431249995e6	136042.389375
5.84	3.0322597878125e7	4.0497969556249995e6	127208.24875
5.8500000000000005	3.0235733581249997e7	4.035073768125e6	147818.201875
5.86	3.0300511956249997e7	4.0380177212499995e6	140457.74875
5.87	3.0200398159375e7	4.04243422125e6	140457.74875
5.88	3.0266651362500004e7	4.0174077681249995e6	141931.43625000003
5.890000000000001	3.0188617784374997e7	4.0291835806250004e6	133097.295625
5.8999999999999995	3.02592874875e7	4.00709994e6	131624.74875000003
5.91	3.0169476956249997e7	3.986487705625e6	147819.3425
5.920000000000001	3.0203340971875e7	3.9761810181249995e6	140457.74875
5.93	3.0123835987499993e7	3.9835437525e6	143403.98312499997
5.94	3.019892333125e7	3.9614589712500004e6	130153.34249999998
5.95	3.0113530440624997e7	3.9673480181250004e6	143402.84250000003
5.96	3.0162116503124997e7	3.9629303775000004e6	125734.56125000001
5.97	3.0087028018750004e7	3.9555699243750004e6	125734.56124999998
5.98	3.0153282362500004e7	3.9540973775e6	144875.38937500003
5.990000000000001	3.0069360878125e7	3.9393730493750004e6	134569.84249999997
6.	3.0117948081250004e7	3.9334840025000004e6	128679.655
6.009999999999999	3.003697055e7	3.9246510025e6	153709.52999999997
6.0200000000000005	3.0113530440625004e7	3.929068643125e6	130152.20187500001
6.03	3.0028136409375e7	3.9113992212500004e6	150764.43625
6.04	3.0089971971875004e7	3.896677174375e6	134569.84249999997
6.05	2.99928009875e7	3.905510174375e6	128678.51437499997
6.060000000000001	3.0044331003124997e7	3.8937332212500004e6	134568.701875
6.07	2.9961882065625004e7	3.8937332212500004e6	144876.53
6.079999999999999	3.00222473625e7	3.88784303375e6	149291.889375
6.09	2.994126983125e7	3.87901003375e6	147820.483125
6.1000000000000005	3.0006050487500004e7	3.86723194e6	141931.43625
6.11	2.9933907096875e7	3.862814299375e6	152236.98312500003
6.12	2.9994272393749997e7	3.858397799375e6	143402.84250000003
6.13	2.9901517909375e7	3.842200924375e6	143401.70187499997
6.140000000000001	2.9973660159375e7	3.8436734712500004e6	147820.48312500003
6.1499999999999995	2.9900044221874997e7	3.834839330625e6	152238.12374999997
6.159999999999999	2.9948630284375e7	3.8422032056250004e6	128678.514375
6.170000000000001	2.9888266128124997e7	3.849564799375001e6	153709.52999999997
6.18	2.9948630284374993e7	3.8201161431250004e6	143402.84250000003
6.19	2.9866181346875004e7	3.830420549375e6	152236.98312500003
6.2	2.994126983125e7	3.823061236875e6	155179.795625
6.21	2.9852930706250004e7	3.815700783750001e6	161071.12375000003
6.22	2.992948945625e7	3.814228236875e6	138986.3425
6.230000000000001	2.9839680065625004e7	3.7995050493750004e6	153709.52999999997
6.240000000000001	2.99000453625e7	3.8024490025000004e6	152235.8425
6.25	2.9827901971875004e7	3.792142315e6	158126.02999999997
6.259999999999999	2.99000453625e7	3.7921434556249995e6	146347.93625
6.2700000000000005	2.9816121596875004e7	3.78478072125e6	156655.76437499997
6.28	2.9872070393749997e7	3.78036422125e6	162543.670625
6.29	2.9808761143749993e7	3.7818367681249995e6	158127.170625
6.3	2.9873544081250004e7	3.7877258150000004e6	144876.53000000003
6.310000000000001	2.97866763625e7	3.7685849868750004e6	171376.670625
6.32	2.9855875799999997e7	3.7744763150000004e6	152236.98312500003
6.329999999999999	2.9785203815625e7	3.7641696275000004e6	168432.7175
6.340000000000001	2.9848514206249993e7	3.774475174375e6	155183.21750000003
6.3500000000000005	2.9761648768749997e7	3.7685861275e6	168432.7175
6.36	2.983820751875e7	3.7685849868750004e6	166960.170625
6.37	2.975428603437501e7	3.7582805806249995e6	164015.07687500003
6.38	2.9823484331250004e7	3.764168486875e6	156654.62375
6.390000000000001	2.9751340940625e7	3.746502486875e6	168433.858125
6.3999999999999995	2.9808762284374997e7	3.7509167056249995e6	165487.62374999997
6.409999999999999	2.9733672659375e7	3.747973893125e6	180211.951875
6.420000000000001	2.9792566549999997e7	3.7361946587500004e6	150764.43625000003
6.43	2.97233671125e7	3.74061115875e6	164015.07687500003
6.44	2.9774897128124997e7	3.7391397525e6	155182.076875
6.45	2.9720422018750004e7	3.725889111875e6	187572.405
6.46	2.9757231128125004e7	3.7303056118749995e6	162543.670625
6.47	2.970717251875e7	3.7288342056249995e6	180213.0925
6.480000000000001	2.9754287174999993e7	3.724416565e6	166960.17062500003
6.490000000000001	2.9686560284375e7	3.7008592368750004e6	174322.905
6.5	2.9743979346875004e7	3.7229440181250004e6	165487.62374999997
6.509999999999999	2.9676252456249997e7	3.71116478375e6	172849.2175
6.5200000000000005	2.9724840800000004e7	3.7067482837499995e6	172850.35812500003
6.53	2.9663001815624997e7	3.7008592368750004e6	171376.670625
6.54	2.970569883125e7	3.696442736875e6	168432.7175
6.55	2.964386326875001e7	3.6890811431249995e6	177266.858125
6.560000000000001	2.968361405e7	3.6817195493749995e6	159598.57687500003
6.57	2.9617359706250004e7	3.68319209625e6	174320.62375000003
6.579999999999999	2.9679197550000004e7	3.6831932368749995e6	172849.2175
6.590000000000001	2.9605583893750004e7	3.6861371899999995e6	166960.170625
6.6000000000000005	2.9663001815624997e7	3.665524955624999e6	161071.12375000003
6.61	2.9584969378125e7	3.6640501275000004e6	171375.53
6.62	2.9642390721875004e7	3.65963590875e6	166961.31125000003
6.63	2.9567303378125e7	3.6625798618749995e6	183154.764375
6.640000000000001	2.9630611487499993e7	3.647856674375e6	165488.76437500003
6.6499999999999995	2.9556997831250004e7	3.64932922125e6	181683.35812500003
6.659999999999999	2.96114718e7	3.634607174375e6	155182.076875
6.670000000000001	2.9536384456249997e7	3.6272444399999995e6	187572.405
6.68	2.959822001875e7	3.6228267993750004e6	164016.2175
6.69	2.9524605221875e7	3.624300486875e6	175795.451875
6.7	2.9579081471875e7	3.615465205625e6	158127.170625
6.71	2.9493687440625e7	3.6095761587499995e6	175794.31125
6.72	2.9565829690625e7	3.605160799374999e6	164015.07687500003
6.730000000000001	2.9493686300000004e7	3.596324377500001e6	168432.7175
6.740000000000001	2.954374605e7	3.5992717525e6	150764.43625000003
6.75	2.9470130112500004e7	3.596325518125e6	180210.81125
6.759999999999999	2.94995764875e7	3.5816011900000004e6	155182.076875
6.7700000000000005	2.9462768518750004e7	3.5845474243750004e6	178738.26437499997
6.78	2.9512827128125e7	3.5771846900000004e6	158127.170625
6.79	2.9443627690625e7	3.5712967837500004e6	180209.670625
6.8	2.9498103940624997e7	3.5668791431250004e6	166959.03
6.810000000000001	2.9420071503125e7	3.5683516900000004e6	175793.17062500003
6.82	2.9480434518749997e7	3.56393519e6	169905.264375
6.829999999999999	2.9408293409374997e7	3.547738315e6	166960.170625
6.840000000000001	2.946276737812501e7	3.543321815e6	150764.43625000003
6.8500000000000005	2.9405348315624997e7	3.54626690875e6	186099.858125
6.86	2.9436266096874997e7	3.534488815e6	168431.57687500003
6.87	2.9375901940625e7	3.5403790025e6	166959.03
6.88	2.9433322143749997e7	3.5330151275e6	165486.48312500003
6.890000000000001	2.93655941125e7	3.52712722125e6	172850.35812499997
6.8999999999999995	2.9417125268749997e7	3.512402893125e6	155183.21750000003
6.909999999999999	2.93670678e7	3.5124040337500004e6	166960.170625
6.920000000000001	2.939945926875e7	3.502097346250001e6	158126.03000000003
6.93	2.933615001875001e7	3.4976808462500004e6	171376.670625
6.94	2.93714843e7	3.4962082993750004e6	153709.52999999997
6.95	2.931995314375e7	3.5020973462500004e6	152235.84249999997
6.96	2.9381792128124997e7	3.4829576587500004e6	166961.31125000003
6.97	2.9297870643749997e7	3.49326434625e6	181684.49874999997
6.980000000000001	2.9350872065625e7	3.481483971250001e6	161071.12375000003
6.990000000000001	2.9299342049999997e7	3.487374158750001e6	164015.07687500003
7.	2.9342037925000004e7	3.4770674712500004e6	165487.62374999997
7.009999999999999	2.9283145174999993e7	3.474123518125e6	164015.07687500003
7.0200000000000005	2.9334677471874997e7	3.468233330625001e6	155182.076875
7.03	2.9278729815624997e7	3.4535112837500004e6	184628.45187500003
7.04	2.931701033125e7	3.45056619e6	162542.53000000003
7.05	2.9256645034375e7	3.452038736875e6	161071.12375000003
7.060000000000001	2.930817505e7	3.43584528375e6	158124.889375
7.07	2.9244864659374997e7	3.4387869556250004e6	169905.264375
7.079999999999999	2.9287563956249997e7	3.4284825493750004e6	153708.389375
7.090000000000001	2.9221309612499993e7	3.4373155493750004e6	184627.31125
7.1000000000000005	2.9277257268749997e7	3.435845283750001e6	166960.17062500003
7.11	2.921394801875e7	3.429956236875e6	184627.31125
7.12	2.9258115300000004e7	3.4314276431249995e6	156654.62375
7.13	2.9177140049999997e7	3.4137593618749995e6	175794.31125
7.140000000000001	2.9250755987500004e7	3.41523190875e6	159597.43625000003
7.1499999999999995	2.9185971909374997e7	3.406397768125e6	178739.40500000003
7.159999999999999	2.9240448159375e7	3.3975636275000004e6	158124.889375
7.170000000000001	2.9175669784374997e7	3.3975636275000004e6	183154.764375
7.18	2.9228671206249993e7	3.39461853375e6	164013.93625
7.19	2.9144749721875e7	3.397562486875e6	161071.12375000003
7.2	2.9211002925e7	3.3887294868750004e6	158126.03000000003
7.21	2.9149166221875e7	3.3887306275000004e6	184628.451875
7.22	2.9200695096874997e7	3.387258080625e6	156653.483125
7.230000000000001	2.9131499081249997e7	3.376951393125e6	150763.295625
7.240000000000001	2.919039183125e7	3.3798964868749995e6	169904.12375000003
7.25	2.91182473e7	3.3681172525e6	168432.7175
7.259999999999999	2.916094545625e7	3.3666447056250004e6	162543.670625
7.2700000000000005	2.908585583125e7	3.363701893125e6	172849.2175
7.28	2.913885839375e7	3.344562205625e6	149291.88937500003
7.29	2.90652447375e7	3.3475061587500004e6	158127.170625
7.3	2.91182473e7	3.3460324712499995e6	150763.29562500006
7.310000000000001	2.9022546581249997e7	3.34161597125e6	164015.07687500003
7.32	2.9082913018749997e7	3.340144565e6	161072.26437499997
7.329999999999999	2.9024019128124997e7	3.3475038775000004e6	193462.5925
7.340000000000001	2.9078495378124997e7	3.346033611875e6	140458.889375
7.3500000000000005	2.9010767346875e7	3.319532330625e6	166960.170625
7.36	2.9062298503125e7	3.310697049375001e6	150764.43625000003
7.37	2.8998990393749997e7	3.3136421431250004e6	169905.264375
7.38	2.9043161096875e7	3.3210025962499995e6	147818.201875
7.390000000000001	2.8990156253124993e7	3.3092245025e6	184628.451875
7.3999999999999995	2.9043158815624997e7	3.3121707368750004e6	165487.62374999997
7.409999999999999	2.8985740893749993e7	3.294501315e6	161071.12375000003
7.420000000000001	2.9032853268750004e7	3.30186290875e6	152236.98312500003
7.43	2.8960709878125e7	3.2945013150000004e6	164015.07687500003
7.44	2.902549167500001e7	3.2930299087500004e6	161072.26437500003
7.45	2.8950404331249997e7	3.273889080625e6	164016.21749999997
7.46	2.8996045299999997e7	3.2856694556250004e6	150764.43625000003
7.47	2.8940097643749997e7	3.272417674375e6	161069.98312499997
7.480000000000001	2.899457389375e7	3.2621098462499995e6	146347.93625
7.490000000000001	2.8913596362500004e7	3.256220799375e6	169904.12374999997
7.5	2.895482083125e7	3.2650549400000004e6	143401.701875
7.509999999999999	2.8910652409375e7	3.2473866587500004e6	162544.81125
7.5200000000000005	2.8972489112500004e7	3.2385536587499995e6	156653.48312500003
7.53	2.8892984128124997e7	3.2385547993749995e6	158126.02999999997
7.54	2.892537445625e7	3.238554799375e6	155182.076875
7.55	2.886795539375e7	3.226775565e6	164015.07687500003
7.560000000000001	2.8941571331250004e7	3.223829330624999e6	143403.983125
7.57	2.88797334875e7	3.212051236875e6	146346.795625
7.579999999999999	2.8922430503125e7	3.2149974712500004e6	153708.389375
7.590000000000001	2.8850285971875e7	3.20616219e6	161071.12375000003
7.6000000000000005	2.8909178721875e7	3.207634736875e6	152238.12375
7.61	2.884292551875e7	3.2091072837500004e6	156653.483125
7.62	2.8892982987499993e7	3.1899687368749995e6	146346.795625
7.63	2.8822313284375004e7	3.172300455625e6	152236.98312500003
7.640000000000001	2.88635366125e7	3.17966319e6	138986.3425
7.6499999999999995	2.8804646143750004e7	3.1693553618749995e6	156653.483125
7.659999999999999	2.8867954253125e7	3.1752444087500004e6	133097.295625
7.670000000000001	2.8794340596874997e7	3.1575761275000004e6	146347.93624999997
7.680000000000001	2.8829674878125004e7	3.156103580625e6	131624.74875000003
7.69	2.8782561362500004e7	3.1531607681250004e6	171377.81125
7.7	2.882231214375e7	3.1575772681250004e6	127207.10812499997
7.71	2.8767837034375004e7	3.1399101275e6	166961.31125000003
7.72	2.8809061503124997e7	3.145800315e6	131624.74875
7.730000000000001	2.8751640159374997e7	3.13107484625e6	138985.201875
7.740000000000001	2.8812006596875004e7	3.131075986875e6	122790.608125
7.75	2.8736919253125004e7	3.1148802525e6	158127.170625
7.76	2.8781088815624997e7	3.11782534625e6	130152.20187500001
7.769999999999998	2.8722197206250004e7	3.1266583462500004e6	153709.52999999997
7.779999999999999	2.877961626875e7	3.1104637524999995e6	131624.74875000003
7.790000000000001	2.8703056378125004e7	3.100157065e6	150763.295625
7.799999999999999	2.8751642440624993e7	3.107517518125e6	130153.34250000001
7.8100000000000005	2.8695694784375004e7	3.100157065e6	138986.3425
7.82	2.8726612565625e7	3.095739424375e6	128678.514375
7.83	2.8691278284375e7	3.0942680181250004e6	119846.65499999998
7.840000000000002	2.8725140018750004e7	3.082489924375e6	121318.06125
7.85	2.86647758625e7	3.086906424375e6	133096.155
7.859999999999999	2.8704526643750004e7	3.0780711431250004e6	140458.889375
7.870000000000003	2.8660358221875e7	3.06923928375e6	144876.53
7.880000000000001	2.8698639878124997e7	3.06776559625e6	143402.84250000003
7.890000000000001	2.8652997768749997e7	3.06629419e6	130152.20187499998
7.9	2.8685389237499997e7	3.06923928375e6	134569.84249999997
7.909999999999998	2.8630912987499997e7	3.0633490962500004e6	141930.29562499997
7.92	2.8661831909375e7	3.0456808150000004e6	122789.4675
7.93	2.8605884253124997e7	3.053043549375e6	125735.701875
7.9399999999999995	2.86603593625e7	3.0397917681250004e6	108066.27999999998
7.950000000000001	2.860735451875e7	3.047153361875e6	128679.655
7.960000000000001	2.8639745987500004e7	3.042736861875e6	122790.608125
7.970000000000001	2.85926336125e7	3.047153361875e6	124263.15499999998
7.980000000000002	2.862355139375e7	3.0309587681249995e6	122789.46749999998
7.99	2.8595576425e7	3.0206520806249995e6	153709.52999999997
8.	2.8614717253124997e7	3.0191795337500004e6	124264.29562500001
8.01	2.8579381831250004e7	3.0177081275e6	144874.24875
8.019999999999998	2.860293801875e7	3.01623444e6	125735.701875
8.03	2.8561714690625e7	3.004454065e6	136041.24874999997
8.040000000000001	2.8601467753125e7	3.0074014400000004e6	125734.56125000001
8.049999999999999	2.8552879409374997e7	3.007400299375e6	147819.3425
8.06	2.8574964190624997e7	3.000040986875e6	138985.20187500003
8.07	2.8536684815625e7	2.9970947525000004e6	124263.15499999998
8.08	2.8566130049999997e7	2.992679393125e6	108067.42062500001
8.090000000000002	2.8536684815625e7	2.98973315875e6	147820.483125
8.1	2.8564657503124997e7	2.9823715650000004e6	124262.014375
8.11	2.8517543987499997e7	2.989734299375e6	125733.42062500001
8.120000000000003	2.8563187237499997e7	2.9779550650000004e6	124262.014375
8.13	2.8505765893749997e7	2.989734299375e6	111012.51437500003
8.14	2.8538157362499997e7	2.960289065e6	109541.108125
8.15	2.8496930612499997e7	2.967649518125e6	134568.701875
8.159999999999998	2.8526379268749997e7	2.9705946118750004e6	128680.79562499998
8.17	2.8485153659374997e7	2.9676483775000004e6	137513.795625
8.18	2.851607258125e7	2.9617593306250004e6	115429.014375
8.19	2.8476319518750004e7	2.96028678375e6	137514.93625
8.200000000000001	2.8510183534375004e7	2.95145378375e6	127208.24875
8.21	2.8480737159375004e7	2.9499812368750004e6	133096.155
8.22	2.8495460346874997e7	2.949981236875e6	119846.65500000001
8.230000000000002	2.845276333125e7	2.949981236875e6	131624.74875
8.24	2.8496931753125e7	2.924951361875e6	119845.51437500001
8.25	2.8454233596875004e7	2.932315236875e6	141930.29562499997
8.26	2.8479263471875e7	2.9337855025e6	108067.42062500001
8.269999999999998	2.8436568737500004e7	2.94114709625e6	136041.24874999997
8.28	2.8458653518749997e7	2.930841549375e6	116900.420625
8.290000000000001	2.8432151096874997e7	2.922006268125e6	134568.701875
8.299999999999999	2.8454235878125e7	2.91759090875e6	103649.78
8.31	2.8426260909375e7	2.9234788149999995e6	128679.655
8.32	2.8443929190624997e7	2.9205337212500004e6	103650.920625
8.33	2.8414481674999997e7	2.91317440875e6	138985.201875
8.340000000000002	2.8432151096875004e7	2.908756768125e6	115430.155
8.35	2.8402704721874997e7	2.914645815e6	137513.795625
8.36	2.841742676875e7	2.90728422125e6	125734.56125000001
8.370000000000003	2.8398288221875e7	2.9013940337500004e6	128680.79562499998
8.38	2.8408592628125e7	2.8999226274999995e6	113956.4675
8.39	2.8401231034374997e7	2.901395174375e6	150765.576875
8.4	2.8405649815625e7	2.8881433931250004e6	106596.014375
8.409999999999998	2.8385036440625e7	2.896979815e6	116901.56125
8.42	2.8393871721874993e7	2.8822543462500004e6	115429.014375
8.43	2.8355588924999997e7	2.8896159399999995e6	121319.201875
8.44	2.8376203440624993e7	2.8734236275000004e6	115429.014375
8.450000000000001	2.8349702159374997e7	2.88078294e6	133096.155
8.46	2.8379146253124997e7	2.867532299375e6	121316.920625
8.47	2.833497897187501e7	2.88519944e6	133096.155
8.480000000000002	2.836884070625e7	2.8748938931250004e6	113956.4675
8.49	2.834086801875e7	2.8778378462500004e6	127207.10812499997
8.5	2.8361477971874997e7	2.861642111875e6	100704.68625
8.51	2.8312894190625004e7	2.87342134625e6	133096.155
8.519999999999998	2.8354117518750004e7	2.866058611875e6	106594.87375
8.53	2.831731183125e7	2.85428165875e6	131624.74875
8.540000000000001	2.8360006565625004e7	2.8616409712499995e6	115430.155
8.549999999999999	2.8304060049999997e7	2.8498628774999995e6	125735.701875
8.56	2.8330560190625e7	2.842502424375e6	115429.01437499998
8.57	2.830111495625e7	2.8660586118750004e6	138986.3425
8.58	2.8333506424999997e7	2.8425035650000004e6	115429.014375
8.590000000000002	2.830111495625e7	2.8557530649999995e6	140460.03
8.6	2.8312893049999997e7	2.8277803775000004e6	103650.920625
8.61	2.8284918081249993e7	2.846920065e6	128678.51437499997
8.620000000000003	2.8301116096874997e7	2.830724330625e6	108066.27999999998
8.63	2.8276086221874997e7	2.846921205625e6	131623.608125
8.64	2.8289335721875e7	2.8204176431250004e6	100706.9675
8.65	2.8265780675e7	2.8336682837500004e6	124262.014375
8.659999999999998	2.8279031315625e7	2.8292506431249995e6	108066.27999999998
8.67	2.8265779534375004e7	2.827779236875e6	146346.795625
8.68	2.8280502721875004e7	2.82483528375e6	109538.82687500001
8.69	2.82540003e7	2.827779236875e6	134568.701875
8.700000000000001	2.8259890487499997e7	2.804220768125e6	115429.014375
8.71	2.8251056346875e7	2.8233627368749995e6	136041.24874999997
8.72	2.826725208125e7	2.814527455625e6	100000.
8.730000000000002	2.824222220625e7	2.8189450962500004e6	130153.34249999998
8.74	2.8277557628125e7	2.798332861875e6	109539.9675
8.75	2.8242222206249997e7	2.8086384087500004e6	144875.389375
8.76	2.8236333159374997e7	2.8071681431250004e6	106593.73312500001
8.769999999999998	2.8220137424999997e7	2.8145285962500004e6	113956.4675
8.78	2.8237804565625e7	2.7953900493749995e6	108066.27999999998
8.790000000000001	2.8214248378125004e7	2.80422190875e6	131623.608125
8.799999999999999	2.8240750799999997e7	2.7909712681250004e6	100000.
8.81	2.8200997737499997e7	2.7998065493749995e6	125735.701875
8.82	2.82304441125e7	2.7880273150000004e6	106596.014375
8.83	2.8192164737499997e7	2.783610815e6	115429.014375
8.840000000000002	2.8202470284375004e7	2.7747766743750004e6	111011.37375
8.85	2.8199526331250004e7	2.793916361875e6	125734.56124999998
8.86	2.820983187812501e7	2.76299744e6	106594.87375
8.870000000000003	2.8173023909374997e7	2.783609674375e6	138985.201875
8.88	2.819069105e7	2.7821371274999995e6	102177.233125
8.89	2.8175969003125e7	2.7791931743749995e6	141931.43625
8.9	2.8199525190625e7	2.7747755337500004e6	100000.
8.909999999999998	2.817449645625e7	2.7733041275e6	127208.24875
8.92	2.8192163596874997e7	2.75563584625e6	109539.9675
8.93	2.816418976875e7	2.76299744e6	124262.014375
8.94	2.8177441550000004e7	2.755634705625e6	100000.
8.950000000000001	2.8143577534375004e7	2.765941393125e6	127205.96749999998
8.96	2.8168606268750004e7	2.7438577524999995e6	100000.
8.97	2.8156828174999997e7	2.76299744e6	133097.295625
8.980000000000002	2.8156829315625004e7	2.7482742525e6	100000.
8.99	2.813032575312501e7	2.76741394e6	111013.65499999998
9.	2.81421049875e7	2.74532915875e6	100000.
9.01	2.8117076253125004e7	2.7512193462499995e6	122790.608125
9.019999999999998	2.81421049875e7	2.73207965875e6	100000.
9.03	2.8114131159375e7	2.7482742525e6	125734.56124999998
9.040000000000001	2.8131799440625004e7	2.7306082525e6	100000.
9.049999999999999	2.8105298159375004e7	2.746801705625e6	137513.795625
9.06	2.8122964159375e7	2.71735647125e6	100000.
9.07	2.8103824471875004e7	2.7512193462499995e6	119845.51437499998
9.08	2.8127381799999997e7	2.7306071118750004e6	100000.
9.090000000000002	2.8092046378125004e7	2.74532915875e6	122790.608125
9.1	2.8122964159374997e7	2.724715783750001e6	100000.
9.11	2.80743792375e7	2.724716924375e6	116901.56125
9.120000000000003	2.8111184924999997e7	2.70704978375e6	113957.608125
9.13	2.8074378096875e7	2.71735647125e6	131623.608125
9.14	2.8114131159374997e7	2.7099948775e6	100000.
9.15	2.8059654909374997e7	2.727662018125e6	136041.24874999997
9.159999999999998	2.8080269425e7	2.717355330625e6	100000.
9.17	2.8068490190625e7	2.7099937368749995e6	146349.076875
9.18	2.8093518925000004e7	2.695270549375e6	100000.
9.19	2.8055239550000004e7	2.707048643125e6	137513.795625
9.200000000000001	2.8075851784374993e7	2.698215643125e6	100000.
9.21	2.805229445625001e7	2.7085211900000004e6	137512.65499999997
9.22	2.8068490190625004e7	2.7011618775e6	100000.
9.230000000000002	2.8047877956249997e7	2.70410469e6	143403.98312499997
9.24	2.8065543956249997e7	2.6893815025e6	100000.
9.25	2.8033154768749997e7	2.69085519e6	136041.24874999997
9.26	2.8055238409374993e7	2.695270549375e6	100000.
9.269999999999998	2.8039042675e7	2.687908955625e6	133097.295625
9.28	2.8031682221874997e7	2.659936268125e6	100000.
9.290000000000001	2.799928961250001e7	2.66288022125e6	125734.56124999998
9.299999999999999	2.8002235846875004e7	2.665824174375e6	100000.
9.31	2.7984567565625e7	2.6628802212500004e6	125735.701875
9.32	2.7984568706249997e7	2.649629580625e6	100000.
9.33	2.798456870625e7	2.6584625806250004e6	124263.15499999998
9.340000000000002	2.7975734565625e7	2.64226684625e6	100000.
9.35	2.7953649784375e7	2.6481581743750004e6	128679.655
9.36	2.7978678518749993e7	2.640796580625e6	100000.
9.370000000000003	2.79521772375e7	2.64963072125e6	119845.51437499998
9.38	2.7962483924999997e7	2.624599705625e6	100000.
9.39	2.7943344237499997e7	2.6378503462500004e6	119845.51437500001
9.4	2.7963956471875e7	2.6275459399999995e6	100000.
9.409999999999998	2.795217951875e7	2.6334338462500004e6	125735.701875
9.42	2.7946288190624997e7	2.6128216118749995e6	100000.
9.43	2.7980151065624997e7	2.631961299375e6	125736.8425
9.44	2.819805264375e7	2.6349063931249995e6	100000.
9.450000000000001	2.8435093909375e7	2.69085519e6	140458.889375
9.46	2.88296737375e7	2.7144102368749995e6	100000.
9.47	2.9131497940625004e7	2.721771830625e6	127208.24875
9.480000000000002	2.9349400659375e7	2.658462580625e6	100000.
9.49	2.934056651875e7	2.5274264400000004e6	100000.
9.5	2.9249283440625e7	2.378724299375e6	100000.
9.51	2.9013712440625e7	2.2211868775e6	100000.
9.519999999999998	2.8837035331250004e7	2.03420422125e6	100000.
9.53	2.8623550253125e7	1.90758344e6	100000.
9.540000000000001	2.8486627346875e7	1.7471032056249997e6	100000.
9.549999999999999	2.83614791125e7	1.6072340650000004e6	100000.
9.56	2.8311421643749997e7	1.5041717524999997e6	100000.
9.57	2.8295225909374997e7	1.4658923775000002e6	100000.
9.58	2.829964240937501e7	1.4202502681250002e6	100000.
9.590000000000002	2.831731183125e7	1.429083268125e6	100000.
9.6	2.8352644971875e7	1.39227644e6	100000.
9.61	2.8334978971875e7	1.4025819868749997e6	100000.
9.620000000000003	2.8365896753125e7	1.3966917993750002e6	100000.
9.63	2.8360007706249997e7	1.418776580625e6	100000.
9.64	2.8371785800000004e7	1.401110580625e6	100000.
9.65	2.8371785799999997e7	1.4114149868750002e6	100000.
9.659999999999998	2.8374730893749997e7	1.39669294e6	100000.
9.67	2.8368839565625e7	1.4114161275e6	100000.
9.68	2.8373259487499997e7	1.3908050337499997e6	100000.
9.69	2.8332032737500004e7	1.4099435806249997e6	100000.
9.700000000000001	2.8352644971875e7	1.40405453375e6	100000.
9.71	2.8305532596875004e7	1.3952215337499997e6	100000.
9.72	2.8326144831249993e7	1.3849137056250002e6	100000.
9.730000000000002	2.8273139987499993e7	1.38491484625e6	100000.
9.74	2.827608508125e7	1.36871797125e6	100000.
9.75	2.8220139706249997e7	1.345162924375e6	100000.
9.76	2.8205415378124997e7	1.3054098618750002e6	100000.
9.769999999999998	2.8120021346875e7	1.2803822681250002e6	100000.
9.78	2.81421049875e7	1.2597677525e6	100000.
9.790000000000001	2.8125910393750004e7	1.20234869e6	100000.
9.799999999999999	2.8180385503124997e7	1.150816393125e6	100000.
9.81	2.8233389206249997e7	1.071312549375e6	100000.
9.82	2.8395343128125e7	982973.4243750002	100000.
9.83	2.8554351956249997e7	879912.2525000001	100000.
9.840000000000002	2.8812008878125e7	825437.1431250002	100000.
9.85	2.9010768487499997e7	745932.1587499998	100000.
9.86	2.9194807190625004e7	722374.830625	100000.
9.870000000000003	2.9091747159375e7	710595.5962500001	100000.
9.88	2.8585270878124997e7	622257.6118750001	100000.
9.89	2.5826160596875e7	483859.87750000006	100000.
9.9	1.9225791456250004e7	264486.89312500006	100000.
9.909999999999998	1.189368058125e7	100000.	100000.
9.92	8.50442289375e6	100000.	100000.
9.93	4.778002159375e6	100000.	100000.
9.94	964717.128125	100000.	100000.
9.950000000000001	100000.	100000.	100000.
9.96	100000.	100000.	100000.
9.97	100000.	100000.	100000.
9.980000000000002	100000.	100000.	100000.
9.99	100000.	100000.	100000.
10.	100000.	100000.	100000.
10.01	100000.	100000.	100000.
10.019999999999998	100000.	100000.	100000.
10.03	100000.	100000.	100000.
10.040000000000001	100000.	100000.	100000.
10.049999999999999	100000.	100000.	100000.
10.06	100000.	100000.	100000.
10.07	100000.	100000.	100000.
10.08	100000.	100000.	100000.
10.090000000000002	100000.	100000.	100000.
10.1	100000.	100000.	100000.
10.11	100000.	100000.	100000.
10.120000000000003	100000.	100000.	100000.
10.13	100000.	100000.	100000.
10.14	100000.	100000.	100000.
10.15	100000.	100000.	100000.
10.159999999999998	100000.	100000.	100000.
10.17	100000.	100000.	100000.
10.18	100000.	100000.	100000.
10.19	100000.	100000.	100000.
10.200000000000001	100000.	100000.	100000.
10.21	100000.	100000.	100000.
10.22	100000.	100000.	100000.
10.230000000000002	100000.	100000.	100000.
10.24	100000.	100000.	100000.
10.25	100000.	100000.	100000.
10.26	100000.	100000.	100000.
10.269999999999998	100000.	100000.	100000.
10.28	100000.	100000.	100000.
10.290000000000001	100000.	100000.	100000.
10.299999999999999	100000.	100000.	100000.
10.31	100000.	100000.	100000.
10.32	100000.	100000.	100000.
10.33	100000.	100000.	100000.
10.340000000000002	100000.	100000.	100000.
10.35	100000.	100000.	100000.
10.36	100000.	100000.	100000.
10.370000000000003	100000.	100000.	100000.
10.38	100000.	100000.	100000.
10.39	100000.	100000.	100000.
10.4	100000.	100000.	100000.
10.409999999999998	100000.	100000.	100000.
10.42	100000.	100000.	100000.
10.43	100000.	100000.	100000.
10.44	100000.	100000.	100000.
10.450000000000001	100000.	100000.	100000.
10.46	100000.	100000.	100000.
10.47	100000.	100000.	100000.
10.480000000000002	100000.	100000.	100000.
10.49	100000.	100000.	100000.
10.5	100000.	100000.	100000.
10.51	100000.	100000.	100000.
10.519999999999998	100000.	100000.	100000.
10.53	100000.	100000.	100000.
10.540000000000001	100000.	100000.	100000.
10.549999999999999	100000.	100000.	100000.
10.56	100000.	100000.	100000.
10.57	100000.	100000.	100000.
10.58	100000.	100000.	100000.
10.590000000000002	100000.	100000.	100000.
10.6	100000.	100000.	100000.
10.61	100000.	100000.	100000.
10.620000000000003	100000.	100000.	100000.
10.63	100000.	100000.	100000.
10.64	100000.	100000.	100000.
10.65	100000.	100000.	100000.
10.659999999999998	100000.	100000.	100000.
10.67	100000.	100000.	100000.
10.68	100000.	100000.	100000.
10.69	100000.	100000.	100000.
10.700000000000001	100000.	100000.	100000.
10.71	100000.	100000.	100000.
10.72	100000.	100000.	100000.
10.730000000000002	100000.	100000.	100000.
10.74	100000.	100000.	100000.
10.75	100000.	100000.	100000.