((0. 102873.42500000003)
(0.010000000000000009 426783.55)
(0.020000000000000018 841975.6124999999)
(0.030000000000000027 1.657635409375e6)
(0.040000000000000036 2.3481492531250003e6)
(0.050000000000000044 3.5848901593750003e6)
(0.05999999999999994 5.333995253125001e6)
(0.07000000000000006 6.809249971875e6)
(0.07999999999999996 8.555412253125e6)
(0.09000000000000008 1.0507696878125e7)
(0.09999999999999998 1.2115460284375003e7)
(0.1100000000000001 1.456538476875e7)
(0.12 1.586985370625e7)
(0.13 1.7102176971874997e7)
(0.14 1.787514089375e7)
(0.15000000000000002 1.829474945625e7)
(0.16000000000000003 1.8508235675e7)
(0.17000000000000004 1.8600989018749997e7)
(0.18 1.8606880346875e7)
(0.19000000000000006 1.8608350612499997e7)
(0.2 1.8549459003125e7)
(0.2099999999999999 1.85362083625e7)
(0.22000000000000003 1.8508232253124997e7)
(0.23000000000000015 1.84876223e7)
(0.24000000000000005 1.8464064971875e7)
(0.24999999999999994 1.8443452737500004e7)
(0.26000000000000006 1.8419896550000004e7)
(0.2700000000000002 1.848909370625e7)
(0.27999999999999997 1.8518541221875e7)
(0.29 1.8623074940625e7)
(0.3 1.8705523878125004e7)
(0.31 1.8893980221875e7)
(0.32 1.91104081125e7)
(0.33 1.9418123643749997e7)
(0.34 2.0033546721874993e7)
(0.35000000000000003 2.05694682375e7)
(0.36000000000000004 2.141015905e7)
(0.37000000000000005 2.2674873784375e7)
(0.38000000000000006 2.3496424909375e7)
(0.39000000000000007 2.4669855424999993e7)
(0.4000000000000001 2.571814226875e7)
(0.41 2.6420433065624997e7)
(0.4199999999999999 2.704322001875e7)
(0.43 2.76527586125e7)
(0.4400000000000001 2.8025252518749993e7)
(0.45 2.8446333628124997e7)
(0.4599999999999999 2.8759937065624997e7)
(0.47000000000000003 2.8963114315624997e7)
(0.48000000000000015 2.9207517175e7)
(0.49000000000000005 2.9407752753125e7)
(0.49999999999999994 2.957118036249999e7)
(0.5100000000000002 2.972871664375e7)
(0.5200000000000002 2.9903920065624997e7)
(0.53 3.003053970625e7)
(0.54 3.0177771581250004e7)
(0.55 3.0369171878124997e7)
(0.56 3.0469289096874997e7)
(0.5700000000000001 3.0617992378124997e7)
(0.5800000000000001 3.0749027378124997e7)
(0.5900000000000001 3.0863867784374997e7)
(0.6000000000000001 3.0984597237499993e7)
(0.6100000000000001 3.1103854143749993e7)
(0.6200000000000001 3.1202499956249997e7)
(0.6300000000000001 3.1292310487499993e7)
(0.6400000000000001 3.139242770624999e7)
(0.6500000000000001 3.1505795565625e7)
(0.6599999999999999 3.1604441378125e7)
(0.6699999999999999 3.1686890315625e7)
(0.6800000000000002 3.1781117346875e7)
(0.6900000000000002 3.1894486346874993e7)
(0.7 3.1978406690624997e7)
(0.71 3.2049077534375e7)
(0.7199999999999998 3.2122693471874997e7)
(0.73 3.2206616096874997e7)
(0.74 3.225225820624999e7)
(0.75 3.2305261909374997e7)
(0.7600000000000002 3.2368570018749993e7)
(0.77 3.2417153799999993e7)
(0.78 3.2430406721874993e7)
(0.79 3.2473104878125e7)
(0.7999999999999998 3.2490772018749993e7)
(0.81 3.2533467893749993e7)
(0.8200000000000001 3.2543775721875e7)
(0.8300000000000001 3.2574693503124997e7)
(0.8400000000000003 3.2587943003125004e7)
(0.8500000000000001 3.2596778284374997e7)
(0.8599999999999999 3.2614445425e7)
(0.8699999999999999 3.260708383125e7)
(0.8799999999999999 3.26203356125e7)
(0.8899999999999997 3.2642418112499997e7)
(0.8999999999999999 3.2629168612499997e7)
(0.9099999999999999 3.2654198487499997e7)
(0.9199999999999999 3.2658613846875e7)
(0.9300000000000002 3.2664504034375e7)
(0.94 3.2651252253125e7)
(0.95 3.2652725940625004e7)
(0.96 3.2657143581249997e7)
(0.9699999999999998 3.2667449128125e7)
(0.98 3.264977970625e7)
(0.99 3.2654197346874993e7)
(1. 3.2663032628124993e7)
(1.0100000000000002 3.2655669893749993e7)
(1.02 3.2654197346875e7)
(1.03 3.2670394221875e7)
(1.04 3.2674809581249997e7)
(1.0499999999999998 3.266597658125e7)
(1.06 3.2654198487499997e7)
(1.07 3.2657142440624993e7)
(1.08 3.2671864487499997e7)
(1.0900000000000003 3.2664505174999993e7)
(1.1 3.2660087534374993e7)
(1.1099999999999999 3.267481072187499e7)
(1.1199999999999999 3.2664504034375e7)
(1.13 3.2652725940625004e7)
(1.1399999999999997 3.26630314875e7)
(1.15 3.2680698628124993e7)
(1.16 3.2685116268749993e7)
(1.17 3.2673339315625e7)
(1.1800000000000002 3.2680699768749997e7)
(1.19 3.269100645625e7)
(1.2 3.2689535049999997e7)
(1.21 3.2665976581249993e7)
(1.2199999999999998 3.2661560081249993e7)
(1.23 3.2693950409374993e7)
(1.24 3.2677754675000004e7)
(1.25 3.2696895503125e7)
(1.2600000000000002 3.267922836249999e7)
(1.27 3.2696894362500004e7)
(1.28 3.2688060221874997e7)
(1.29 3.2705728503124993e7)
(1.2999999999999998 3.2679227221874997e7)
(1.31 3.2701312003124997e7)
(1.3200000000000003 3.2686587674999997e7)
(1.33 3.2692477862500004e7)
(1.3400000000000003 3.2689533909374993e7)
(1.35 3.2692479003124993e7)
(1.36 3.2682172315624997e7)
(1.3699999999999999 3.2693949268749997e7)
(1.38 3.2698368049999993e7)
(1.3899999999999997 3.2683643721875e7)
(1.4 3.2665975440624997e7)
(1.4100000000000001 3.2689532768749997e7)
(1.42 3.2692477862499997e7)
(1.4300000000000002 3.2680699768749997e7)
(1.44 3.2685116268749993e7)
(1.45 3.27042582375e7)
(1.46 3.2704255956249993e7)
(1.4699999999999998 3.2713090096875e7)
(1.48 3.269100645625e7)
(1.4899999999999998 3.2691005315624997e7)
(1.5 3.2691005315624997e7)
(1.5100000000000002 3.2711618690624993e7)
(1.52 3.2695421815624997e7)
(1.53 3.27013108625e7)
(1.54 3.2685116268749993e7)
(1.5499999999999998 3.2711618690625e7)
(1.56 3.2702784549999997e7)
(1.5700000000000003 3.27130912375e7)
(1.58 3.2707202190624997e7)
(1.5900000000000003 3.2707201049999993e7)
(1.6 3.270720105e7)
(1.61 3.2721924237499997e7)
(1.6199999999999999 3.2713091237499993e7)
(1.63 3.270720219062499e7)
(1.6399999999999997 3.2714561503124997e7)
(1.65 3.2724868190624997e7)
(1.6600000000000001 3.2724868190624997e7)
(1.67 3.272486705e7)
(1.6800000000000002 3.2716035190625e7)
(1.69 3.2739592518749993e7)
(1.7 3.2738119971875e7)
(1.7100000000000002 3.2727813284374997e7)
(1.72 3.2741065065624993e7)
(1.7300000000000006 3.2746952971874997e7)
(1.7399999999999995 3.2748425518750004e7)
(1.7500000000000002 3.2754314565624993e7)
(1.76 3.2754315706249997e7)
(1.7699999999999998 3.2763149846875e7)
(1.78 3.2751371753125e7)
(1.7899999999999998 3.2760204753124993e7)
(1.8 3.2752843159374997e7)
(1.8099999999999998 3.2776400487499997e7)
(1.8200000000000005 3.2760204753124993e7)
(1.8299999999999994 3.2764621253124993e7)
(1.84 3.2757259659374993e7)
(1.8499999999999999 3.2766092659374997e7)
(1.86 3.27469541125e7)
(1.8699999999999999 3.2777870753124993e7)
(1.8800000000000001 3.2774926799999997e7)
(1.89 3.2779344440624997e7)
(1.8999999999999997 3.2761676159375e7)
(1.9100000000000004 3.2779343299999993e7)
(1.9200000000000002 3.2788178581249986e7)
(1.93 3.280290176874999e7)
(1.9400000000000002 3.2764621253124993e7)
(1.95 3.2799956675000004e7)
(1.9600000000000002 3.2789651128125e7)
(1.97 3.2805846862499997e7)
(1.9800000000000006 3.2776399346874997e7)
(1.9899999999999995 3.2798484128124997e7)
(2.0000000000000004 3.278228839375e7)
(2.0100000000000002 3.2814679862499993e7)
(2.02 3.2801429221874997e7)
(2.0300000000000002 3.2816152409375e7)
(2.04 3.2802901768749997e7)
(2.0500000000000003 3.2814678721874997e7)
(2.06 3.2804373175e7)
(2.0700000000000007 3.2829404190624993e7)
(2.0799999999999996 3.2822042596875e7)
(2.0900000000000003 3.283087445625e7)
(2.1 3.281762495625e7)
(2.1100000000000003 3.2852960378125004e7)
(2.12 3.28397097375e7)
(2.1300000000000003 3.28397097375e7)
(2.14 3.2854431784374993e7)
(2.15 3.2877989112499997e7)
(2.1600000000000006 3.2864738471875e7)
(2.1700000000000004 3.2880935346874993e7)
(2.18 3.2888294659374993e7)
(2.1900000000000004 3.2901546440624997e7)
(2.2 3.289712879999999e7)
(2.2100000000000004 3.2908908034374997e7)
(2.22 3.288976720625001e7)
(2.230000000000001 3.2928047721875004e7)
(2.2399999999999998 3.2910379440625e7)
(2.2500000000000004 3.29412983625e7)
(2.2600000000000002 3.29368818625e7)
(2.27 3.2963382003124997e7)
(2.2800000000000002 3.2945714862499997e7)
(2.29 3.2957492956249993e7)
(2.3000000000000003 3.2975162378124993e7)
(2.31 3.2988413018749993e7)
(2.3200000000000007 3.2983995378125e7)
(2.3299999999999996 3.299282951875e7)
(2.3400000000000003 3.2988411878125e7)
(2.35 3.2997246018749997e7)
(2.3600000000000003 3.2992830659375e7)
(2.37 3.3023748440625e7)
(2.3800000000000003 3.3011970346875004e7)
(2.39 3.304288698749999e7)
(2.4 3.303110889375e7)
(2.4100000000000006 3.3051722268749997e7)
(2.4200000000000004 3.3047303487499997e7)
(2.43 3.3064972909374993e7)
(2.4400000000000004 3.307380705e7)
(2.45 3.3109141331249993e7)
(2.4600000000000004 3.3103252284375004e7)
(2.47 3.311944801875e7)
(2.480000000000001 3.3117976612499993e7)
(2.4899999999999998 3.31371163e7)
(2.5000000000000004 3.3132698659375e7)
(2.5100000000000002 3.3168035221874993e7)
(2.52 3.3163616440625e7)
(2.5300000000000002 3.3201898096874997e7)
(2.54 3.3188646315625e7)
(2.5500000000000003 3.32195652375e7)
(2.56 3.321073223749999e7)
(2.5700000000000007 3.3257845753124997e7)
(2.5799999999999996 3.3253428112500004e7)
(2.5900000000000003 3.3281401940624997e7)
(2.6 3.3288763534374993e7)
(2.6100000000000003 3.332704404999999e7)
(2.62 3.333882214375e7)
(2.6300000000000003 3.336237947187501e7)
(2.64 3.3378574065624997e7)
(2.65 3.3433050315624997e7)
(2.6600000000000006 3.3461025284374997e7)
(2.6700000000000004 3.347869014375e7)
(2.68 3.3505193706250004e7)
(2.6900000000000004 3.3559668815625e7)
(2.7 3.358322614375e7)
(2.7100000000000004 3.362297920625e7)
(2.72 3.3645065128125e7)
(2.730000000000001 3.3698065409375e7)
(2.7399999999999998 3.3733401971875e7)
(2.7500000000000004 3.3801127721875e7)
(2.7600000000000002 3.383499287812499e7)
(2.7700000000000005 3.3871799706250004e7)
(2.7800000000000002 3.3893883346875e7)
(2.79 3.3954247503125e7)
(2.8000000000000003 3.397927737812499e7)
(2.81 3.4042586628125004e7)
(2.8200000000000007 3.406467026875e7)
(2.8299999999999996 3.410736842499999e7)
(2.8400000000000003 3.4135342253125e7)
(2.85 3.419129105e7)
(2.8600000000000003 3.42148472375e7)
(2.87 3.4292880815625e7)
(2.8800000000000003 3.431938095625e7)
(2.89 3.4363551659375e7)
(2.9 3.4388579253125e7)
(2.9100000000000006 3.444453033124999e7)
(2.9200000000000004 3.445777983125e7)
(2.93 3.45093109875e7)
(2.940000000000001 3.4538756221875e7)
(2.95 3.4596176425e7)
(2.9600000000000004 3.46197326125e7)
(2.97 3.4668318675e7)
(2.980000000000001 3.469776505e7)
(2.9899999999999998 3.4747823659375e7)
(3.0000000000000004 3.4755187534375e7)
(3.0100000000000002 3.478757558125e7)
(3.0200000000000005 3.4790520675e7)
(3.03 3.484941228437499e7)
(3.04 3.4843524378125e7)
(3.0500000000000003 3.48803334875e7)
(3.06 3.4865608018750004e7)
(3.0700000000000007 3.4908306175e7)
(3.0799999999999996 3.490094458125e7)
(3.0900000000000003 3.491419522187499e7)
(3.1 3.4909778721875e7)
(3.1100000000000003 3.4930389815625e7)
(3.1200000000000006 3.491419522187499e7)
(3.1300000000000003 3.4917139175000004e7)
(3.14 3.4902417128125e7)
(3.15 3.49480592375e7)
(3.1600000000000006 3.4917140315625e7)
(3.1700000000000004 3.49274458625e7)
(3.18 3.491419636249999e7)
(3.190000000000001 3.4930390956250004e7)
(3.2 3.4912723815625e7)
(3.2100000000000004 3.492891955e7)
(3.22 3.49186128625e7)
(3.230000000000001 3.49230293625e7)
(3.2399999999999998 3.4912722675e7)
(3.2500000000000004 3.4928918409375e7)
(3.2600000000000002 3.4925975596875e7)
(3.2700000000000005 3.493333605e7)
(3.28 3.490094344062499e7)
(3.29 3.4912723815625e7)
(3.3000000000000003 3.4908307315625e7)
(3.31 3.49230293625e7)
(3.3200000000000007 3.4915666628125e7)
(3.3299999999999996 3.4921557956250004e7)
(3.3400000000000003 3.4902418268750004e7)
(3.35 3.4930390956250004e7)
(3.3600000000000003 3.4899472034375004e7)
(3.3700000000000006 3.4927445862500004e7)
(3.3800000000000003 3.4917140315625e7)
(3.39 3.4940696503125e7)
(3.4 3.4912723815625e7)
(3.4100000000000006 3.4936280003125e7)
(3.4200000000000004 3.4914197503125e7)
(3.43 3.493480745625e7)
(3.440000000000001 3.4921555675e7)
(3.45 3.495836364375e7)
(3.4600000000000004 3.4940696503125e7)
(3.47 3.496572637812499e7)
(3.480000000000001 3.493922395625e7)
(3.4899999999999998 3.4978975878125e7)
(3.5000000000000004 3.4958364784375e7)
(3.5100000000000002 3.4995172753125e7)
(3.5200000000000005 3.4967197784375e7)
(3.53 3.49863386125e7)
(3.54 3.49819221125e7)
(3.5500000000000003 3.500842339374999e7)
(3.56 3.4990756253125e7)
(3.5700000000000007 3.5021674034375e7)
(3.5799999999999996 3.4981920971875e7)
(3.5900000000000003 3.50054783e7)
(3.6 3.4992229940625004e7)
(3.6100000000000003 3.5031978440625e7)
(3.6200000000000006 3.5005477159375e7)
(3.6300000000000003 3.5020202628125e7)
(3.64 3.5004006893750004e7)
(3.65 3.5020201487500004e7)
(3.6600000000000006 3.500989479999999e7)
(3.6700000000000004 3.50231443e7)
(3.68 3.500253320625e7)
(3.690000000000001 3.5012839893750004e7)
(3.7 3.4992228800000004e7)
(3.709999999999999 3.501283989375e7)
(3.7200000000000006 3.4992227659375e7)
(3.7300000000000004 3.501725753437499e7)
(3.74 3.499370020625e7)
(3.75 3.500400575312499e7)
(3.7600000000000016 3.49819221125e7)
(3.7700000000000005 3.4999589253125e7)
(3.7799999999999994 3.497897587812499e7)
(3.79 3.4993699065625e7)
(3.8000000000000007 3.4978975878125e7)
(3.8100000000000005 3.4978975878125e7)
(3.8200000000000003 3.4965726378125e7)
(3.83 3.496572409687499e7)
(3.84 3.4934808596875e7)
(3.8499999999999996 3.495689451875e7)
(3.8600000000000003 3.49318623625e7)
(3.870000000000001 3.495394714375e7)
(3.88 3.49274458625e7)
(3.8900000000000006 3.493480745625e7)
(3.9000000000000004 3.490977872187499e7)
(3.91 3.4925973315625e7)
(3.92 3.4918611721875e7)
(3.9300000000000006 3.4915666628125e7)
(3.9400000000000013 3.4886220253125e7)
(3.95 3.4906833628125e7)
(3.959999999999999 3.4875915846875e7)
(3.9700000000000006 3.4896528081250004e7)
(3.9800000000000004 3.4864137753125e7)
(3.99 3.4874442159375e7)
(4. 3.485382992499999e7)
(4.010000000000002 3.485824756562499e7)
(4.0200000000000005 3.4837634190625e7)
(4.029999999999999 3.483910787812499e7)
(4.04 3.4822911003125e7)
(4.050000000000001 3.484352437812499e7)
(4.0600000000000005 3.4815549409375004e7)
(4.07 3.4819965909375e7)
(4.08 3.479935595624999e7)
(4.09 3.4803771315625e7)
(4.1 3.4787576721875e7)
(4.11 3.4803771315625e7)
(4.120000000000001 3.476843589375e7)
(4.13 3.4755185253125e7)
(4.140000000000001 3.4747824800000004e7)
(4.15 3.4777270034375e7)
(4.16 3.47463511125e7)
(4.17 3.4736044425e7)
(4.180000000000001 3.47169047375e7)
(4.190000000000001 3.4737516971875004e7)
(4.2 3.4703655237500004e7)
(4.209999999999999 3.47036552375e7)
(4.220000000000001 3.468451555e7)
(4.23 3.470807173749999e7)
(4.24 3.4672735175e7)
(4.25 3.4674207721875e7)
(4.260000000000002 3.466243076875e7)
(4.2700000000000005 3.4659484534375e7)
(4.279999999999999 3.462267656562499e7)
(4.29 3.4638873440625e7)
(4.300000000000001 3.4615317253125e7)
(4.3100000000000005 3.4628566753125e7)
(4.32 3.459617414375e7)
(4.33 3.4596176425e7)
(4.34 3.457556304999999e7)
(4.35 3.4575564190625e7)
(4.36 3.4538756221875e7)
(4.370000000000001 3.454317386249999e7)
(4.38 3.451225608125e7)
(4.390000000000001 3.45122538e7)
(4.4 3.448428111249999e7)
(4.41 3.4478390925e7)
(4.42 3.4454833596875e7)
(4.430000000000001 3.4454835878125e7)
(4.440000000000001 3.4420970721875e7)
(4.45 3.4419498175e7)
(4.459999999999999 3.4398888221875e7)
(4.470000000000001 3.438416389375e7)
(4.48 3.4350301018750004e7)
(4.49 3.43576626125e7)
(4.5 3.432085464375e7)
(4.510000000000002 3.432085464375e7)
(4.5200000000000005 3.4275212534375e7)
(4.529999999999999 3.4267850940625e7)
(4.54 3.42398771125e7)
(4.550000000000001 3.4225155065625004e7)
(4.5600000000000005 3.41854008625e7)
(4.57 3.4169205128125e7)
(4.58 3.4126509253125e7)
(4.59 3.4100007971875e7)
(4.6 3.407350555e7)
(4.61 3.406320000312499e7)
(4.620000000000001 3.3995473112500004e7)
(4.63 3.3967500425e7)
(4.640000000000001 3.393069131562499e7)
(4.65 3.3901243800000004e7)
(4.66 3.384676983125e7)
(4.67 3.3814377221875e7)
(4.680000000000001 3.3764319753125004e7)
(4.690000000000001 3.3720151331250004e7)
(4.7 3.366714876875e7)
(4.709999999999999 3.363475501874999e7)
(4.720000000000001 3.3567030409375e7)
(4.73 3.3534640081249997e7)
(4.74 3.3462496690624997e7)
(4.75 3.3434522862500004e7)
(4.760000000000002 3.3355016737499993e7)
(4.7700000000000005 3.3324098956249997e7)
(4.779999999999999 3.3256372065624993e7)
(4.79 3.3231344471874997e7)
(4.800000000000001 3.3157727393749993e7)
(4.8100000000000005 3.3104725971874997e7)
(4.82 3.3025219846874997e7)
(4.83 3.2992827237499993e7)
(4.84 3.2892712299999993e7)
(4.85 3.286621101875e7)
(4.86 3.27660938e7)
(4.870000000000001 3.2713091237499993e7)
(4.88 3.2643891799999997e7)
(4.890000000000001 3.2568803315624997e7)
(4.9 3.2440713409375e7)
(4.91 3.2364152378124997e7)
(4.92 3.2244895471874997e7)
(4.930000000000001 3.2130055065625e7)
(4.940000000000001 3.198429573749999e7)
(4.95 3.1863568565624993e7)
(4.959999999999999 3.1734002690624997e7)
(4.970000000000001 3.160296883125e7)
(4.98 3.1461626003125e7)
(4.99 3.1354147190624997e7)
(5. 3.1189248174999997e7)
(5.010000000000002 3.1042017440625e7)
(5.0200000000000005 3.0933066081249993e7)
(5.029999999999999 3.0788780440624997e7)
(5.04 3.063713206562499e7)
(5.050000000000001 3.0539958799999993e7)
(5.0600000000000005 3.0388312706249993e7)
(5.07 3.0280831612499997e7)
(5.08 3.0120351378124997e7)
(5.09 3.0009928612499997e7)
(5.1 2.9834722909374997e7)
(5.11 2.9725770409374997e7)
(5.120000000000001 2.9574124315624993e7)
(5.13 2.9469590596875e7)
(5.140000000000001 2.931794108125e7)
(5.15 2.9194265393749993e7)
(5.16 2.9061758987499997e7)
(5.17 2.8933669081249997e7)
(5.180000000000001 2.878202070625e7)
(5.190000000000001 2.8687792534374997e7)
(5.2 2.8521422112499997e7)
(5.209999999999999 2.8405108018749997e7)
(5.220000000000001 2.8251989378124997e7)
(5.23 2.8138619237499993e7)
(5.24 2.8001695190624993e7)
(5.25 2.787507554999999e7)
(5.260000000000002 2.7717538128124997e7)
(5.2700000000000005 2.7643923331249993e7)
(5.279999999999999 2.7483440815624993e7)
(5.29 2.73789082375e7)
(5.300000000000001 2.7240510503125e7)
(5.3100000000000005 2.7121253596875e7)
(5.32 2.696813495625e7)
(5.33 2.6860655003125004e7)
(5.34 2.674139695625e7)
(5.35 2.6577970487500004e7)
(5.36 2.6464602628125e7)
(5.370000000000001 2.6351233628125e7)
(5.38 2.6221671174999997e7)
(5.390000000000001 2.6109774721874997e7)
(5.4 2.597432208125e7)
(5.41 2.58580079875e7)
(5.42 2.5725502721875e7)
(5.430000000000001 2.5613607409375e7)
(5.440000000000001 2.5470792034374997e7)
(5.45 2.5383925456249997e7)
(5.459999999999999 2.5241111221874997e7)
(5.470000000000001 2.513216214375e7)
(5.48 2.4995235815625e7)
(5.49 2.4901008784374993e7)
(5.5 2.4772916596875e7)
(5.510000000000002 2.4634520003124997e7)
(5.5200000000000005 2.45285137375e7)
(5.529999999999999 2.4428396518750004e7)
(5.54 2.4310611018749993e7)
(5.550000000000001 2.4197243159374997e7)
(5.5600000000000005 2.4067679565625004e7)
(5.57 2.3979341581249997e7)
(5.58 2.3836527346875e7)
(5.59 2.3752607003125e7)
(5.6 2.3631876409375004e7)
(5.61 2.352292733125e7)
(5.620000000000001 2.3415447378125e7)
(5.63 2.331091251875e7)
(5.640000000000001 2.3176932425e7)
(5.65 2.3075342659375e7)
(5.66 2.2981114487499997e7)
(5.67 2.2886887456250004e7)
(5.680000000000001 2.274996226875e7)
(5.690000000000001 2.2679292565624997e7)
(5.7 2.2543838784375e7)
(5.709999999999999 2.2459915018750004e7)
(5.720000000000001 2.23524384875e7)
(5.73 2.2262627956249997e7)
(5.74 2.214484245625e7)
(5.75 2.2057975878124997e7)
(5.760000000000002 2.1937245284375e7)
(5.7700000000000005 2.186657558125e7)
(5.779999999999999 2.172376020625e7)
(5.79 2.1661923503125004e7)
(5.800000000000001 2.1538250096875e7)
(5.8100000000000005 2.1454327471875004e7)
(5.82 2.1338015659375004e7)
(5.83 2.1265872268749997e7)
(5.840000000000001 2.1155449503125e7)
(5.85 2.10582762375e7)
(5.86 2.0947853471875e7)
(5.870000000000001 2.0881599128125004e7)
(5.88 2.0769703815624997e7)
(5.890000000000001 2.0688727425e7)
(5.9 2.057241333125e7)
(5.91 2.04929094875e7)
(5.92 2.039426595625e7)
(5.930000000000001 2.0328010471875e7)
(5.940000000000001 2.0226421846874997e7)
(5.95 2.015427845625e7)
(5.959999999999999 2.0027658815625e7)
(5.970000000000001 1.9987905753124997e7)
(5.98 1.9858342159375e7)
(5.99 1.9787672456250004e7)
(6. 1.9677247409375e7)
(6.010000000000002 1.9622773440625e7)
(6.0200000000000005 1.9515295768749997e7)
(6.029999999999999 1.9451984237500004e7)
(6.04 1.9348924206250004e7)
(6.050000000000001 1.92915028625e7)
(6.0600000000000005 1.9188441690625e7)
(6.07 1.91354379875e7)
(6.08 1.9026487768749997e7)
(6.090000000000001 1.8979374253125e7)
(6.1 1.8846864425e7)
(6.109999999999999 1.8807114784375004e7)
(6.120000000000001 1.8712885471874997e7)
(6.13 1.8653992721874997e7)
(6.140000000000001 1.8550931550000004e7)
(6.15 1.850381689375e7)
(6.16 1.8405172221874997e7)
(6.17 1.8349223425e7)
(6.1800000000000015 1.8256468940625e7)
(6.190000000000001 1.8203465237499997e7)
(6.2 1.8079790690625e7)
(6.209999999999999 1.804592895625e7)
(6.220000000000001 1.7954645878125e7)
(6.23 1.791342026875e7)
(6.24 1.781183164375e7)
(6.25 1.7773549987499997e7)
(6.260000000000002 1.7657239315625e7)
(6.2700000000000005 1.7627792940624997e7)
(6.279999999999999 1.7524730628125e7)
(6.290000000000001 1.75011733e7)
(6.300000000000001 1.7392224221875e7)
(6.3100000000000005 1.7358359065624997e7)
(6.32 1.72670759875e7)
(6.33 1.72081832375e7)
(6.340000000000001 1.7125734299999997e7)
(6.35 1.7093342831249997e7)
(6.359999999999999 1.6997643253124997e7)
(6.370000000000001 1.695641764375e7)
(6.38 1.68666071125e7)
(6.390000000000001 1.682685405e7)
(6.4 1.673410070625e7)
(6.41 1.6710541096874997e7)
(6.42 1.6629566987500003e7)
(6.4300000000000015 1.6585396284375e7)
(6.440000000000001 1.6489695565624999e7)
(6.45 1.6458776643749999e7)
(6.459999999999999 1.6379272800000003e7)
(6.470000000000001 1.6352772659374999e7)
(6.48 1.6240873924999999e7)
(6.49 1.6214373784375003e7)
(6.5 1.6148119440625003e7)
(6.510000000000002 1.6099533378125003e7)
(6.5200000000000005 1.6021500940625003e7)
(6.529999999999999 1.5986166659375e7)
(6.540000000000001 1.5916967221874999e7)
(6.550000000000001 1.5850712878125e7)
(6.5600000000000005 1.5778570628125e7)
(6.57 1.5763846299999999e7)
(6.58 1.56696169875e7)
(6.590000000000001 1.5656367487499999e7)
(6.6 1.557391855e7)
(6.609999999999999 1.5545944721875e7)
(6.620000000000001 1.5457605596874999e7)
(6.63 1.5420798768750003e7)
(6.640000000000001 1.5354545565624999e7)
(6.65 1.5323625503124999e7)
(6.66 1.5251480971874999e7)
(6.67 1.521909064375e7)
(6.6800000000000015 1.5135169159375e7)
(6.690000000000001 1.512191851875e7)
(6.7 1.5030636581249999e7)
(6.709999999999999 1.5021802440624999e7)
(6.720000000000001 1.4939352362499999e7)
(6.73 1.4924629175e7)
(6.74 1.482745705e7)
(6.75 1.48127338625e7)
(6.760000000000002 1.4737646518749999e7)
(6.7700000000000005 1.4702309956249999e7)
(6.779999999999999 1.462869401875e7)
(6.790000000000001 1.4612499425e7)
(6.800000000000001 1.4540356034375e7)
(6.8100000000000005 1.4503548065625e7)
(6.82 1.4438766268749999e7)
(6.83 1.4425515628125e7)
(6.840000000000001 1.4343066690625003e7)
(6.85 1.4319510503125e7)
(6.859999999999999 1.4244420878125003e7)
(6.870000000000001 1.4212031690624997e7)
(6.88 1.4160499393749997e7)
(6.890000000000001 1.41339981125e7)
(6.9 1.4042716175e7)
(6.91 1.4039771081250003e7)
(6.92 1.3972044190625e7)
(6.9300000000000015 1.3945542909375e7)
(6.940000000000001 1.3877814878125e7)
(6.95 1.3861621424999999e7)
(6.959999999999999 1.3773282300000003e7)
(6.970000000000001 1.3746781018749999e7)
(6.98 1.3676107893750003e7)
(6.99 1.3658440753124997e7)
(7. 1.3587771049999999e7)
(7.010000000000002 1.35818808625e7)
(7.0200000000000005 1.3511211159374999e7)
(7.029999999999999 1.35009056125e7)
(7.040000000000001 1.3415510440625e7)
(7.050000000000001 1.340814770625e7)
(7.0600000000000005 1.3330116409375003e7)
(7.07 1.3327171315624999e7)
(7.08 1.323883333125e7)
(7.090000000000001 1.3216747409375003e7)
(7.1 1.3156383253125e7)
(7.109999999999999 1.3140188659374999e7)
(7.120000000000001 1.306804526875e7)
(7.13 1.3060682534374999e7)
(7.140000000000001 1.2995901878125e7)
(7.15 1.2973818237499999e7)
(7.16 1.29193419875e7)
(7.17 1.2909034159375e7)
(7.1800000000000015 1.2833946815624999e7)
(7.190000000000001 1.2795667440624997e7)
(7.2 1.273088564375e7)
(7.209999999999999 1.2695550221875e7)
(7.220000000000001 1.2624879378124999e7)
(7.23 1.2593960456249999e7)
(7.24 1.2512984065625e7)
(7.25 1.2495315784375e7)
(7.260000000000002 1.2420227300000003e7)
(7.2700000000000005 1.2371640096874999e7)
(7.279999999999999 1.2286248346875003e7)
(7.290000000000001 1.2270053753124999e7)
(7.300000000000001 1.2193492721875e7)
(7.3100000000000005 1.2155212206250003e7)
(7.32 1.2065400534374999e7)
(7.33 1.20212321125e7)
(7.340000000000001 1.1953506362500003e7)
(7.35 1.1927005081250003e7)
(7.359999999999999 1.1846026409375e7)
(7.370000000000001 1.1806274487499999e7)
(7.38 1.173560364375e7)
(7.390000000000001 1.17046858625e7)
(7.4 1.1614874190625e7)
(7.41 1.1576592534375e7)
(7.42 1.1520647159374999e7)
(7.4300000000000015 1.149119964375e7)
(7.440000000000001 1.1414639753125e7)
(7.45 1.1386665925e7)
(7.459999999999999 1.12880201125e7)
(7.470000000000001 1.1273298065624997e7)
(7.48 1.1201154675e7)
(7.49 1.1187904034375e7)
(7.5 1.1103981409375e7)
(7.510000000000002 1.107159108125e7)
(7.5200000000000005 1.099797514375e7)
(7.529999999999999 1.0970001315624999e7)
(7.540000000000001 1.0908165753125e7)
(7.550000000000001 1.0872829190624999e7)
(7.5600000000000005 1.07918528e7)
(7.57 1.0757989925e7)
(7.58 1.0685846534374999e7)
(7.590000000000001 1.0665233159374999e7)
(7.6 1.0576895175e7)
(7.609999999999999 1.056511708125e7)
(7.620000000000001 1.050033414375e7)
(7.630000000000001 1.0462054768749999e7)
(7.640000000000001 1.0398744378124999e7)
(7.65 1.037813214375e7)
(7.66 1.030009970625e7)
(7.67 1.0270654471874999e7)
(7.6800000000000015 1.0214706815625e7)
(7.690000000000001 1.018820439375e7)
(7.7 1.0116062143749999e7)
(7.71 1.0088088315624999e7)
(7.719999999999998 1.0029194425e7)
(7.7299999999999995 1.0020361424999999e7)
(7.740000000000001 9.945272940624999e6)
(7.749999999999999 9.930552034374999e6)
(7.760000000000001 9.864295409375e6)
(7.7700000000000005 9.823073221874999e6)
(7.78 9.775956284375e6)
(7.790000000000002 9.762706784375e6)
(7.8 9.680255565625e6)
(7.81 9.667008346875e6)
(7.820000000000003 9.615474909375e6)
(7.830000000000001 9.586029675000003e6)
(7.840000000000001 9.524192971874999e6)
(7.8500000000000005 9.516829096875e6)
(7.8599999999999985 9.44615939375e6)
(7.87 9.422604346874999e6)
(7.88 9.375489690624999e6)
(7.89 9.35340376875e6)
(7.900000000000001 9.285678018749999e6)
(7.910000000000001 9.278316425e6)
(7.920000000000001 9.219424815625e6)
(7.930000000000002 9.19292239375e6)
(7.94 9.132557096875e6)
(7.95 9.119307596875e6)
(7.96 9.0736654875e6)
(7.969999999999998 9.050108159375003e6)
(7.9799999999999995 8.982380128124999e6)
(7.990000000000001 8.9764933625e6)
(7.999999999999999 8.910239018749999e6)
(8.01 8.907293924999999e6)
(8.02 8.835150534375e6)
(8.03 8.82189989375e6)
(8.040000000000001 8.757118096874999e6)
(8.049999999999999 8.749756503125e6)
(8.059999999999999 8.679085659374999e6)
(8.070000000000002 8.6687801125e6)
(8.08 8.626083096875e6)
(8.09 8.62461055e6)
(8.1 8.552469440625e6)
(8.109999999999998 8.55835620625e6)
(8.12 8.49799205e6)
(8.129999999999999 8.493574409375e6)
(8.139999999999999 8.43615420625e6)
(8.15 8.418487065625e6)
(8.16 8.364011956250002e6)
(8.17 8.341927175000001e6)
(8.180000000000001 8.311009393750002e6)
(8.19 8.299231300000001e6)
(8.2 8.244753909375002e6)
(8.209999999999999 8.232974675000002e6)
(8.219999999999997 8.190278800000002e6)
(8.229999999999999 8.181445800000003e6)
(8.24 8.122553050000001e6)
(8.249999999999998 8.109300128125e6)
(8.26 8.076910940625e6)
(8.27 8.06071520625e6)
(8.28 8.010656596875e6)
(8.290000000000001 8.000351050000001e6)
(8.299999999999999 7.957654034375001e6)
(8.309999999999999 7.953235253125002e6)
(8.320000000000002 7.884036956250001e6)
(8.33 7.891400831250001e6)
(8.34 7.848703815625001e6)
(8.35 7.836924581250001e6)
(8.359999999999998 7.789811065625001e6)
(8.37 7.779504378125001e6)
(8.379999999999999 7.73386226875e6)
(8.389999999999999 7.723556721875001e6)
(8.4 7.685277346875001e6)
(8.41 7.6734981125e6)
(8.42 7.619021862500001e6)
(8.430000000000001 7.610188862500001e6)
(8.44 7.557186300000001e6)
(8.45 7.563073065625e6)
(8.459999999999999 7.530683878125001e6)
(8.469999999999997 7.49093195625e6)
(8.479999999999999 7.445288706250002e6)
(8.49 7.452651440625e6)
(8.499999999999998 7.396701503125e6)
(8.51 7.401120284375e6)
(8.52 7.351062815624999e6)
(8.53 7.3613683625e6)
(8.540000000000001 7.292170065625001e6)
(8.549999999999999 7.283335925e6)
(8.559999999999999 7.230331081250001e6)
(8.570000000000002 7.250944456249999e6)
(8.58 7.189107753125001e6)
(8.59 7.184691253125001e6)
(8.6 7.131686409375002e6)
(8.609999999999998 7.156716284375001e6)
(8.62 7.10076976875e6)
(8.629999999999999 7.100768628125002e6)
(8.639999999999999 7.050711159375001e6)
(8.65 7.038931925000002e6)
(8.66 6.993288675e6)
(8.67 6.98003689375e6)
(8.680000000000001 6.960900628125e6)
(8.69 6.940287253124999e6)
(8.7 6.89464514375e6)
(8.709999999999999 6.902007878125001e6)
(8.719999999999997 6.859309721875001e6)
(8.729999999999999 6.8548943625e6)
(8.74 6.803360925e6)
(8.749999999999998 6.796000471875001e6)
(8.76 6.751832050000001e6)
(8.77 6.766554096875001e6)
(8.78 6.715024081250001e6)
(8.790000000000001 6.720913128125001e6)
(8.799999999999999 6.666436878125001e6)
(8.809999999999999 6.669380831250001e6)
(8.820000000000002 6.628156362500001e6)
(8.83 6.641407003125001e6)
(8.84 6.592822081250001e6)
(8.85 6.600182534375001e6)
(8.859999999999998 6.517733596875001e6)
(8.87 6.528039143750001e6)
(8.879999999999999 6.498593909375001e6)
(8.889999999999999 6.508900596875e6)
(8.9 6.458841987500001e6)
(8.91 6.455898034375001e6)
(8.92 6.4131987375e6)
(8.930000000000001 6.427921925e6)
(8.94 6.374918221875e6)
(8.95 6.385224909375e6)
(8.959999999999999 6.341055346875001e6)
(8.969999999999997 6.351362034375001e6)
(8.979999999999999 6.304248518750001e6)
(8.99 6.302775971875001e6)
(8.999999999999998 6.257135003125001e6)
(9.01 6.265966862500002e6)
(9.02 6.236520487500001e6)
(9.03 6.239465581250001e6)
(9.040000000000001 6.1952983e6)
(9.049999999999999 6.210020346875001e6)
(9.059999999999999 6.168794737500001e6)
(9.070000000000002 6.179101425000002e6)
(9.08 6.139349503125e6)
(9.09 6.140822050000001e6)
(9.1 6.098123893750001e6)
(9.109999999999998 6.109904268750001e6)
(9.12 6.080459034375e6)
(9.129999999999999 6.081929300000002e6)
(9.139999999999999 6.043649925000001e6)
(9.15 6.061318206250001e6)
(9.16 6.027454190625001e6)
(9.17 6.025981643750001e6)
(9.180000000000001 5.97150539375e6)
(9.19 5.968561440625001e6)
(9.2 5.896418050000001e6)
(9.209999999999999 5.905251050000002e6)
(9.219999999999997 5.894945503125e6)
(9.229999999999999 5.917031425000001e6)
(9.24 5.877278362500001e6)
(9.249999999999998 5.89788945625e6)
(9.26 5.868445362500001e6)
(9.27 5.8772783625e6)
(9.28 5.850777081250001e6)
(9.290000000000001 5.846359440625e6)
(9.299999999999999 5.809550331250001e6)
(9.309999999999999 5.812497706250001e6)
(9.320000000000002 5.787466690625001e6)
(9.33 5.794829425000001e6)
(9.34 5.769798409375001e6)
(9.35 5.781577643750001e6)
(9.359999999999998 5.725628846875e6)
(9.37 5.722686034375001e6)
(9.379999999999999 5.699128706250001e6)
(9.389999999999999 5.728575081250001e6)
(9.4 5.672628565625001e6)
(9.41 5.687350612500001e6)
(9.42 5.653486596875002e6)
(9.430000000000001 5.640235956250002e6)
(9.44 5.621095128125e6)
(9.45 5.647598690625001e6)
(9.459999999999999 5.604900534375e6)
(9.469999999999997 5.6122609875e6)
(9.479999999999999 5.565149753125002e6)
(9.49 5.582815753125001e6)
(9.499999999999998 5.554843065625001e6)
(9.51 5.560732112499999e6)
(9.52 5.538646190625e6)
(9.53 5.547480331250001e6)
(9.540000000000001 5.512146050000001e6)
(9.549999999999999 5.52539555e6)
(9.559999999999999 5.478282034375e6)
(9.570000000000002 5.493005221875001e6)
(9.58 5.463558846875e6)
(9.59 5.4723929875e6)
(9.6 5.437057565625e6)
(9.609999999999998 5.448835659375002e6)
(9.62 5.425279471875e6)
(9.629999999999999 5.437056425e6)
(9.639999999999999 5.401721003125e6)
(9.65 5.401722143750001e6)
(9.66 5.376692268750001e6)
(9.67 5.375218581250001e6)
(9.680000000000001 5.373749456250001e6)
(9.69 5.370803221875001e6)
(9.7 5.350190987500001e6)
(9.709999999999999 5.328105065625001e6)
(9.719999999999997 5.308965378125001e6)
(9.729999999999999 5.325162253125e6)
(9.74 5.285408050000001e6)
(9.749999999999998 5.286881737500001e6)
(9.76 5.285408050000001e6)
(9.77 5.28393664375e6)
(9.78 5.264795815625001e6)
(9.790000000000001 5.257434221875e6)
(9.799999999999999 5.242713315625e6)
(9.809999999999999 5.23976708125e6)
(9.820000000000002 5.22504389375e6)
(9.83 5.23093408125e6)
(9.84 5.195597518750001e6)
(9.85 5.2176823e6)
(9.859999999999998 5.174984143750001e6)
(9.87 5.1646797375e6)
(9.879999999999999 5.157317003125001e6)
(9.889999999999999 5.179404065625001e6)
(9.9 5.132289409375001e6)
(9.91 5.145537768750002e6)
(9.92 5.117567362500001e6)
(9.930000000000001 5.127871768750002e6)
(9.94 5.10284189375e6)
(9.95 5.113147440625001e6)
(9.959999999999999 5.0866473e6)
(9.969999999999997 5.082230800000001e6)
(9.979999999999999 5.054256971875001e6)
(9.99 5.092535206250001e6)
(9.999999999999998 5.066033925e6)
(10.01 5.07045270625e6)
(10.02 5.036588690625e6)
(10.03 5.049838190625001e6)
(10.040000000000001 5.032172190625001e6)
(10.049999999999999 5.032172190625001e6)
(10.059999999999999 5.010087409375001e6)
(10.070000000000002 5.01597645625e6)
(10.08 4.99683676875e6)
(10.09 4.977695940624999e6)
(10.1 4.9688618e6)
(10.109999999999998 4.974753128125e6)
(10.12 4.960028800000001e6)
(10.129999999999999 4.968860659375e6)
(10.139999999999999 4.936472612500001e6)
(10.15 4.955612300000001e6)
(10.16 4.934998925e6)
(10.17 4.932054971875001e6)
(10.180000000000001 4.911442737500001e6)
(10.19 4.905553690625001e6)
(10.2 4.896718409375001e6)
(10.209999999999999 4.90849764375e6)
(10.219999999999997 4.884940315625001e6)
(10.229999999999999 4.879050128125001e6)
(10.24 4.874633628125e6)
(10.249999999999998 4.879050128125001e6)
(10.26 4.859910440625e6)
(10.27 4.862856675000001e6)
(10.28 4.840771893750001e6)
(10.290000000000001 4.861381846875e6)
(10.299999999999999 4.826047565625e6)
(10.309999999999999 4.828992659375002e6)
(10.320000000000002 4.814269471875001e6)
(10.33 4.82310133125e6)
(10.34 4.801018831250001e6)
(10.35 4.820156237500001e6)
(10.359999999999998 4.780406596875e6)
(10.37 4.796601190625001e6)
(10.379999999999999 4.786297925e6)
(10.389999999999999 4.786296784375e6)
(10.4 4.758321815625e6)
(10.41 4.773046143750001e6)
(10.42 4.755375581250001e6)
(10.430000000000001 4.756850409375001e6)
(10.44 4.733291940625001e6)
(10.45 4.745071175000002e6)
(10.459999999999999 4.709735753125001e6)
(10.469999999999997 4.730346846875001e6)
(10.479999999999999 4.711207159375e6)
(10.49 4.708264346875001e6)
(10.499999999999998 4.695012565625001e6)
(10.51 4.697956518750001e6)
(10.52 4.677344284375001e6)
(10.53 4.675872878125001e6)
(10.540000000000001 4.6626222375e6)
(10.549999999999999 4.683233331250001e6)
(10.559999999999999 4.631704456250001e6)
(10.570000000000002 4.662619956250002e6)
(10.58 4.639064909375001e6)
(10.59 4.65231555e6)
(10.6 4.608145987500001e6)
(10.609999999999998 4.637591221875002e6)
(10.62 4.594895346875e6)
(10.629999999999999 4.61992408125e6)
(10.639999999999999 4.589006300000001e6)
(10.65 4.611089940625e6)
(10.66 4.591951393750002e6)
(10.67 4.589006300000001e6)
(10.680000000000001 4.5742831125e6)
(10.69 4.578700753125e6)
(10.7 4.556615971875001e6))