0.	141695.92	100000.	100000.
0.010000000000000009	349291.95125	100000.	100000.
0.020000000000000018	696755.9825	100000.	100000.
0.030000000000000027	966189.8574999999	100000.	100000.
0.03999999999999998	1.515363154375e6	100000.	100000.
0.04999999999999999	2.0969256387500002e6	100000.	100000.
0.06	2.90963920125e6	100000.	100000.
0.07	4.0359584825e6	134627.33	100000.
0.08000000000000002	4.926706763750001e6	365779.54875	100000.
0.09000000000000002	5.913154623125e6	1.0459878456250001e6	100000.
0.10000000000000003	7.060084998124999e6	2.1016340018750005e6	137043.35625
0.10999999999999993	8.043588904375e6	3.0954445956250005e6	148821.45
0.12000000000000005	9.57920892e6	4.697320095625e6	273967.403125
0.12999999999999995	1.2202866560625002e7	8.032103814375e6	1.811059965625e6
0.14000000000000007	1.6172217607499998e7	1.4391014048750004e7	4.23595685625e6
0.14999999999999997	2.401227388875e7	2.405968154875e7	1.3928180543750003e7
0.1600000000000001	3.0918884873124998e7	3.022277384562499e7	2.1629839090625e7
0.16999999999999998	3.4135884232499994e7	3.40316435175e7	2.7491107184374996e7
0.18	3.6806655388749994e7	3.573216254875e7	3.1160106575000003e7
0.19	3.7654707795e7	3.7073436033125e7	3.2962215371874996e7
0.2	3.8508646966875e7	3.8031912345625006e7	3.479965845e7
0.21000000000000002	3.8898810295e7	3.854280398625e7	3.5597652246875e7
0.22000000000000003	3.9116711873125e7	3.8815181814375e7	3.6286693543749996e7
0.22999999999999998	3.9181492529375e7	3.8996276564375e7	3.6684217324999996e7
0.24000000000000005	3.9191799216875e7	3.89992205175e7	3.692125973124999e7
0.25	3.9175604623124994e7	3.901688879874999e7	3.700812745e7
0.2599999999999999	3.9150574748124994e7	3.8922660626875e7	3.7068490465624996e7
0.27	3.910640632625e7	3.888290642375e7	3.7046405684374996e7
0.28000000000000014	3.9057820263749994e7	3.8754817658125e7	3.704935077812499e7
0.29000000000000004	3.900039892e7	3.8669422486250006e7	3.6975735981249996e7
0.29999999999999993	3.8965063498125e7	3.8522191751875e7	3.6953650059375e7
0.31000000000000005	3.89223664825e7	3.8423545939375006e7	3.689034195e7
0.3200000000000002	3.8878196919999994e7	3.8246869970625e7	3.6865310934374996e7
0.32999999999999996	3.8806053529375e7	3.814233511125e7	3.67784466375e7
0.33999999999999997	3.8775134607499994e7	3.7959768955e7	3.675636185624999e7
0.35	3.872507827937499e7	3.7816954720625e7	3.6656244637499996e7
0.36	3.8672073435624994e7	3.7618192830000006e7	3.662826852812499e7
0.37	3.8613181826249994e7	3.7493046876875e7	3.6544349324999996e7
0.38	3.8579317810625e7	3.7306061939375e7	3.6514901809374996e7
0.39	3.8521897607499994e7	3.7167665345625e7	3.641478345e7
0.4	3.8468895044999994e7	3.6974792501875e7	3.63823942625e7
0.41000000000000003	3.8405585794999994e7	3.6840812408125006e7	3.6285220996874996e7
0.42000000000000004	3.8352582091874994e7	3.6653829751875e7	3.6243997668749996e7
0.43000000000000005	3.8298105841875e7	3.6530155205e7	3.6118850574999996e7
0.44000000000000006	3.825688251375e7	3.6349061595625006e7	3.6086460246875e7
0.45000000000000007	3.8200934857499994e7	3.6254832283125e7	3.5949533918749996e7
0.45999999999999996	3.8170015935624994e7	3.606784848625e7	3.5898005043749996e7
0.46999999999999986	3.8109650638749994e7	3.593533979874999e7	3.5756663356249996e7
0.48	3.8081676810625e7	3.579547179875e7	3.569188041875e7
0.4900000000000001	3.8030146795e7	3.570418758e7	3.5521092356249996e7
0.5	3.800217182625e7	3.5542232517500006e7	3.54754513875e7
0.5099999999999999	3.79359174825e7	3.5442115298750006e7	3.530171823125e7
0.52	3.79108876075e7	3.529930448625e7	3.5225158340624996e7
0.5300000000000001	3.7866719185624994e7	3.520507517375e7	3.5060257043749996e7
0.54	3.7843164138749994e7	3.5059316986250006e7	3.4980754340624996e7
0.5499999999999999	3.7803411076249994e7	3.497097786125e7	3.4829107106249996e7
0.5600000000000002	3.7775434966874994e7	3.4836996626875e7	3.4758436262499996e7
0.5700000000000002	3.7745990873125e7	3.476338183e7	3.459500979375e7
0.5800000000000001	3.7720960998125e7	3.461467854875e7	3.4480168246874996e7
0.59	3.7688569529374994e7	3.4542535158125006e7	3.4356493699999996e7
0.6	3.767531888875e7	3.440413742375e7	3.428435030937501e7
0.61	3.76326207325e7	3.4355552501875e7	3.411650619999999e7
0.62	3.7585507216874994e7	3.420537667375e7	3.4038474903125e7
0.63	3.75428124825e7	3.4147955330000006e7	3.3888299075e7
0.64	3.7551644341874994e7	3.401397523625e7	3.379554230937499e7
0.65	3.7532506935625e7	3.3953609939375e7	3.3648311574999996e7
0.66	3.7511892419999994e7	3.38166858925e7	3.355408454375e7
0.67	3.7486863685624994e7	3.374454136125e7	3.339507571562499e7
0.68	3.7457417310624994e7	3.36135086425e7	3.330526404374999e7
0.6900000000000001	3.74294434825e7	3.3563447751875006e7	3.3175700449999996e7
0.7000000000000001	3.7416192841875e7	3.3438301798750006e7	3.3081471137499996e7
0.71	3.7388220154375e7	3.3389716876875e7	3.292687994999999e7
0.7199999999999999	3.737791232625e7	3.3251318001875006e7	3.2835596871875e7
0.7300000000000001	3.7357298951249994e7	3.3196842892500002e7	3.2692783778125e7
0.7400000000000001	3.7336686716875e7	3.3061389111250002e7	3.261033484062499e7
0.75	3.7308714029374994e7	3.3003972330000002e7	3.243365659062499e7
0.76	3.7298407341875e7	3.2881769189375e7	3.2373290153125e7
0.7699999999999998	3.727632370125e7	3.2812570892500006e7	3.22128076375e7
0.78	3.7246876185625e7	3.2687422658125002e7	3.2115637793749996e7
0.79	3.7233626685624994e7	3.2649144423750002e7	3.194631999687499e7
0.8	3.7220376045e7	3.2504856501875e7	3.1877122840625003e7
0.8100000000000003	3.7183566935625e7	3.2468049673750002e7	3.172400191875e7
0.8200000000000001	3.7182094388749994e7	3.2342901439375e7	3.163713648125e7
0.8300000000000001	3.7146758966875e7	3.2270760330000002e7	3.1472236324999996e7
0.8400000000000001	3.7143815013749994e7	3.2155918783124994e7	3.1388315981250003e7
0.8499999999999999	3.7112897232499994e7	3.2102915080000002e7	3.1201332184375003e7
0.8600000000000001	3.7095227810624994e7	3.195568548625e7	3.1132131606250003e7
0.8700000000000001	3.7083448576249994e7	3.1882070689375002e7	3.095692818437499e7
0.8800000000000001	3.7074617857499994e7	3.176134123625e7	3.0887729887499996e7
0.8900000000000003	3.7046641748124994e7	3.1736311361249994e7	3.070516373125e7
0.9000000000000001	3.7040752701249994e7	3.1611164267500002e7	3.0619769699999996e7
0.9099999999999999	3.7017195373125e7	3.1539022017499994e7	3.045045304375e7
0.9199999999999999	3.6989222685625e7	3.1410928689375002e7	3.0332667543749996e7
0.9299999999999999	3.69818622325e7	3.1366761408125e7	3.01839642625e7
0.9399999999999997	3.6967137904375e7	3.124161317375e7	3.0089736090624996e7
0.95	3.6942108029375e7	3.1169469783125e7	2.9924837075e7
0.96	3.693180134187499e7	3.104285242375e7	2.982177704375e7
0.97	3.6912662794999994e7	3.0966291392500002e7	2.96465702e7
0.9800000000000002	3.6896468201249994e7	3.0845561939375002e7	2.9537621121874996e7
0.99	3.688763292e7	3.0795504470625002e7	2.9383026512499996e7
1.	3.687879992e7	3.0660050689375002e7	2.9272606028125e7
1.01	3.6853768904374994e7	3.059821398625e7	2.9097401465625e7
1.0199999999999998	3.68390468575e7	3.0459817392500002e7	2.8984031324999996e7
1.03	3.681549067e7	3.0406813689375e7	2.8816187215625e7
1.04	3.68140169825e7	3.0272833595625002e7	2.8716072278124996e7
1.05	3.6793405888749994e7	3.0209523205000002e7	2.852908848124999e7
1.0600000000000003	3.6778681560624994e7	3.0072599158125e7	2.8436332856249996e7
1.07	3.676837601375e7	3.0012233861250006e7	2.8244931418749996e7
1.08	3.6762485826249994e7	2.987236358e7	2.8109481059375e7
1.09	3.6725678998125e7	2.981641820500001e7	2.7953412762499996e7
1.0999999999999999	3.6735984545e7	2.9673602830000002e7	2.7854770371875007e7
1.11	3.6706537029375e7	2.9617654033125e7	2.765453479374999e7
1.12	3.6696231482499994e7	2.9474842080000002e7	2.7542638340625e7
1.1300000000000001	3.667267643562501e7	2.9401225001875002e7	2.7360073325e7
1.1400000000000003	3.668445338875e7	2.9277551595624994e7	2.7236398778125003e7
1.1500000000000001	3.6646172873125e7	2.9211297251875002e7	2.7050887528125e7
1.16	3.664175751375e7	2.9062593970625e7	2.6940464762500003e7
1.17	3.6607893498125e7	2.9000756126875002e7	2.675642491875e7
1.18	3.6603476998124994e7	2.8840274751875006e7	2.6594472137500003e7
1.1899999999999997	3.6602004451249994e7	2.8787271048750002e7	2.6438406121875e7
1.2	3.6585808716874994e7	2.8637095220625002e7	2.6325038262500003e7
1.21	3.6556362341875e7	2.8569368330000002e7	2.6135109371875e7
1.22	3.65651964825e7	2.8420666189375002e7	2.6009962278125e7
1.2300000000000002	3.654458538875e7	2.8364718533125e7	2.5796478340624996e7
1.24	3.6535751248124994e7	2.8202764611250002e7	2.5663969653125e7
1.25	3.6513666466874994e7	2.8140926767500002e7	2.5472570496874996e7
1.26	3.65063037325e7	2.8002531314375002e7	2.5348895950000007e7
1.2699999999999998	3.6495999326249994e7	2.792302404875e7	2.5154551700000003e7
1.28	3.6484220091874994e7	2.7762541533125002e7	2.501320773125e7
1.29	3.6463607857499994e7	2.7699235705000002e7	2.484830985625e7
1.3	3.6463605576249994e7	2.7557890595625006e7	2.4718746262500003e7
1.3100000000000003	3.6440050529374994e7	2.747397139250001e7	2.4490537996875e7
1.32	3.6440050529374994e7	2.7323795564375e7	2.4362448090625003e7
1.33	3.6406186513749994e7	2.7228094845625002e7	2.4169575246875003e7
1.34	3.642532620125e7	2.7097058705000002e7	2.40311775125e7
1.3499999999999999	3.6403241419999994e7	2.7005775626875e7	2.383830466875e7
1.36	3.6391464466875e7	2.6851182158125002e7	2.3701380621875e7
1.3700000000000003	3.6372322498124994e7	2.67834552675e7	2.348200535625e7
1.3800000000000001	3.6379685232499994e7	2.66347542675e7	2.3318578887500003e7
1.3900000000000003	3.6356129044999994e7	2.6549359095625002e7	2.3158098653125003e7
1.4000000000000001	3.6354655357499994e7	2.6381516126875e7	2.3022642590624996e7
1.4100000000000001	3.6326683810625e7	2.6309370455e7	2.2797380559375e7
1.42	3.6326682669999994e7	2.6151835314375e7	2.26516235125e7
1.43	3.6301651654375e7	2.6063496189375002e7	2.2438136153125e7
1.4399999999999997	3.631343088875e7	2.5910375267500002e7	2.2317407840625003e7
1.45	3.6256011826249994e7	2.5814674548749994e7	2.2089199575000003e7
1.4600000000000002	3.6276624060625e7	2.5655665720625002e7	2.1978776809375e7
1.47	3.6256011826249994e7	2.556732773625e7	2.1735844215625e7
1.4800000000000002	3.6256011826249994e7	2.5403901267500002e7	2.1588613481250003e7
1.49	3.6216259904375e7	2.532586883e7	2.1397212043750003e7
1.5	3.6238344685625e7	2.5149191720625002e7	2.1230841621875003e7
1.51	3.6213315951249994e7	2.5069685595625e7	2.103207973125e7
1.5199999999999998	3.6219202716874994e7	2.4894481033125002e7	2.0871599496875e7
1.53	3.6189756341874994e7	2.4800254001875e7	2.0655168184375003e7
1.5399999999999998	3.6195646529374994e7	2.4650077033125002e7	2.0521188090625003e7
1.55	3.6157367154374994e7	2.4547015861250002e7	2.0281202871875e7
1.5600000000000003	3.6161783654374994e7	2.4388007033125e7	2.0136914950000003e7
1.57	3.6161782513749994e7	2.4286416126875006e7	1.9941098153125e7
1.58	3.614411651375e7	2.4131823798750002e7	1.9761474809375e7
1.59	3.6119087779375e7	2.4024346126875002e7	1.9550935965625e7
1.5999999999999999	3.612644937312501e7	2.3857974564375006e7	1.9386036950000003e7
1.61	3.611467013875e7	2.3762273845625002e7	1.9184329965625003e7
1.6200000000000003	3.6101419498125e7	2.3588540689375002e7	1.9032681590625e7
1.6300000000000001	3.6077861029375e7	2.3482536705000006e7	1.8810362371875003e7
1.6400000000000003	3.60631389825e7	2.3320580501875002e7	1.8642518262500003e7
1.6500000000000001	3.6045469560624994e7	2.3214575376875002e7	1.8443756371875e7
1.6600000000000001	3.6055777388749994e7	2.30555642675e7	1.8295055371875003e7
1.67	3.6042525607499994e7	2.2956919595624994e7	1.8058011825e7
1.68	3.6032220060624994e7	2.278024248625e7	1.788427866875e7
1.6899999999999997	3.6016025466875e7	2.2674237361250002e7	1.7692878371875e7
1.7	3.601160782625e7	2.2507864658125006e7	1.7560370825e7
1.7100000000000002	3.599246813875e7	2.24062748925e7	1.7324800965625003e7
1.72	3.5995413232499994e7	2.2223709876875002e7	1.7140761121875e7
1.7300000000000002	3.5967439404374994e7	2.2111813423750002e7	1.6939056418750003e7
1.74	3.5960077810625e7	2.19336637675e7	1.6777100215625001e7
1.75	3.5930630294999994e7	2.1839435595625002e7	1.6550365637500001e7
1.7600000000000002	3.594682717e7	2.167748167375e7	1.6413441590625001e7
1.77	3.5915907107499994e7	2.15670577675e7	1.6192592637500003e7
1.7800000000000007	3.59114906075e7	2.1387436705000002e7	1.6017386934375001e7
1.7899999999999996	3.5886461873124994e7	2.1287319486250002e7	1.5802430450000003e7
1.8000000000000003	3.5889404685624994e7	2.1097390595625002e7	1.5658144809375e7
1.81	3.5862903404374994e7	2.0998745923750002e7	1.5415214496875001e7
1.8199999999999998	3.5862905685624994e7	2.0807345626875e7	1.5256203387499997e7
1.83	3.5824625169999994e7	2.0702810767500002e7	1.5055967809375e7
1.8399999999999999	3.5846708810625e7	2.0520245751875002e7	1.4895487575e7
1.85	3.5812845935625e7	2.0415712033125006e7	1.4671695809375001e7
1.8599999999999999	3.5830515357499994e7	2.0228727095625006e7	1.4525936481250001e7
1.8700000000000006	3.5787817201249994e7	2.0130082423750002e7	1.4294785403125001e7
1.8799999999999994	3.577898420125e7	1.9934265626875002e7	1.4129886387500001e7
1.8900000000000001	3.5762788466875e7	1.9835620955e7	1.392670685625e7
1.9	3.5759841091874994e7	1.9645692064375002e7	1.37573902e7
1.9100000000000001	3.5743647638749994e7	1.9549993626875e7	1.35483227625e7
1.92	3.5725980498124994e7	1.9368897736250002e7	1.339520298125e7
1.9300000000000002	3.5709782482499994e7	1.9255531017500002e7	1.3172883762500001e7
1.94	3.5705367123125e7	1.9071493455000002e7	1.3022707934375001e7
1.9499999999999997	3.567592188875e7	1.8937511080000002e7	1.2803333809374997e7
1.9600000000000004	3.5670031701249994e7	1.87711395175e7	1.2641378746875001e7
1.9700000000000002	3.5665615201249994e7	1.8659244205000002e7	1.2423478309375001e7
1.98	3.5646474373124994e7	1.8479622001875002e7	1.2274775028125e7
1.9900000000000002	3.5628807232499994e7	1.832502967375e7	1.2067177856249997e7
2.	3.5618499404375e7	1.8166019705e7	1.1905223934375e7
2.0100000000000002	3.55905278575e7	1.8065903626875e7	1.1703518090625001e7
2.02	3.558169257625e7	1.7865668048750002e7	1.1541565309375001e7
2.0300000000000007	3.5559608935624994e7	1.7749356236250002e7	1.1326605403125001e7
2.0399999999999996	3.5564025435625e7	1.7574151673750002e7	1.1189680215624997e7
2.0500000000000003	3.5528690013749994e7	1.7454894767500002e7	1.096147195e7
2.06	3.553310651375e7	1.7264965876875002e7	1.0815714903125001e7
2.07	3.5499243638749994e7	1.7151599158125002e7	1.0608118871875001e7
2.08	3.5506604091874994e7	1.6951363580000002e7	1.0468248590625001e7
2.09	3.545801917e7	1.6864497001875002e7	1.0260652559375001e7
2.1	3.5474216044999994e7	1.667604179875e7	1.0116365778125e7
2.11	3.5432990435624994e7	1.6561200251874996e7	9.902881840625e6
2.1200000000000006	3.5421211201249994e7	1.6366856001875e7	9.75565110625e6
2.1299999999999994	3.5372626279375e7	1.624171004875e7	9.548055075000001e6
2.14	3.539029113875e7	1.6048837204999998e7	9.384627465625e6
2.15	3.5369681185624994e7	1.592810661125e7	9.197643668750001e6
2.16	3.5353484310625e7	1.5767626376875004e7	9.071026309375e6
2.17	3.533140067e7	1.5649840876874996e7	8.847234543749997e6
2.18	3.5321093982499994e7	1.5461385673750002e7	8.727976496875e6
2.19	3.53004806075e7	1.534507158e7	8.518909059374997e6
2.1999999999999997	3.5301953154375e7	1.5163979111250002e7	8.36579041875e6
2.2100000000000004	3.5246005498124994e7	1.5052081517500002e7	8.192056121875002e6
2.22	3.5240117591874994e7	1.487098904875e7	8.044824246874999e6
2.23	3.520919867e7	1.4717866986249998e7	7.854897637499999e6
2.24	3.520772726375e7	1.4575053892499998e7	7.722387809375e6
2.25	3.516208401374999e7	1.44616848925e7	7.5354040125e6
2.2600000000000002	3.5159140060625e7	1.4245254720625e7	7.404367871875e6
2.27	3.5141470638749994e7	1.4151028830000004e7	7.218858903125e6
2.2800000000000007	3.512822113875e7	1.3972878033125002e7	7.076043528124998e6
2.2899999999999996	3.5076691123124994e7	1.3844786986249998e7	6.900838965625001e6
2.3000000000000003	3.5088469216875e7	1.3678417704999998e7	6.7845260125e6
2.31	3.5042827107499994e7	1.3553268330000002e7	6.584292715625e6
2.32	3.5048716154375e7	1.3378063767499998e7	6.456201668749999e6
2.33	3.500749282625e7	1.32514452675e7	6.279522278125001e6
2.34	3.5013381873124994e7	1.308801879875e7	6.19265798125e6
2.35	3.4951544029374994e7	1.299232036125e7	5.983590543749999e6
2.36	3.496626721687499e7	1.2793556189375e7	5.859914856249999e6
2.3700000000000006	3.49162086075e7	1.2681660876875e7	5.696488387500001e6
2.3799999999999994	3.4913264654375e7	1.2512346501874998e7	5.584593075000001e6
2.39	3.4858788404374994e7	1.2406340236250002e7	5.413803871875e6
2.4	3.4861732357499994e7	1.2219357580000002e7	5.325467028125e6
2.41	3.4801368201249994e7	1.2107459986250002e7	5.144372278125e6
2.42	3.4813145154375e7	1.1938143329999998e7	5.0295330125e6
2.43	3.4766032779375e7	1.1845389986250002e7	4.888190184375e6
2.44	3.476603163875001e7	1.1655461095625e7	4.77629373125e6
2.4499999999999997	3.4705666341875e7	1.1524424955e7	4.60697935625e6
2.4600000000000004	3.471597645125e7	1.13830832675e7	4.508335825e6
2.47	3.4648249560624994e7	1.12608812675e7	4.364047903125e6
2.48	3.4654138607499994e7	1.108273161125e7	4.237429403125e6
2.49	3.4599661216875e7	1.0994393626875e7	4.11228116875e6
2.5	3.4595244716875e7	1.0819189064375002e7	4.020999231250001e6
2.5100000000000002	3.4551076295e7	1.0727904845625002e7	3.851683715625e6
2.52	3.4546658654375e7	1.0549756330000002e7	3.7795391843750007e6
2.5300000000000007	3.4478931763749994e7	1.0446694017499998e7	3.6102236687500007e6
2.5399999999999996	3.4486294498124994e7	1.0280322455000002e7	3.5233582312500007e6
2.5500000000000003	3.4425930341874994e7	1.018315033e7	3.3717109968749997e6
2.56	3.4437708435624994e7	1.0012361126875002e7	3.2583431374999997e6
2.57	3.4372926638749994e7	9.92696823625e6	3.1184728562499997e6
2.58	3.435672976375e7	9.744400939375e6	3.0080489499999997e6
2.59	3.4314032748124994e7	9.65753436125e6	2.8431510749999997e6
2.6	3.4306672294999994e7	9.483802345625002e6	2.7371448093749997e6
2.61	3.4252196044999994e7	9.393990673750002e6	2.57960510625e6
2.6200000000000006	3.42374728575e7	9.229092798749998e6	2.4662383874999997e6
2.6299999999999994	3.417121851375e7	9.1436987675e6	2.3028119187499997e6
2.64	3.4188886795e7	8.977328345624998e6	2.205640934375e6
2.65	3.4121162185624994e7	8.886044126875002e6	2.042212184375e6
2.66	3.4112326904375e7	8.715257205e6	1.9465137468750004e6
2.67	3.4051962748125e7	8.641640126875e6	1.8169501531249997e6
2.68	3.404460001375e7	8.46790811125e6	1.7286098875e6
2.69	3.3965096169999994e7	8.391348220625e6	1.6064101687500002e6
2.6999999999999997	3.39798193575e7	8.223504111249999e6	1.553405325e6
2.7100000000000004	3.3901785779375e7	8.14252658e6	1.4297319187499997e6
2.72	3.389884182625e7	7.980571517500001e6	1.3767293562499997e6
2.73	3.3826698435624994e7	7.896650033125001e6	1.2648340437500002e6
2.74	3.38163906075e7	7.733224705e6	1.2074127e6
2.75	3.3754553904375e7	7.644886720624999e6	1.107296621875e6
2.7600000000000002	3.3735414216875e7	7.497654845625e6	1.0631259187500002e6
2.77	3.3677995154375e7	7.428455408125001e6	965952.6531249998
2.7800000000000007	3.3657382919999994e7	7.259141033125001e6	935034.871875
2.7899999999999996	3.3589656029374994e7	7.182580001875001e6	842280.3875000001
2.8000000000000003	3.358523838875e7	7.026515126874999e6	820193.325
2.81	3.3513097279375e7	6.94995523625e6	740690.6218750001
2.8200000000000003	3.3489538810624998e7	6.796834314374999e6	724494.8875000001
2.83	3.3424757013749998e7	6.736470158124999e6	658242.825
2.84	3.3398255732499998e7	6.581876689374999e6	633209.5281250001
2.85	3.3342306935624998e7	6.508263033124998e6	571372.825
2.86	3.3329056295e7	6.366919064375e6	541927.5906250001
2.8700000000000006	3.3259856857500006e7	6.282998720625e6	499231.715625
2.8799999999999994	3.3251024998124998e7	6.137239392499999e6	484508.52812499995
2.89	3.315090663875e7	6.0871796425e6	438867.5593750001
2.9	3.3143545044999998e7	5.923755455e6	434449.91874999995
2.91	3.3065512607499998e7	5.856028564374999e6	387335.2625000001
2.92	3.3047846607499998e7	5.720575923749999e6	390279.215625
2.93	3.2980118576249998e7	5.671988720625e6	349054.74687500007
2.94	3.2953617294999994e7	5.518868939374999e6	344638.246875
2.9499999999999997	3.2866752998125e7	5.437891408124999e6	316665.55937499995
2.9600000000000004	3.2837305482500006e7	5.315689408124998e6	275441.09062500007
2.97	3.276368954499999e7	5.292130939374999e6	263660.71562500007
2.98	3.27489663575e7	5.118401205e6	266606.94999999995
2.9900000000000007	3.2672406466875e7	5.08600973625e6	213603.24687500004
3.	3.2638543591874998e7	4.93288767375e6	210660.434375
3.0100000000000002	3.2561983701249994e7	4.891664345624999e6	170906.23125000007
3.02	3.2542842873124998e7	4.7576853925e6	181211.77812500007
3.0300000000000007	3.2450087248125e7	4.714987236250001e6	134097.12187500007
3.0399999999999996	3.2430946419999998e7	4.575116954999999e6	167961.1375
3.0500000000000003	3.2344080982499994e7	4.513280251875e6	134098.2625
3.06	3.2330829201249998e7	4.392551939375e6	134097.12187500004
3.0700000000000003	3.2235129623124998e7	4.345437283125e6	116432.26250000003
3.0799999999999996	3.222040757624999e7	4.226179236249999e6	119375.07500000003
3.09	3.2127651951249994e7	4.1761217675000005e6	100235.38750000006
3.1	3.2111456216874998e7	4.071585767499999e6	100000.
3.11	3.2015756638750006e7	4.014167845625e6	100000.
3.1200000000000006	3.201428295125e7	3.8978548924999996e6	100000.
3.1299999999999994	3.1900917373125e7	3.8742987049999996e6	100000.
3.14	3.1874413810625e7	3.749151611249999e6	100000.
3.15	3.1799325326249998e7	3.702038095624999e6	100000.
3.16	3.1761045951249998e7	3.6004471893750005e6	100000.
3.1700000000000004	3.16815421075e7	3.565112908125e6	100000.
3.18	3.1665346373124994e7	3.445856001874999e6	100000.
3.19	3.1569646794999994e7	3.428187720625e6	100000.
3.1999999999999997	3.1543144373124998e7	3.3074582675e6	100000.
3.2100000000000004	3.1454805248124998e7	3.279484439375e6	100000.
3.22	3.142536001375e7	3.17053308e6	100000.
3.23	3.1339964841874998e7	3.135197658125e6	100000.
3.2400000000000007	3.1314936107499998e7	3.039496939375e6	100000.
3.25	3.1213347482499998e7	3.0203583925e6	100000.
3.2600000000000002	3.1195680341875e7	2.914349845625e6	100000.
3.27	3.11043949825e7	2.892266205e6	100000.
3.2800000000000007	3.108672670125e7	2.789205033125e6	100000.
3.2899999999999996	3.0991027123124994e7	2.7656465643750005e6	100000.
3.3000000000000003	3.0979250169999998e7	2.659641439375e6	100000.
3.31	3.0873243904375e7	2.6611139862499996e6	100000.
3.3200000000000003	3.0861463529375e7	2.556579126875e6	100000.
3.3299999999999996	3.0773124404374994e7	2.51977229875e6	100000.
3.34	3.0746623123125006e7	2.4446838143749996e6	100000.
3.35	3.0637672904374994e7	2.4299594862499996e6	100000.
3.36	3.0621477169999994e7	2.334259908125e6	100000.
3.3700000000000006	3.0531667779375e7	2.319536720625e6	100000.
3.3799999999999994	3.0524303904374994e7	2.229726189375e6	100000.
3.39	3.0422715279374994e7	2.2208920487500005e6	100000.
3.4	3.0393268904374998e7	2.1296089706249996e6	100000.
3.41	3.0299043013749998e7	2.13402661125e6	100000.
3.4200000000000004	3.0290207732499998e7	2.0442149393750003e6	100000.
3.43	3.0179786107499998e7	2.023602705e6	100000.
3.44	3.0168005732499994e7	1.938209814375e6	100000.
3.4499999999999997	3.0084083107499994e7	1.9411537674999996e6	100000.
3.4600000000000004	3.0056110419999994e7	1.8528146425000003e6	100000.
3.47	2.9951576701249998e7	1.84545304875e6	100000.
3.48	2.9963353654374998e7	1.77183711125e6	100000.
3.4900000000000007	2.984262420125e7	1.7777261581249998e6	100000.
3.5	2.9832318654374998e7	1.686441939375e6	100000.
3.5100000000000002	2.9743980669999998e7	1.6982223143749996e6	100000.
3.52	2.9727784935624998e7	1.6098820487499998e6	100000.
3.5300000000000007	2.9633556763749998e7	1.623134970625e6	100000.
3.5399999999999996	2.9623250076249994e7	1.5362683924999998e6	100000.
3.5500000000000003	2.9524605404374998e7	1.5480464862499996e6	100000.
3.56	2.9514298716874998e7	1.4641238612499998e6	100000.
3.5700000000000003	2.9415655185624994e7	1.4759030956249998e6	100000.
3.5799999999999996	2.9402403404375006e7	1.390509064375e6	100000.
3.59	2.9296397138749994e7	1.41112129875e6	100000.
3.6	2.9300814779375e7	1.319838220625e6	100000.
3.61	2.9181557873124994e7	1.3389779081249998e6	100000.
3.6200000000000006	2.9177141373124998e7	1.26977961125e6	100000.
3.6299999999999994	2.9084384607499994e7	1.2800851581249998e6	100000.
3.64	2.9090274794999994e7	1.213831955e6	100000.
3.65	2.8988685029374998e7	1.216775908125e6	100000.
3.66	2.8957766107499994e7	1.1254928300000003e6	100000.
3.6700000000000004	2.8870898388749998e7	1.1549392049999998e6	100000.
3.68	2.8870898388749994e7	1.0916299549999998e6	100000.
3.69	2.8770782310624994e7	1.093102501875e6	100000.
3.6999999999999997	2.87634218575e7	1.031264658125e6	100000.
3.7100000000000004	2.8678025544999998e7	1.051878033125e6	100000.
3.72	2.8664776045e7	976789.54875	100000.
3.73	2.856907532625e7	997400.6425000002	100000.
3.7400000000000007	2.8572021560625e7	935563.9393750001	100000.
3.75	2.8483681294999998e7	954704.7675	100000.
3.759999999999999	2.845718001375e7	889924.11125	100000.
3.7700000000000005	2.8361479295e7	909063.7987499998	100000.
3.7800000000000002	2.8364425529374998e7	842807.17375	100000.
3.79	2.8265778576249998e7	841336.908125	100000.
3.8	2.8265779716874994e7	798641.0331249998	100000.
3.8100000000000014	2.8177440591874998e7	825141.17375	100000.
3.8200000000000003	2.8167135045e7	754472.61125	100000.
3.829999999999999	2.8071435466875e7	775082.564375	100000.
3.84	2.8058184826249998e7	714719.5487500001	100000.
3.8500000000000005	2.7972789654374998e7	733858.095625	100000.
3.8600000000000003	2.7987511701249994e7	679384.1268750001	100000.
3.87	2.789181326375e7	689687.3925	100000.
3.88	2.7877090076249994e7	651409.158125	100000.
3.8899999999999997	2.7802003873124994e7	670549.9862500001	100000.
3.8999999999999995	2.779022235749999e7	610183.5487500002	100000.
3.91	2.7710717373124998e7	635213.42375	100000.
3.920000000000001	2.7715135013749998e7	566015.126875	100000.
3.9299999999999997	2.7610602435625e7	593987.814375	100000.
3.9400000000000004	2.7620907982499998e7	538040.1581250001	100000.
3.95	2.7535515091875e7	567486.533125	100000.
3.96	2.7538457904374994e7	508594.92375	100000.
3.9699999999999998	2.7436868138750006e7	524789.5175000001	100000.
3.9800000000000004	2.7426562591874998e7	479147.408125	100000.
3.990000000000001	2.7341168560624998e7	507123.51749999996	100000.
4.	2.7351474107499998e7	434978.98624999996	100000.
4.009999999999999	2.7257248216875e7	474730.908125	100000.
4.0200000000000005	2.7269025170000006e7	420255.7987500001	100000.
4.03	2.7176270685625006e7	440868.0331250001	100000.
4.04	2.71909927325e7	402588.65812499996	100000.
4.05	2.709970851375e7	423200.8925	100000.
4.060000000000001	2.71026536075e7	364308.1425	100000.
4.07	2.7021674935624998e7	395225.92374999996	100000.
4.079999999999999	2.700695288875e7	339279.40812499996	100000.
4.09	2.6940699685625e7	371668.59562499996	100000.
4.1000000000000005	2.6945116185625e7	321612.26749999996	100000.
4.11	2.6842053873125e7	351057.50187499996	100000.
4.12	2.6861195841875e7	296583.53312499996	100000.
4.13	2.6772855576249998e7	336334.314375	100000.
4.14	2.6780218310624998e7	271552.5174999999	100000.
4.1499999999999995	2.6696295685624998e7	303945.1268749999	100000.
4.16	2.66933517325e7	258300.73624999993	100000.
4.170000000000001	2.6621209482499998e7	286274.56437499996	100000.
4.18	2.6638875482500006e7	245052.376875	100000.
4.19	2.65461198575e7	256829.33000000002	100000.
4.2	2.6557900232499998e7	214131.17375	100000.
4.21	2.6463670919999998e7	242107.28312499993	100000.
4.22	2.6481338060625e7	193520.07999999996	100000.
4.23	2.6406250716874998e7	222965.314375	100000.
4.240000000000001	2.6416557404375006e7	165546.251875	100000.
4.25	2.6337051279375e7	202354.22062499993	100000.
4.259999999999999	2.6339998654374998e7	153767.0175	100000.
4.2700000000000005	2.6257547435624998e7	184685.939375	100000.
4.28	2.6263437623125e7	146405.42375	100000.
4.29	2.618835142e7	169961.61125	100000.
4.3	2.6203072326250006e7	134627.33	100000.
4.310000000000001	2.612945638875e7	161129.751875	100000.
4.32	2.6132401482500006e7	115487.64249999999	100000.
4.329999999999999	2.6049952544999998e7	143461.47062500002	100000.
4.34	2.60617283575e7	103710.68937499999	100000.
4.3500000000000005	2.600725667e7	131683.376875	100000.
4.36	2.6001365341875e7	100000.	100000.
4.37	2.5929223091875e7	100000.	100000.
4.38	2.5927750545000006e7	100000.	100000.
4.39	2.5861495060625e7	109599.73624999996	100000.
4.3999999999999995	2.5861495060625e7	100000.	100000.
4.41	2.5801130904375e7	100000.	100000.
4.420000000000001	2.5805547404375e7	100000.	100000.
4.43	2.573929420125e7	100000.	100000.
4.44	2.574812720125e7	100000.	100000.
4.45	2.567598495125e7	100000.	100000.
4.46	2.5695123498124994e7	100000.	100000.
4.47	2.56141471075e7	100000.	100000.
4.48	2.5625926341874998e7	100000.	100000.
4.490000000000001	2.5552311544999998e7	100000.	100000.
4.5	2.5572923779375e7	100000.	100000.
4.509999999999999	2.549047370125e7	100000.	100000.
4.5200000000000005	2.5502251795e7	100000.	100000.
4.53	2.5444830451249998e7	100000.	100000.
4.54	2.5453665732499998e7	100000.	100000.
4.55	2.5380049795e7	100000.	100000.
4.560000000000001	2.5384467435625e7	100000.	100000.
4.57	2.5318213091874998e7	100000.	100000.
4.579999999999999	2.5332936279374998e7	100000.	100000.
4.59	2.526520938875e7	100000.	100000.
4.6000000000000005	2.52681544825e7	100000.	100000.
4.61	2.520779032625e7	100000.	100000.
4.62	2.5240180654374994e7	100000.	100000.
4.63	2.5169508669999998e7	100000.	100000.
4.64	2.5178343951249998e7	100000.	100000.
4.6499999999999995	2.5106200560625e7	100000.	100000.
4.66	2.5117978654375e7	100000.	100000.
4.670000000000001	2.5054668263750006e7	100000.	100000.
4.68	2.5076754185624998e7	100000.	100000.
4.69	2.5017861435625e7	100000.	100000.
4.7	2.500166570125e7	100000.	100000.
4.71	2.4945718045e7	100000.	100000.
4.72	2.4969276513749998e7	100000.	100000.
4.73	2.49059649825e7	100000.	100000.
4.740000000000001	2.4920688169999998e7	100000.	100000.
4.75	2.4854434966875e7	100000.	100000.
4.759999999999999	2.4861796560625e7	100000.	100000.
4.7700000000000005	2.48043763575e7	100000.	100000.
4.78	2.4826462279375006e7	100000.	100000.
4.79	2.4757261701250006e7	100000.	100000.
4.8	2.4776402529375e7	100000.	100000.
4.810000000000001	2.4710148185624994e7	100000.	100000.
4.82	2.4721926279375006e7	100000.	100000.
4.829999999999999	2.46527279825e7	100000.	100000.
4.84	2.467628645125e7	100000.	100000.
4.8500000000000005	2.4614449748125006e7	100000.	100000.
4.86	2.4635060841874998e7	100000.	100000.
4.87	2.4565861404374998e7	100000.	100000.
4.88	2.4587947326250006e7	100000.	100000.
4.89	2.4540833810625e7	100000.	100000.
4.8999999999999995	2.4552610763749998e7	100000.	100000.
4.91	2.447163551375e7	100000.	100000.
4.920000000000001	2.4492246607500006e7	100000.	100000.
4.93	2.4433354998125e7	100000.	100000.
4.94	2.4461327685625e7	100000.	100000.
4.95	2.4384768935625006e7	100000.	100000.
4.96	2.4415686716874998e7	100000.	100000.
4.97	2.434648842e7	100000.	100000.
4.98	2.4371517154374998e7	100000.	100000.
4.990000000000001	2.4306736498125e7	100000.	100000.
5.	2.433323663875e7	100000.	100000.
5.009999999999999	2.4255204201249998e7	100000.	100000.
5.0200000000000005	2.4274346169999998e7	100000.	100000.
5.03	2.4212508326249998e7	100000.	100000.
5.04	2.4247843748124998e7	100000.	100000.
5.05	2.4184533357499998e7	100000.	100000.
5.060000000000001	2.4209564373125e7	100000.	100000.
5.07	2.4140363794999998e7	100000.	100000.
5.079999999999999	2.4168337623124998e7	100000.	100000.
5.09	2.4110918560624998e7	100000.	100000.
5.1000000000000005	2.4131530794999998e7	100000.	100000.
5.11	2.406085995125e7	100000.	100000.
5.12	2.4074110591875e7	100000.	100000.
5.13	2.4024051982500006e7	100000.	100000.
5.14	2.4050553263750006e7	100000.	100000.
5.1499999999999995	2.3991661654375e7	100000.	100000.
5.16	2.4015218982499998e7	100000.	100000.
5.170000000000001	2.3956325091874998e7	100000.	100000.
5.18	2.3994605607499998e7	100000.	100000.
5.19	2.3940130498125e7	100000.	100000.
5.2	2.3978412154375e7	100000.	100000.
5.21	2.3898904888749998e7	100000.	100000.
5.22	2.3937187685625e7	100000.	100000.
5.23	2.3884182841875e7	100000.	100000.
5.240000000000001	2.3912155529374998e7	100000.	100000.
5.25	2.385031882625e7	100000.	100000.
5.259999999999999	2.3887127935624998e7	100000.	100000.
5.2700000000000005	2.3828234045e7	100000.	100000.
5.28	2.384590232625e7	100000.	100000.
5.29	2.3784066763750006e7	100000.	100000.
5.3	2.382087245125e7	100000.	100000.
5.310000000000001	2.3756091795e7	100000.	100000.
5.32	2.3791427216875006e7	100000.	100000.
5.329999999999999	2.3725172873125e7	100000.	100000.
5.34	2.3756090654375006e7	100000.	100000.
5.3500000000000005	2.3704559498124998e7	100000.	100000.
5.36	2.37369521075e7	100000.	100000.
5.37	2.3669225216875e7	100000.	100000.
5.38	2.3698670451249994e7	100000.	100000.
5.39	2.3638305154375006e7	100000.	100000.
5.3999999999999995	2.3663337310624998e7	100000.	100000.
5.41	2.36015006075e7	100000.	100000.
5.420000000000001	2.364714157625e7	100000.	100000.
5.43	2.3570579404374998e7	100000.	100000.
5.44	2.3604442279375006e7	100000.	100000.
5.45	2.3547023216875e7	100000.	100000.
5.46	2.3583831185625006e7	100000.	100000.
5.47	2.350579988875e7	100000.	100000.
5.48	2.3572053091875006e7	100000.	100000.
5.490000000000001	2.3514632888750006e7	100000.	100000.
5.5	2.35558573575e7	100000.	100000.
5.509999999999999	2.347782492e7	100000.	100000.
5.5200000000000005	2.350579988875e7	100000.	100000.
5.53	2.3451324779374994e7	100000.	100000.
5.54	2.3488130466874998e7	100000.	100000.
5.55	2.34292388575e7	100000.	100000.
5.560000000000001	2.3451322498125e7	100000.	100000.
5.57	2.3399791341874998e7	100000.	100000.
5.579999999999999	2.34424883575e7	100000.	100000.
5.59	2.3364457060625e7	100000.	100000.
5.6000000000000005	2.34174584825e7	100000.	100000.
5.61	2.3335010685624998e7	100000.	100000.
5.62	2.33835956075e7	100000.	100000.
5.63	2.3305566591874998e7	100000.	100000.
5.64	2.3349732732499998e7	100000.	100000.
5.6499999999999995	2.3284950935625e7	100000.	100000.
5.66	2.3311452216875e7	100000.	100000.
5.670000000000001	2.3256979388750006e7	100000.	100000.
5.68	2.3292312529375e7	100000.	100000.
5.69	2.3212808685624998e7	100000.	100000.
5.7	2.3267283795e7	100000.	100000.
5.71	2.3193668998125e7	100000.	100000.
5.72	2.3229005560625e7	100000.	100000.
5.73	2.316569517e7	100000.	100000.
5.740000000000001	2.3212808685624998e7	100000.	100000.
5.75	2.3150970841874998e7	100000.	100000.
5.759999999999999	2.3170110529374998e7	100000.	100000.
5.7700000000000005	2.3114162873125e7	100000.	100000.
5.78	2.3159806123124998e7	100000.	100000.
5.79	2.3087663873124998e7	100000.	100000.
5.8	2.31171091075e7	100000.	100000.
5.810000000000001	2.3074412091875e7	100000.	100000.
5.82	2.3100913373124998e7	100000.	100000.
5.829999999999999	2.3027297435624998e7	100000.	100000.
5.84	2.3074412091875e7	100000.	100000.
5.8500000000000005	2.3018463295e7	100000.	100000.
5.86	2.3050853623125006e7	100000.	100000.
5.87	2.2989019201249998e7	100000.	100000.
5.88	2.3014046795e7	100000.	100000.
5.890000000000001	2.2953682638749998e7	100000.	100000.
5.8999999999999995	2.2984601560624998e7	100000.	100000.
5.91	2.2941904544999998e7	100000.	100000.
5.920000000000001	2.2959571685625e7	100000.	100000.
5.93	2.29109844825e7	100000.	100000.
5.94	2.2941903404375e7	100000.	100000.
5.95	2.288448320125e7	100000.	100000.
5.96	2.2915400982499998e7	100000.	100000.
5.97	2.285356313875e7	100000.	100000.
5.98	2.2890372248125e7	100000.	100000.
5.990000000000001	2.2832953185625e7	100000.	100000.
6.	2.286681720125e7	100000.	100000.
6.009999999999999	2.2815284904375e7	100000.	100000.
6.0200000000000005	2.2856509373125e7	100000.	100000.
6.03	2.2766697701249998e7	100000.	100000.
6.04	2.284178732625e7	100000.	100000.
6.05	2.2768171388749998e7	100000.	100000.
6.060000000000001	2.2799088029374998e7	100000.	100000.
6.07	2.2721056732499994e7	100000.	100000.
6.079999999999999	2.2751975654374998e7	100000.	100000.
6.09	2.2706333544999994e7	100000.	100000.
6.1000000000000005	2.2741668966875e7	100000.	100000.
6.11	2.2675413482499998e7	100000.	100000.
6.12	2.27387227325e7	100000.	100000.
6.13	2.2676886029375e7	100000.	100000.
6.140000000000001	2.2715167685624998e7	100000.	100000.
6.1499999999999995	2.2656276076249994e7	100000.	100000.
6.159999999999999	2.2696027998125e7	100000.	100000.
6.170000000000001	2.2640078060624998e7	100000.	100000.
6.18	2.267541576375e7	100000.	100000.
6.19	2.2629773654374998e7	100000.	100000.
6.2	2.2659220029374998e7	100000.	100000.
6.21	2.25900217325e7	100000.	100000.
6.22	2.264449570125e7	100000.	100000.
6.230000000000001	2.2584133826249998e7	100000.	100000.
6.240000000000001	2.2628299966874998e7	100000.	100000.
6.25	2.2575297404375e7	100000.	100000.
6.259999999999999	2.2610633966874994e7	100000.	100000.
6.2700000000000005	2.2560576498125e7	100000.	100000.
6.28	2.2604743779374998e7	100000.	100000.
6.29	2.2539963123125e7	100000.	100000.
6.3	2.2590019451250006e7	100000.	100000.
6.310000000000001	2.2534072935624998e7	100000.	100000.
6.32	2.2572354591875006e7	100000.	100000.
6.329999999999999	2.2507571654375e7	100000.	100000.
6.340000000000001	2.2548796123125e7	100000.	100000.
6.3500000000000005	2.25060991075e7	100000.	100000.
6.36	2.2542907076249998e7	100000.	100000.
6.37	2.249137592e7	100000.	100000.
6.38	2.25267124825e7	100000.	100000.
6.390000000000001	2.24810692325e7	100000.	100000.
6.3999999999999995	2.251787720125e7	100000.	100000.
6.409999999999999	2.2457514185625e7	100000.	100000.
6.420000000000001	2.2503155154375006e7	100000.	100000.
6.43	2.2456040498125e7	100000.	100000.
6.44	2.2481070373125e7	100000.	100000.
6.45	2.2432483169999998e7	100000.	100000.
6.46	2.24722362325e7	100000.	100000.
6.47	2.2425121576249998e7	100000.	100000.
6.480000000000001	2.2461930685625e7	100000.	100000.
6.490000000000001	2.2394203794999998e7	100000.	100000.
6.5	2.2436900810624994e7	100000.	100000.
6.509999999999999	2.2395676341875e7	100000.	100000.
6.5200000000000005	2.2426594123124998e7	100000.	100000.
6.53	2.2363286013749994e7	100000.	100000.
6.54	2.2385369654375e7	100000.	100000.
6.55	2.2354450732499998e7	100000.	100000.
6.560000000000001	2.239125870125e7	100000.	100000.
6.57	2.2339727545e7	100000.	100000.
6.579999999999999	2.2367701373125e7	100000.	100000.
6.590000000000001	2.2311754857500006e7	100000.	100000.
6.6000000000000005	2.2355923279374998e7	100000.	100000.
6.61	2.22867249825e7	100000.	100000.
6.62	2.233383963875e7	100000.	100000.
6.63	2.2285251295e7	100000.	100000.
6.640000000000001	2.231764276375e7	100000.	100000.
6.6499999999999995	2.2273474341875e7	100000.	100000.
6.659999999999999	2.230880976375e7	100000.	100000.
6.670000000000001	2.2238140060624994e7	100000.	100000.
6.68	2.2286726123124998e7	100000.	100000.
6.69	2.222488942e7	100000.	100000.
6.7	2.226611388875e7	100000.	100000.
6.71	2.2214581591874998e7	100000.	100000.
6.72	2.2242554279375e7	100000.	100000.
6.730000000000001	2.2195443045e7	100000.	100000.
6.740000000000001	2.2230776185625e7	100000.	100000.
6.75	2.2183662670000006e7	100000.	100000.
6.759999999999999	2.2216054138749998e7	100000.	100000.
6.7700000000000005	2.2163052716875e7	100000.	100000.
6.78	2.2202803498125006e7	100000.	100000.
6.79	2.214832838875e7	100000.	100000.
6.8	2.21733559825e7	100000.	100000.
6.810000000000001	2.21306601075e7	100000.	100000.
6.82	2.2164524123124998e7	100000.	100000.
6.829999999999999	2.2120352279375e7	100000.	100000.
6.840000000000001	2.214391188875e7	100000.	100000.
6.8500000000000005	2.2089434498125e7	100000.	100000.
6.86	2.2130661248125e7	100000.	100000.
6.87	2.2093853279375006e7	100000.	100000.
6.88	2.211152042e7	100000.	100000.
6.890000000000001	2.2059989263749998e7	100000.	100000.
6.8999999999999995	2.2096798373125e7	100000.	100000.
6.909999999999999	2.20511539825e7	100000.	100000.
6.920000000000001	2.2082072904374998e7	100000.	100000.
6.93	2.2024653841875e7	100000.	100000.
6.94	2.207471245125e7	100000.	100000.
6.95	2.2011402060625e7	100000.	100000.
6.96	2.204379467e7	100000.	100000.
6.97	2.1984903060625e7	100000.	100000.
6.980000000000001	2.2046737482499998e7	100000.	100000.
6.990000000000001	2.1979012873124998e7	100000.	100000.
7.	2.2024653841875e7	100000.	100000.
7.009999999999999	2.1956926951249998e7	100000.	100000.
7.0200000000000005	2.2015818560624998e7	100000.	100000.
7.03	2.1952511591875006e7	100000.	100000.
7.04	2.1990790966875006e7	100000.	100000.
7.05	2.1934841029375006e7	100000.	100000.
7.060000000000001	2.1974594091875e7	100000.	100000.
7.07	2.1924537763749998e7	100000.	100000.
7.079999999999999	2.19583983575e7	100000.	100000.
7.090000000000001	2.1902451841875e7	100000.	100000.
7.1000000000000005	2.19495653575e7	100000.	100000.
7.11	2.1900978154375e7	100000.	100000.
7.12	2.1931898216875e7	100000.	100000.
7.13	2.1880368201250006e7	100000.	100000.
7.140000000000001	2.190834088875e7	100000.	100000.
7.1499999999999995	2.1871531779375e7	100000.	100000.
7.159999999999999	2.189803420125e7	100000.	100000.
7.170000000000001	2.1850920685625e7	100000.	100000.
7.18	2.1880367060625e7	100000.	100000.
7.19	2.183914145125e7	100000.	100000.
7.2	2.1880368201250006e7	100000.	100000.
7.21	2.1820002904375e7	100000.	100000.
7.22	2.1859753685625e7	100000.	100000.
7.230000000000001	2.1811169904374998e7	100000.	100000.
7.240000000000001	2.18523932325e7	100000.	100000.
7.25	2.1800860935624998e7	100000.	100000.
7.259999999999999	2.1840613998125006e7	100000.	100000.
7.2700000000000005	2.1765526654375006e7	100000.	100000.
7.28	2.1796444435625e7	100000.	100000.
7.29	2.1727247279375e7	100000.	100000.
7.3	2.17728871075e7	100000.	100000.
7.310000000000001	2.1715469185625006e7	100000.	100000.
7.32	2.1758165060625e7	100000.	100000.
7.329999999999999	2.1708105310625e7	100000.	100000.
7.340000000000001	2.1759637607499998e7	100000.	100000.
7.3500000000000005	2.1708107591875e7	100000.	100000.
7.36	2.1743441873125e7	100000.	100000.
7.37	2.1691911857499998e7	100000.	100000.
7.38	2.172282963875e7	100000.	100000.
7.390000000000001	2.1674243576249998e7	100000.	100000.
7.3999999999999995	2.1713994357499998e7	100000.	100000.
7.409999999999999	2.165510388875e7	100000.	100000.
7.420000000000001	2.1691910716875e7	100000.	100000.
7.43	2.1640380701249998e7	100000.	100000.
7.44	2.1674243576249998e7	100000.	100000.
7.45	2.1638909295e7	100000.	100000.
7.46	2.1659519248125e7	100000.	100000.
7.47	2.1631547701249998e7	100000.	100000.
7.480000000000001	2.1640380701249998e7	100000.	100000.
7.490000000000001	2.1590320951249998e7	100000.	100000.
7.5	2.16418521075e7	100000.	100000.
7.509999999999999	2.1593266045e7	100000.	100000.
7.5200000000000005	2.1621239873124998e7	100000.	100000.
7.53	2.1569708716875e7	100000.	100000.
7.54	2.1607990373124998e7	100000.	100000.
7.55	2.1550569029375e7	100000.	100000.
7.560000000000001	2.1582960498125e7	100000.	100000.
7.57	2.1534374435625e7	100000.	100000.
7.579999999999999	2.1582960498125e7	100000.	100000.
7.590000000000001	2.151376220125e7	100000.	100000.
7.6000000000000005	2.155204157625e7	100000.	100000.
7.61	2.1510818248125e7	100000.	100000.
7.62	2.1547622795e7	100000.	100000.
7.63	2.1490206013750006e7	100000.	100000.
7.640000000000001	2.1522596341875e7	100000.	100000.
7.6499999999999995	2.1474009138749998e7	100000.	100000.
7.659999999999999	2.1525540294999998e7	100000.	100000.
7.670000000000001	2.1457813404375e7	100000.	100000.
7.680000000000001	2.1494622513749998e7	100000.	100000.
7.69	2.1447507857499998e7	100000.	100000.
7.7	2.1472537732500006e7	100000.	100000.
7.71	2.1435729763749998e7	100000.	100000.
7.72	2.1460758498124998e7	100000.	100000.
7.730000000000001	2.1416588935624998e7	100000.	100000.
7.740000000000001	2.1451924357499998e7	100000.	100000.
7.75	2.1406282248125e7	100000.	100000.
7.76	2.1429841857499998e7	100000.	100000.
7.769999999999998	2.1382724919999998e7	100000.	100000.
7.779999999999999	2.142542307625e7	100000.	100000.
7.790000000000001	2.1375364466875e7	100000.	100000.
7.799999999999999	2.1418060341875e7	100000.	100000.
7.8100000000000005	2.1344445544999998e7	100000.	100000.
7.82	2.1404810841874998e7	100000.	100000.
7.83	2.1348862044999998e7	100000.	100000.
7.840000000000002	2.1387142560624998e7	100000.	100000.
7.85	2.132825095125e7	100000.	100000.
7.859999999999999	2.1368002873125e7	100000.	100000.
7.870000000000003	2.1309110123125e7	100000.	100000.
7.880000000000001	2.136653032625e7	100000.	100000.
7.890000000000001	2.1301748529375e7	100000.	100000.
7.9	2.1341499310625e7	100000.	100000.
7.909999999999998	2.1279663748124998e7	100000.	100000.
7.92	2.1338556498125e7	100000.	100000.
7.93	2.126935820125e7	100000.	100000.
7.9399999999999995	2.1317944263749998e7	100000.	100000.
7.950000000000001	2.1267885654375e7	100000.	100000.
7.960000000000001	2.13002759825e7	100000.	100000.
7.970000000000001	2.1253162466875006e7	100000.	100000.
7.980000000000002	2.1297332029375e7	100000.	100000.
7.99	2.1250217373125e7	100000.	100000.
8.	2.127819120125e7	100000.	100000.
8.01	2.1231076545e7	100000.	100000.
8.019999999999998	2.1267885654375e7	100000.	100000.
8.03	2.1210466591874998e7	100000.	100000.
8.040000000000001	2.125463501375e7	100000.	100000.
8.049999999999999	2.1207521498125006e7	100000.	100000.
8.06	2.1231077685624998e7	100000.	100000.
8.07	2.1182491623125e7	100000.	100000.
8.08	2.1231077685624998e7	100000.	100000.
8.090000000000002	2.1181019076249998e7	100000.	100000.
8.1	2.1210464310624998e7	100000.	100000.
8.11	2.1163350794999998e7	100000.	100000.
8.120000000000003	2.121046545125e7	100000.	100000.
8.13	2.117218607625e7	100000.	100000.
8.14	2.1201631310625006e7	100000.	100000.
8.15	2.114715620125e7	100000.	100000.
8.159999999999998	2.1194269716875006e7	100000.	100000.
8.17	2.1139795748125e7	100000.	100000.
8.18	2.118101907625e7	100000.	100000.
8.19	2.111918351375e7	100000.	100000.
8.200000000000001	2.11692409825e7	100000.	100000.
8.21	2.1108875685625e7	100000.	100000.
8.22	2.1155990341875006e7	100000.	100000.
8.230000000000002	2.111181963875e7	100000.	100000.
8.24	2.114273970125e7	100000.	100000.
8.25	2.1083845810625e7	100000.	100000.
8.26	2.1145684795e7	100000.	100000.
8.269999999999998	2.1098571279375006e7	100000.	100000.
8.28	2.1116237279375e7	100000.	100000.
8.290000000000001	2.1069124904375e7	100000.	100000.
8.299999999999999	2.1116237279375e7	100000.	100000.
8.31	2.1077957904375e7	100000.	100000.
8.32	2.1111819638749998e7	100000.	100000.
8.33	2.1063233576249998e7	100000.	100000.
8.340000000000002	2.1095625044999998e7	100000.	100000.
8.35	2.106029076375e7	100000.	100000.
8.36	2.1094153638750006e7	100000.	100000.
8.370000000000003	2.102495420125e7	100000.	100000.
8.38	2.1070596310624998e7	100000.	100000.
8.39	2.1032315794999998e7	100000.	100000.
8.4	2.107795676375e7	100000.	100000.
8.409999999999998	2.1019065154375e7	100000.	100000.
8.42	2.1054401716874998e7	100000.	100000.
8.43	2.1005815654374998e7	100000.	100000.
8.44	2.1045566435625006e7	100000.	100000.
8.450000000000001	2.1005815654375e7	100000.	100000.
8.46	2.1035259748125006e7	100000.	100000.
8.47	2.0996981513750006e7	100000.	100000.
8.480000000000002	2.1026426748125e7	100000.	100000.
8.49	2.0971950498125e7	100000.	100000.
8.5	2.1026425607499998e7	100000.	100000.
8.51	2.096458776375e7	100000.	100000.
8.519999999999998	2.1022011388749998e7	100000.	100000.
8.53	2.095722845125e7	100000.	100000.
8.540000000000001	2.0994035279374998e7	100000.	100000.
8.549999999999999	2.0955755904375e7	100000.	100000.
8.56	2.0992562732499998e7	100000.	100000.
8.57	2.0943976670000006e7	100000.	100000.
8.58	2.0989617638749998e7	100000.	100000.
8.590000000000002	2.093219857625e7	100000.	100000.
8.6	2.097489445125e7	100000.	100000.
8.61	2.0924836982500006e7	100000.	100000.
8.620000000000003	2.0979310951249998e7	100000.	100000.
8.63	2.0911586341875e7	100000.	100000.
8.64	2.095722845125e7	100000.	100000.
8.65	2.0913058888750006e7	100000.	100000.
8.659999999999998	2.0941032716875006e7	100000.	100000.
8.67	2.0895389466875e7	100000.	100000.
8.68	2.0938087623125e7	100000.	100000.
8.69	2.089244551375e7	100000.	100000.
8.700000000000001	2.0926310670000006e7	100000.	100000.
8.71	2.0883611373124998e7	100000.	100000.
8.72	2.0914531435624998e7	100000.	100000.
8.730000000000002	2.0877721185624998e7	100000.	100000.
8.74	2.0901280795e7	100000.	100000.
8.75	2.0874780654375e7	100000.	100000.
8.76	2.0911587482499998e7	100000.	100000.
8.769999999999998	2.0851221044999998e7	100000.	100000.
8.78	2.0904224748124998e7	100000.	100000.
8.790000000000001	2.0857112373125e7	100000.	100000.
8.799999999999999	2.0893920341875e7	100000.	100000.
8.81	2.0833555045e7	100000.	100000.
8.82	2.0883613654375006e7	100000.	100000.
8.83	2.0829137404375e7	100000.	100000.
8.840000000000002	2.08659442325e7	100000.	100000.
8.85	2.0824719763749998e7	100000.	100000.
8.86	2.0879194873125e7	100000.	100000.
8.870000000000003	2.082619117e7	100000.	100000.
8.88	2.0855639826249998e7	100000.	100000.
8.89	2.0798217341874998e7	100000.	100000.
8.9	2.0837970404374998e7	100000.	100000.
8.909999999999998	2.0802636123124998e7	100000.	100000.
8.92	2.083502645125e7	100000.	100000.
8.93	2.078496670125e7	100000.	100000.
8.94	2.0827664857500006e7	100000.	100000.
8.950000000000001	2.0784967841875e7	100000.	100000.
8.96	2.0820304404375006e7	100000.	100000.
8.97	2.07687721075e7	100000.	100000.
8.980000000000002	2.0809995435625006e7	100000.	100000.
8.99	2.0762883060625e7	100000.	100000.
9.	2.0795274529374998e7	100000.	100000.
9.01	2.07437422325e7	100000.	100000.
9.019999999999998	2.0784967841875e7	100000.	100000.
9.03	2.074963242e7	100000.	100000.
9.040000000000001	2.0795274529374998e7	100000.	100000.
9.049999999999999	2.0739326873125e7	100000.	100000.
9.06	2.0770245795e7	100000.	100000.
9.07	2.073638063875e7	100000.	100000.
9.08	2.077760738875e7	100000.	100000.
9.090000000000002	2.0723131138749998e7	100000.	100000.
9.1	2.0767299560624998e7	100000.	100000.
9.11	2.070988163875e7	100000.	100000.
9.120000000000003	2.0756994013749998e7	100000.	100000.
9.13	2.07010463575e7	100000.	100000.
9.14	2.0752576373125e7	100000.	100000.
9.15	2.0702518904375006e7	100000.	100000.
9.159999999999998	2.0742271966875e7	100000.	100000.
9.17	2.07010463575e7	100000.	100000.
9.18	2.0742270826249998e7	100000.	100000.
9.19	2.0692212216874998e7	100000.	100000.
9.200000000000001	2.073196413875e7	100000.	100000.
9.21	2.0671599982500006e7	100000.	100000.
9.22	2.0727546498125006e7	100000.	100000.
9.230000000000002	2.0684850623124998e7	100000.	100000.
9.24	2.0714296998125006e7	100000.	100000.
9.25	2.0653931701249998e7	100000.	100000.
9.26	2.070251776375e7	100000.	100000.
9.269999999999998	2.0637738248125e7	100000.	100000.
9.28	2.0676016482499998e7	100000.	100000.
9.290000000000001	2.061417863875e7	100000.	100000.
9.299999999999999	2.0652459154374998e7	100000.	100000.
9.31	2.0603873091875e7	100000.	100000.
9.32	2.0639208513750006e7	100000.	100000.
9.33	2.059503895125e7	100000.	100000.
9.340000000000002	2.062595901375e7	100000.	100000.
9.35	2.0600929138749998e7	100000.	100000.
9.36	2.0631848060624998e7	100000.	100000.
9.370000000000003	2.0593567545e7	100000.	100000.
9.38	2.062301392e7	100000.	100000.
9.39	2.057295417e7	100000.	100000.
9.4	2.060534563875e7	100000.	100000.
9.409999999999998	2.0553815623125e7	100000.	100000.
9.42	2.0634793154374998e7	100000.	100000.
9.43	2.0653932841875006e7	100000.	100000.
9.44	2.08909741075e7	100000.	100000.
9.450000000000001	2.1175130029375e7	100000.	100000.
9.46	2.1441617669999998e7	100000.	100000.
9.47	2.1496092779375006e7	100000.	100000.
9.480000000000002	2.1368002873125e7	100000.	100000.
9.49	2.1010231013749998e7	100000.	100000.
9.5	2.080410867e7	100000.	100000.
9.51	2.0525841794999998e7	100000.	100000.
9.519999999999998	2.0391862841875e7	100000.	100000.
9.53	2.0193099810625006e7	100000.	100000.
9.540000000000001	2.0107704638749998e7	100000.	100000.
9.549999999999999	1.9972251998124998e7	100000.	100000.
9.56	1.99634178575e7	100000.	100000.
9.57	1.991925057625e7	100000.	100000.
9.58	1.99501683575e7	100000.	100000.
9.590000000000002	1.989863720125e7	100000.	100000.
9.6	1.9929556123125e7	100000.	100000.
9.61	1.9905997654374998e7	100000.	100000.
9.620000000000003	1.9948694669999998e7	100000.	100000.
9.63	1.9888331654375e7	100000.	100000.
9.64	1.99207219825e7	100000.	100000.
9.65	1.987360732625e7	100000.	100000.
9.659999999999998	1.9914830654375006e7	100000.	100000.
9.67	1.9875079873124998e7	100000.	100000.
9.68	1.9910415295e7	100000.	100000.
9.69	1.9864773185624998e7	100000.	100000.
9.700000000000001	1.986477432625e7	100000.	100000.
9.71	1.982502126375e7	100000.	100000.
9.72	1.986477432625e7	100000.	100000.
9.730000000000002	1.978085170125e7	100000.	100000.
9.74	1.978526820125e7	100000.	100000.
9.75	1.9704290669999998e7	100000.	100000.
9.76	1.9724904044999998e7	100000.	100000.
9.769999999999998	1.9648344154375e7	100000.	100000.
9.78	1.9670427795e7	100000.	100000.
9.790000000000001	1.96468716075e7	100000.	100000.
9.799999999999999	1.972195895125e7	100000.	100000.
9.81	1.9736682138750006e7	100000.	100000.
9.82	1.9880970060624998e7	100000.	100000.
9.83	1.9992865373125e7	100000.	100000.
9.840000000000002	2.026818601375e7	100000.	100000.
9.85	2.0418361841874998e7	100000.	100000.
9.86	2.0524368107499998e7	100000.	100000.
9.870000000000003	2.0056173482499998e7	100000.	100000.
9.88	1.8850351498125e7	100000.	100000.
9.89	1.6203136529375002e7	100000.	100000.
9.9	1.3404273185625002e7	100000.	100000.
9.909999999999998	8.664903310625e6	100000.	100000.
9.92	4.0771829512500004e6	100000.	100000.
9.93	408184.70125	100000.	100000.
9.94	100000.	100000.	100000.
9.950000000000001	100000.	100000.	100000.
9.96	100000.	100000.	100000.
9.97	100000.	100000.	100000.
9.980000000000002	100000.	100000.	100000.
9.99	100000.	100000.	100000.
10.	100000.	100000.	100000.
10.01	100000.	100000.	100000.
10.019999999999998	100000.	100000.	100000.
10.03	100000.	100000.	100000.
10.040000000000001	100000.	100000.	100000.
10.049999999999999	100000.	100000.	100000.
10.06	100000.	100000.	100000.
10.07	100000.	100000.	100000.
10.08	100000.	100000.	100000.
10.090000000000002	100000.	100000.	100000.
10.1	100000.	100000.	100000.
10.11	100000.	100000.	100000.
10.120000000000003	100000.	100000.	100000.
10.13	100000.	100000.	100000.
10.14	100000.	100000.	100000.
10.15	100000.	100000.	100000.
10.159999999999998	100000.	100000.	100000.
10.17	100000.	100000.	100000.
10.18	100000.	100000.	100000.
10.19	100000.	100000.	100000.
10.200000000000001	100000.	100000.	100000.
10.21	100000.	100000.	100000.
10.22	100000.	100000.	100000.
10.230000000000002	100000.	100000.	100000.
10.24	100000.	100000.	100000.
10.25	100000.	100000.	100000.
10.26	100000.	100000.	100000.
10.269999999999998	100000.	100000.	100000.
10.28	100000.	100000.	100000.
10.290000000000001	100000.	100000.	100000.
10.299999999999999	100000.	100000.	100000.
10.31	100000.	100000.	100000.
10.32	100000.	100000.	100000.
10.33	100000.	100000.	100000.
10.340000000000002	100000.	100000.	100000.
10.35	100000.	100000.	100000.
10.36	100000.	100000.	100000.
10.370000000000003	100000.	100000.	100000.
10.38	100000.	100000.	100000.
10.39	100000.	100000.	100000.
10.4	100000.	100000.	100000.
10.409999999999998	100000.	100000.	100000.
10.42	100000.	100000.	100000.
10.43	100000.	100000.	100000.
10.44	100000.	100000.	100000.
10.450000000000001	100000.	100000.	100000.
10.46	100000.	100000.	100000.
10.47	100000.	100000.	100000.
10.480000000000002	100000.	100000.	100000.
10.49	100000.	100000.	100000.
10.5	100000.	100000.	100000.
10.51	100000.	100000.	100000.
10.519999999999998	100000.	100000.	100000.
10.53	100000.	100000.	100000.
10.540000000000001	100000.	100000.	100000.
10.549999999999999	100000.	100000.	100000.
10.56	100000.	100000.	100000.
10.57	100000.	100000.	100000.
10.58	100000.	100000.	100000.
10.590000000000002	100000.	100000.	100000.
10.6	100000.	100000.	100000.
10.61	100000.	100000.	100000.
10.620000000000003	100000.	100000.	100000.
10.63	100000.	100000.	100000.
10.64	100000.	100000.	100000.
10.65	100000.	100000.	100000.
10.659999999999998	100000.	100000.	100000.
10.67	100000.	100000.	100000.
10.68	100000.	100000.	100000.
10.69	100000.	100000.	100000.
10.700000000000001	100000.	100000.	100000.
10.71	100000.	100000.	100000.
10.72	100000.	100000.	100000.
10.730000000000002	100000.	100000.	100000.
10.74	100000.	100000.	100000.
10.75	100000.	100000.	100000.