0.	176736.239375	100000.	100000.
0.010000000000000009	449114.06749999995	100000.	100000.
0.020000000000000018	749464.583125	100000.	100000.
0.030000000000000027	1.1028199425000001e6	100000.	100000.
0.03999999999999998	1.6019334893750001e6	100000.	100000.
0.04999999999999999	2.25711191125e6	100000.	100000.
0.06	3.1007455362500004e6	100000.	100000.
0.07	4.283011333125e6	100000.	100000.
0.08000000000000002	5.10308763e6	126324.21875000007	100000.
0.09000000000000002	6.26621488e6	619253.5250000001	100000.
0.10000000000000003	7.304193895625e6	1.51677438125e6	137630.50437500005
0.10999999999999993	8.589519723749997e6	2.57330429375e6	171493.37937500002
0.12000000000000005	1.0638977614374997e7	3.8612829874999993e6	292223.973125
0.12999999999999995	1.2868055426874997e7	5.76233028125e6	1.736560910625e6
0.14000000000000007	1.9926315926875e7	9.21990501875e6	6.6879433168750005e6
0.14999999999999997	2.9140036020625e7	2.15254808e7	1.7014730910625e7
0.1600000000000001	3.5705072020625e7	3.0172068912499998e7	2.503735448875e7
0.16999999999999998	4.043855284875e7	3.55607281625e7	3.2326766066875003e7
0.18	4.355396016125e7	4.05129915875e7	3.7042577473124996e7
0.19	4.685635697375e7	4.327269134375e7	4.0493674144999996e7
0.2	4.848620288e7	4.582567973750001e7	4.345007605125001e7
0.21000000000000002	4.9765643083125e7	4.806064728125001e7	4.51888744575e7
0.22000000000000003	5.0785952676874995e7	4.900940455625e7	4.6833446973125e7
0.22999999999999998	5.141757491125e7	5.007830249375e7	4.7787503363749996e7
0.24000000000000005	5.186073966125001e7	5.079030981875e7	4.8695919926249996e7
0.25	5.215372972375e7	5.1329175743750006e7	4.9196504879374996e7
0.2599999999999999	5.2284767005e7	5.164189679375001e7	4.965292255125e7
0.27	5.242610641125e7	5.189277771875e7	4.9912048598124996e7
0.28000000000000014	5.245702647375e7	5.20146854375e7	5.014467336375e7
0.29000000000000004	5.2510030176875e7	5.2156026668749996e7	5.0278654598124996e7
0.29999999999999993	5.248941680187501e7	5.219136231875e7	5.0375826723125e7
0.31000000000000005	5.2530641270625e7	5.224083168125e7	5.0430302973124996e7
0.3200000000000002	5.249677953625e7	5.225319970625001e7	5.0480360441874996e7
0.32999999999999996	5.2520334583125e7	5.226026519375e7	5.04803615825e7
0.33999999999999997	5.248647284875001e7	5.2242598737500004e7	5.0496556176249996e7
0.35	5.2505611395625e7	5.225143265e7	5.050244636375e7
0.36	5.244966488000001e7	5.22125628875e7	5.049361222312499e7
0.37	5.246585947375e7	5.218252840625e7	5.0459747066874996e7
0.38	5.2426108692499995e7	5.2136591787499994e7	5.045680311374999e7
0.39	5.242463614562501e7	5.2136591787499994e7	5.0417051191874996e7
0.4	5.2399606270624995e7	5.2064154800000004e7	5.0397912645e7
0.41000000000000003	5.2395189770625e7	5.2039420118750006e7	5.035963098874999e7
0.42000000000000004	5.236427313000001e7	5.1975817043749996e7	5.035227167625e7
0.43000000000000005	5.238193913e7	5.193871296875e7	5.0316933973124996e7
0.44000000000000006	5.233629816125001e7	5.1898078887499996e7	5.0283071098124996e7
0.45000000000000007	5.2339242114374995e7	5.187157715e7	5.0247736816875e7
0.45999999999999996	5.2299490192499995e7	5.1777938225e7	5.0222706941874996e7
0.46999999999999986	5.2311267145625e7	5.176910294375e7	5.0166759285624996e7
0.48	5.2272987770625e7	5.16878334125e7	5.0160869098125e7
0.4900000000000001	5.2272988911249995e7	5.1650730706250004e7	5.0104921441875e7
0.5	5.2237652348749995e7	5.1574759606249996e7	5.0078420160625e7
0.5099999999999999	5.2259735989375e7	5.153765689999999e7	5.0025417598124996e7
0.52	5.221851266125e7	5.144755071875e7	4.9993026129375e7
0.5300000000000001	5.222145661437501e7	5.14016141e7	4.9962107207499996e7
0.54	5.2180232145625e7	5.132387731250001e7	4.991499255125e7
0.5499999999999999	5.219348278625001e7	5.127970775000001e7	4.9885546176249996e7
0.5600000000000002	5.2150788051874995e7	5.1196671162499994e7	4.9838433801249996e7
0.5700000000000002	5.2158147364374995e7	5.1140133575e7	4.9797207051249996e7
0.5800000000000001	5.2122810801875e7	5.10482603375e7	4.9773652004374996e7
0.59	5.2147841817499995e7	5.1009391943749994e7	4.9711814160625e7
0.6	5.209778434875e7	5.090515205e7	4.9680895238749996e7
0.61	5.2112505255e7	5.085391426249999e7	4.9633781723125e7
0.62	5.206097409875e7	5.075497690624999e7	4.957930661375e7
0.63	5.2087477661249995e7	5.069490520625e7	4.9533664504374996e7
0.64	5.2053613645625e7	5.060656608125001e7	4.9507160941875e7
0.65	5.206244550500001e7	5.055533103125001e7	4.9440911160625e7
0.66	5.2033000270625e7	5.04563909375e7	4.940557345749999e7
0.67	5.2041835551874995e7	5.038925374999999e7	4.933490261375e7
0.68	5.200208363e7	5.0295616193749994e7	4.9293678145e7
0.6900000000000001	5.2012389176875e7	5.0246145462500006e7	4.9239200754374996e7
0.7000000000000001	5.197410866125e7	5.01224706875e7	4.9172948691875e7
0.71	5.1984414208125e7	5.0074768381249994e7	4.9119946129375e7
0.7199999999999999	5.195202388e7	4.996346163125002e7	4.9055163191875e7
0.7300000000000001	5.196232828625e7	4.989809013125001e7	4.8977130754374996e7
0.7400000000000001	5.1922577505e7	4.9790318862500004e7	4.891529405125e7
0.75	5.193582814562501e7	4.97514491e7	4.8826956066875e7
0.76	5.1906381770625e7	4.96313084375e7	4.873861694187499e7
0.7699999999999998	5.191227081750001e7	4.9576536537499994e7	4.8663529598125e7
0.78	5.1873993723749995e7	4.947406506875001e7	4.8572244238749996e7
0.79	5.1888714629999995e7	4.94033951375e7	4.848685248874999e7
0.8	5.1850434114374995e7	4.92973881875e7	4.839409686375e7
0.8100000000000003	5.1853379208125e7	4.9228483943749994e7	4.8292505957499996e7
0.8200000000000001	5.184159997375e7	4.9111876025e7	4.8177665551249996e7
0.8300000000000001	5.1841601114375e7	4.9039439037499994e7	4.804663055125e7
0.8400000000000001	5.181657009875e7	4.895463539375e7	4.7962707926249996e7
0.8499999999999999	5.182098888000001e7	4.8878662925e7	4.7834616879375e7
0.8600000000000001	5.1775347911249995e7	4.8777957143750004e7	4.7728611754375e7
0.8700000000000001	5.1809208504999995e7	4.8716121125e7	4.7593159113749996e7
0.8800000000000001	5.1770927989374995e7	4.859951320625001e7	4.7491569348124996e7
0.8900000000000003	5.178270836437501e7	4.8530608962500006e7	4.73517002075e7
0.9000000000000001	5.174590039562501e7	4.842106926875e7	4.723685980124999e7
0.9099999999999999	5.1753261989375e7	4.8341564056250006e7	4.7107295066875e7
0.9199999999999999	5.1695841786249995e7	4.824085690624999e7	4.6968898473125e7
0.9299999999999999	5.174001020812501e7	4.815958600625e7	4.685553175437501e7
0.9399999999999997	5.170173197375e7	4.804651220000001e7	4.6721550519999996e7
0.95	5.171645516125e7	4.798467481249999e7	4.658757042625e7
0.96	5.1663451458125e7	4.785393455e7	4.6453590332499996e7
0.97	5.1691423005e7	4.7786797362500004e7	4.631961023874999e7
0.9800000000000002	5.1669339364375e7	4.767372492500001e7	4.6194463145e7
0.99	5.168111859875e7	4.759775245625e7	4.605165005125e7
1.	5.1628116036249995e7	4.746170965624999e7	4.5902946769999996e7
1.01	5.1654616176875e7	4.74051734375e7	4.5776327129374996e7
1.0199999999999998	5.161339170812501e7	4.7279732975e7	4.5632040348124996e7
1.03	5.162664463e7	4.7203761875e7	4.5492170066875e7
1.04	5.1589835520625e7	4.7074788668749996e7	4.5336107473125e7
1.05	5.1604558708125e7	4.70129499125e7	4.52050713325e7
1.0600000000000003	5.15706946925e7	4.687690848125e7	4.5059312004375e7
1.07	5.158541788000001e7	4.681330540625e7	4.4912078988749996e7
1.08	5.154860991125e7	4.668786494375e7	4.4738346973124996e7
1.09	5.155597150500001e7	4.660305856250001e7	4.461761752e7
1.0999999999999999	5.15368318175e7	4.6475851043749996e7	4.4471860473124996e7
1.11	5.1535360411249995e7	4.63981128875e7	4.4317267004374996e7
1.12	5.150002498937501e7	4.6270904e7	4.4164144941875e7
1.1300000000000001	5.1520636083124995e7	4.618256624375e7	4.4019860441874996e7
1.1400000000000003	5.149266225500001e7	4.606419400625e7	4.3840239379374996e7
1.1500000000000001	5.150149525500001e7	4.5975853512499996e7	4.3698895410624996e7
1.16	5.145879938e7	4.58415791375e7	4.353105358250001e7
1.17	5.1482356708125e7	4.576737509375e7	4.3392655848124996e7
1.18	5.143524205187501e7	4.5618965637499996e7	4.3232174473125e7
1.1899999999999997	5.145879938e7	4.5558896675e7	4.30805249575e7
1.2	5.141610350500001e7	4.540518605e7	4.2896487395e7
1.21	5.1432296958125e7	4.5338050231249996e7	4.2753673160624996e7
1.22	5.1392546176874995e7	4.518257118125e7	4.2584357645e7
1.2300000000000002	5.140874191125001e7	4.509070205e7	4.241356730124999e7
1.24	5.1380768083125e7	4.497232570625e7	4.2254559613749996e7
1.25	5.140285286437501e7	4.4882220893750004e7	4.209407709812499e7
1.26	5.134690520812501e7	4.473557849375e7	4.1921818769999996e7
1.2699999999999998	5.1357209614375e7	4.4656076018750004e7	4.1762807660625e7
1.28	5.1326291833124995e7	4.451119793750001e7	4.158171177e7
1.29	5.133954247375e7	4.4415791956250004e7	4.1419758988749996e7
1.3	5.130126423937501e7	4.42603170125e7	4.1250442332499996e7
1.3100000000000003	5.1299790551875e7	4.4187880025000006e7	4.1084070769999996e7
1.32	5.1286541051875e7	4.4046537425e7	4.0925061941875e7
1.33	5.130567959875e7	4.393876478750001e7	4.0729245145e7
1.34	5.12791783175e7	4.3800957668749996e7	4.0559927348125e7
1.3499999999999999	5.1277705770624995e7	4.3702017575e7	4.0395029473125e7
1.36	5.1249731942499995e7	4.354830831875e7	4.0212464457499996e7
1.3700000000000003	5.1251203348749995e7	4.346526899375e7	4.003431480125e7
1.3800000000000001	5.1232064801874995e7	4.3322160706250004e7	3.9867943238749996e7
1.3900000000000003	5.124089780187501e7	4.3210853956250004e7	3.96942100825e7
1.4000000000000001	5.1201147020625e7	4.30712784125e7	3.950281092625e7
1.4100000000000001	5.12158690675e7	4.297940654375e7	3.9336440504374996e7
1.42	5.1177588551875e7	4.28256972875e7	3.9153874348125e7
1.43	5.119525683312501e7	4.272322445e7	3.8959527816875e7
1.4399999999999997	5.11613928175e7	4.25801161625e7	3.8784323254374996e7
1.45	5.117611486437501e7	4.245467433125e7	3.8616478004374996e7
1.4600000000000002	5.1137836629999995e7	4.230626624375e7	3.8426550254375e7
1.47	5.113930803625e7	4.2216162800000004e7	3.8246929191874996e7
1.4800000000000002	5.1105446301875e7	4.205538531875e7	3.8052582660624996e7
1.49	5.113194644250001e7	4.192287663125e7	3.7871490191875e7
1.5	5.1084834067499995e7	4.1783301087500006e7	3.768745148875e7
1.51	5.110250006750001e7	4.169672901875e7	3.7510773238749996e7
1.5199999999999998	5.1062748145625e7	4.1516518025000006e7	3.7314956441874996e7
1.53	5.107158228625e7	4.1419347724999994e7	3.7130916598124996e7
1.5399999999999998	5.104655241125e7	4.127623806875e7	3.6939516301249996e7
1.55	5.1056859098749995e7	4.115786583125e7	3.676872823875e7
1.5600000000000003	5.1021521395624995e7	4.0990020125e7	3.6537577160624996e7
1.57	5.102741272375e7	4.0898149625e7	3.6384455098124996e7
1.58	5.099943775500001e7	4.072323706250001e7	3.6194526207499996e7
1.59	5.1018577442499995e7	4.0624298337500006e7	3.6003127051249996e7
1.5999999999999999	5.098471684875e7	4.046528928125e7	3.5819087207499996e7
1.61	5.098471570812501e7	4.0334549018750004e7	3.5642408957499996e7
1.6200000000000003	5.0955269333125e7	4.0184373875e7	3.5427453613749996e7
1.6300000000000001	5.09758815675e7	4.0071297331250004e7	3.524635886375e7
1.6400000000000003	5.094054614562501e7	3.989992161875e7	3.5068208066874996e7
1.6500000000000001	5.094938028625e7	3.980274858125e7	3.486944617625e7
1.6600000000000001	5.092287786437501e7	3.963137286874999e7	3.4675101926249996e7
1.67	5.0924351551875e7	3.9521833175e7	3.4494009457499996e7
1.68	5.088754472375e7	3.935222041250001e7	3.4289357379374996e7
1.6899999999999997	5.09125723175e7	3.9225014262499996e7	3.4103844988749996e7
1.7	5.08742929425e7	3.9083671662499994e7	3.3905083098125e7
1.7100000000000002	5.0877236895624995e7	3.895293003125e7	3.3732823629374996e7
1.72	5.0852207020625e7	3.8793920975e7	3.3519337410624992e7
1.7300000000000002	5.085662352062501e7	3.865964796875e7	3.3338243801250003e7
1.74	5.0821289239374995e7	3.851477125625001e7	3.3142427004375e7
1.75	5.083895638e7	3.838579805e7	3.2952498113749996e7
1.7600000000000002	5.0813926505e7	3.821618665625e7	3.2774347316875003e7
1.77	5.080803859875e7	3.81013471625e7	3.2599143894999996e7
1.7800000000000007	5.078889891125e7	3.79299687125e7	3.2393020410625e7
1.7899999999999996	5.0797730770624995e7	3.780806373125e7	3.2204566348125e7
1.8000000000000003	5.07565074425e7	3.7633149800000004e7	3.2008748410625003e7
1.81	5.07520909425e7	3.7511243449999996e7	3.1826181113749996e7
1.8199999999999998	5.073000616125e7	3.735046596875e7	3.161711367625e7
1.83	5.073736775500001e7	3.72108931625e7	3.1438962879375e7
1.8399999999999999	5.0702032333124995e7	3.706778487499999e7	3.1240200988750003e7
1.85	5.072411597375001e7	3.6940575987500004e7	3.1039967691875e7
1.8599999999999999	5.0669643145625e7	3.676919890625e7	3.083973211375e7
1.8700000000000006	5.0679947551874995e7	3.66243235625e7	3.0679250738749996e7
1.8799999999999994	5.064902863e7	3.6474148418749996e7	3.0493738348125e7
1.8900000000000001	5.0651973723749995e7	3.63557748125e7	3.0297922691875e7
1.9	5.061222066125e7	3.6168496962500006e7	3.0107992660624996e7
1.9100000000000001	5.062105480187501e7	3.60642584375e7	2.992395623875e7
1.92	5.058719078625e7	3.587344510625e7	2.970752492625e7
1.9300000000000002	5.0598970020625e7	3.575153875625e7	2.9547044691875e7
1.94	5.055774441125e7	3.559075990625e7	2.9342392613750003e7
1.9499999999999997	5.055480045812501e7	3.547592178125e7	2.9164242957499996e7
1.9600000000000004	5.052535522375e7	3.5283342762499996e7	2.89787317075e7
1.9700000000000002	5.0523882676874995e7	3.51791042375e7	2.877996867625e7
1.98	5.0485603301874995e7	3.50041944125e7	2.8603291566875e7
1.9900000000000002	5.047824056750001e7	3.4861084756249994e7	2.84015845825e7
2.	5.0450266739375e7	3.469147473125e7	2.82366867075e7
2.0100000000000002	5.045026788e7	3.459076758125e7	2.8046757816875e7
2.02	5.042671055187501e7	3.4405256787499994e7	2.7867136754374996e7
2.0300000000000007	5.04105148175e7	3.427274946875e7	2.765217798875e7
2.0399999999999996	5.0388428895624995e7	3.412610706875e7	2.7474029473125e7
2.0500000000000003	5.037517939562501e7	3.398299604375e7	2.72958809575e7
2.06	5.036340016125e7	3.381692013125e7	2.7116257613749996e7
2.07	5.0347204426875e7	3.37073804375e7	2.6924857316875e7
2.08	5.029420300500001e7	3.3527169443749998e7	2.675554180125e7
2.09	5.0292729317499995e7	3.3401731718749993e7	2.6575919598125e7
2.1	5.0261811536249995e7	3.3225052099999998e7	2.6390408348125e7
2.11	5.026475548937501e7	3.312434631875e7	2.6219620285625e7
2.1200000000000006	5.021764197375e7	3.292470181249999e7	2.6042942035625e7
2.1299999999999994	5.0207334145625e7	3.282576171875e7	2.5844181285625e7
2.14	5.01793603175e7	3.2652617581250004e7	2.56733920825e7
2.15	5.0185249364374995e7	3.2539543775e7	2.5492298473124996e7
2.16	5.0126358895625e7	3.2339900637499996e7	2.5311204863749996e7
2.17	5.010280156750001e7	3.2251558775e7	2.513011011375e7
2.18	5.0086605833125e7	3.207664895e7	2.496962873875e7
2.19	5.0086605833124995e7	3.1961809456249997e7	2.4775281066875e7
2.1999999999999997	5.00350758175e7	3.1772764549999993e7	2.461774592625e7
2.2100000000000004	5.000415575500001e7	3.1684426793749996e7	2.4449901816875003e7
2.22	4.9995322754999995e7	3.1500681687500004e7	2.4258501519999992e7
2.23	4.99761830675e7	3.13911433625e7	2.407151886375e7
2.24	4.993054095812501e7	3.1195030231250007e7	2.39183990825e7
2.25	4.9914346364375e7	3.1101392675e7	2.3741721973125003e7
2.2600000000000002	4.987606470812501e7	3.0921181681250002e7	2.3562098629374992e7
2.27	4.9859870114375e7	3.0816941787499998e7	2.3372172019999992e7
2.2800000000000007	4.9803922458125e7	3.0650864506250005e7	2.3233773145e7
2.2899999999999996	4.981275659875001e7	3.051835581875e7	2.3052678394999996e7
2.3000000000000003	4.977300353625e7	3.0361113818749998e7	2.289514211375e7
2.31	4.9750919895624995e7	3.0267473525e7	2.27214089575e7
2.32	4.9700860145625e7	3.0104931725000005e7	2.2553567129374996e7
2.33	4.9674360005e7	2.997595715e7	2.2376888879375e7
2.34	4.9639024583124995e7	2.983991298125e7	2.2219351457499996e7
2.35	4.9622828848749995e7	2.9714473887499996e7	2.2050035941874996e7
2.36	4.958160438000001e7	2.95660658e7	2.1865996098124996e7
2.3700000000000006	4.9556573364375e7	2.9437091224999998e7	2.1715821410624996e7
2.3799999999999994	4.950504448937501e7	2.9306350962499995e7	2.1565644441875e7
2.39	4.94829585675e7	2.9179140706249997e7	2.139780261375e7
2.4	4.9437316458124995e7	2.9027198506249998e7	2.1216706723125e7
2.41	4.9401979895624995e7	2.891942586875e7	2.1078311269999996e7
2.42	4.9365173067499995e7	2.8774550525000002e7	2.0914883660625e7
2.43	4.935339611437501e7	2.864380889375e7	2.0751457191875e7
2.44	4.92974473175e7	2.8513067262499996e7	2.0565945941875e7
2.4499999999999997	4.928419553625e7	2.839999345625e7	2.0437854895e7
2.4600000000000004	4.921352469250002e7	2.8253353793750007e7	2.0259705238749996e7
2.47	4.9201746598749995e7	2.8138511562500004e7	2.01154184575e7
2.48	4.9150214301875e7	2.8002470131250005e7	1.9963770082500003e7
2.49	4.913843734875e7	2.7896464550000004e7	1.9818010754375e7
2.5	4.9075126958125e7	2.775512331874999e7	1.9651641473125e7
2.5100000000000002	4.9054515864375e7	2.764734794375e7	1.9514716285624996e7
2.52	4.90029835675e7	2.75007069125e7	1.9329205035625e7
2.5300000000000007	4.8980899926875e7	2.738586741875e7	1.919522380125e7
2.5399999999999996	4.8927897364374995e7	2.72586599e7	1.9045050254375e7
2.5500000000000003	4.8896977301875e7	2.7161488231250003e7	1.8908122785625e7
2.56	4.8841029645625e7	2.701837720625e7	1.8744697457500007e7
2.57	4.8823362505e7	2.6922973962500006e7	1.8606299723125e7
2.58	4.877183248937501e7	2.6776330193749998e7	1.8478209816874996e7
2.59	4.874680261437501e7	2.6698593406249996e7	1.8330979082499996e7
2.6	4.8679076864374995e7	2.6541348668749996e7	1.8186692301250003e7
2.61	4.864815680187501e7	2.645831208125e7	1.8035042785625e7
2.6200000000000006	4.8601044426875e7	2.6318735168750003e7	1.7901064973124996e7
2.6299999999999994	4.8573071739375e7	2.622686193125e7	1.7765610051249996e7
2.64	4.852301084875e7	2.6090821868750002e7	1.759482427e7
2.65	4.846559178625001e7	2.600425116875e7	1.748587177e7
2.66	4.8433199176875e7	2.5878809337500002e7	1.7338639894999996e7
2.67	4.8400809989375e7	2.5786937468750007e7	1.7216439035624996e7
2.68	4.835222278625001e7	2.5659729950000003e7	1.706920830125e7
2.69	4.8328665458124995e7	2.55749249375e7	1.6955840441874996e7
2.6999999999999997	4.8259469442499995e7	2.5433582337500002e7	1.681891411375e7
2.7100000000000004	4.8228550520625e7	2.5359378293750003e7	1.6684934019999996e7
2.72	4.817407313000001e7	2.5228636662499998e7	1.6543592332499998e7
2.73	4.8141682801875e7	2.513499910625e7	1.6440530019999998e7
2.74	4.8084263739375e7	2.5020156874999996e7	1.6293299285624996e7
2.75	4.806512291125001e7	2.4933586174999997e7	1.6181403973125001e7
2.7600000000000002	4.798856302062501e7	2.48046116e7	1.6048896426250003e7
2.77	4.795175505187501e7	2.473924146875e7	1.5923751613749998e7
2.7800000000000007	4.790905803625002e7	2.4613801006250005e7	1.5791241785625e7
2.7899999999999996	4.78928634425e7	2.454666108125e7	1.5688178332500001e7
2.8000000000000003	4.78089408175e7	2.4422987674999997e7	1.5545365238750001e7
2.81	4.7776550489375e7	2.4341716775000002e7	1.5448193113749996e7
2.8200000000000003	4.7732380926875e7	2.4230410025000002e7	1.5321574613749996e7
2.83	4.7705879645625e7	2.415444029375e7	1.5215568348125e7
2.84	4.763226256750001e7	2.4041365118750006e7	1.5084531066874998e7
2.85	4.7617540520625e7	2.3951260306250002e7	1.4990306316875e7
2.86	4.7546868536249995e7	2.3869989406250004e7	1.48563250825e7
2.8700000000000006	4.7527729989374995e7	2.3792251249999996e7	1.4762095769999996e7
2.8799999999999994	4.74555843175e7	2.368447724375e7	1.4657560910624998e7
2.89	4.742319513e7	2.36067390875e7	1.4542722785625e7
2.9	4.7365774926875e7	2.349366528125e7	1.4426408691874998e7
2.91	4.732602186437501e7	2.3435362006249998e7	1.4338070707499996e7
2.92	4.726124234875e7	2.3324055256249998e7	1.4199671832499998e7
2.93	4.7243572926875e7	2.3256919437500004e7	1.4114278941874998e7
2.94	4.7178792270624995e7	2.31509124875e7	1.400827267625e7
2.9499999999999997	4.7152290989374995e7	2.3101441756250005e7	1.39125719575e7
2.9600000000000004	4.70963421925e7	2.2984833837500002e7	1.38065668325e7
2.97	4.7038921989375e7	2.2937131531250004e7	1.3709393566875001e7
2.98	4.6991807333125e7	2.28293602625e7	1.3610750035625e7
2.9900000000000007	4.6963833505e7	2.2760454650000002e7	1.3503271223125001e7
3.	4.6891691255e7	2.267918375e7	1.3406096816875001e7
3.0100000000000002	4.685046678625e7	2.2612045193749994e7	1.3329536926250001e7
3.02	4.6810713723749995e7	2.25113394125e7	1.3214697660625001e7
3.0300000000000007	4.6770962942499995e7	2.24194689125e7	1.314108286375e7
3.0399999999999996	4.670618000500002e7	2.2345263500000004e7	1.3038019410624998e7
3.0500000000000003	4.6660537895625e7	2.2308160793750003e7	1.2961460660625e7
3.06	4.660606164562501e7	2.22127548125e7	1.2862814848125001e7
3.0700000000000003	4.658692309875e7	2.213855076875e7	1.2775947129375e7
3.0799999999999996	4.651625111437501e7	2.2062579668749996e7	1.2678776145000001e7
3.09	4.64764991925e7	2.2014877362499997e7	1.2608106441875e7
3.1	4.641171853625e7	2.1924771181250002e7	1.2516822223125001e7
3.11	4.637638197375e7	2.187530181875e7	1.2447625066875e7
3.1200000000000006	4.632337941125e7	2.179226249375e7	1.2353394613749998e7
3.1299999999999994	4.6293933036249995e7	2.173219353125e7	1.228272377e7
3.14	4.623062378625e7	2.1642085981250007e7	1.2191439551250001e7
3.15	4.6196759770624995e7	2.1596150731250007e7	1.2122242395000001e7
3.16	4.61260900675e7	2.1514881200000003e7	1.2038320910625e7
3.1700000000000004	4.610253159875001e7	2.1467177525e7	1.1973540254375e7
3.18	4.603186303625e7	2.1382371143750004e7	1.188667367625e7
3.19	4.599799902062501e7	2.1354102349999998e7	1.1820417051250001e7
3.1999999999999997	4.593910741125e7	2.1249863825000003e7	1.1739441801250001e7
3.2100000000000004	4.590376856750001e7	2.1202160150000002e7	1.1670243504375e7
3.22	4.5843405551875e7	2.1127957474999998e7	1.1589265973125001e7
3.23	4.581543172375e7	2.1089087712500002e7	1.15289029575e7
3.2400000000000007	4.574476088e7	2.1006049756249998e7	1.14287834575e7
3.25	4.5712370551875e7	2.095304628125e7	1.13905040825e7
3.2600000000000002	4.5662310801875e7	2.08770738125e7	1.1310999098124998e7
3.27	4.561814238e7	2.0841740900000002e7	1.1255050301249998e7
3.2800000000000007	4.556219472375e7	2.076223431875e7	1.1165242051250001e7
3.2899999999999996	4.5534219755e7	2.072866709375e7	1.112990548875e7
3.3000000000000003	4.546502259875e7	2.065446168125e7	1.1047455410625001e7
3.31	4.542821463000001e7	2.06138248625e7	1.1001814441875e7
3.3200000000000003	4.537373838000001e7	2.05325539625e7	1.090464117625e7
3.3299999999999996	4.5341348051875e7	2.0497218312500004e7	1.0870779441875001e7
3.34	4.528245416125e7	2.042301426875e7	1.0789801910625e7
3.35	4.522650650500001e7	2.0389445675e7	1.0738270754375e7
3.36	4.5176447895625e7	2.0325841231250003e7	1.06779054575e7
3.3700000000000006	4.5141112473749995e7	2.0288738525e7	1.0632265629375e7
3.3799999999999994	4.509841659875e7	2.0209234681250002e7	1.0551288098125e7
3.39	4.5043941489374995e7	2.0173899031250004e7	1.050122948875e7
3.4	4.498799269250001e7	2.0101460675e7	1.0430558645e7
3.41	4.4954128676875e7	2.006789208125e7	1.0396694629374998e7
3.4200000000000004	4.49040700675e7	1.9990152556250002e7	1.0312772004375001e7
3.43	4.487609738e7	1.9968954725e7	1.0293631176250001e7
3.44	4.481573208312501e7	1.990005048125e7	1.0202350379375001e7
3.4499999999999997	4.4774507614374995e7	1.9875315800000004e7	1.0178790770000001e7
3.4600000000000004	4.472739409875e7	1.9806411556250002e7	1.0094870426250001e7
3.47	4.4680279442499995e7	1.9767540425e7	1.0069841691875e7
3.48	4.46213866925e7	1.96968718625e7	9.991809254375001e6
3.4900000000000007	4.45993041925e7	1.96597677875e7	9.962361738750001e6
3.5	4.4534521255e7	1.960146588125e7	9.878441395e6
3.5100000000000002	4.4515380426874995e7	1.9582031000000004e7	9.865189613750001e6
3.52	4.4444709583124995e7	1.951842655625e7	9.806298004375e6
3.5300000000000007	4.440201484875001e7	1.948839070625e7	9.763602129375e6
3.5399999999999996	4.4362260645625e7	1.941771940625e7	9.704708238750001e6
3.5500000000000003	4.4325452676875e7	1.939651746875e7	9.65906727e6
3.56	4.4262143426875e7	1.932761459375e7	9.597228285625e6
3.5700000000000003	4.421944755187501e7	1.9294046e7	9.575145785625e6
3.5799999999999996	4.416497016125001e7	1.9235742725e7	9.510361707500001e6
3.59	4.4144357926875e7	1.920217413125e7	9.476499973125001e6
3.6	4.40736859425e7	1.915270476875e7	9.402884035625e6
3.61	4.402951866125e7	1.912620303125e7	9.376382754375e6
3.6200000000000006	4.398976559875001e7	1.906436564375e7	9.3116009575e6
3.6299999999999994	4.395295877062501e7	1.904139801875e7	9.298350316874998e6
3.64	4.3889649520625e7	1.896896103125e7	9.233567379375e6
3.65	4.385431409875e7	1.896189280625e7	9.218844191875e6
3.66	4.38027829425e7	1.88982883625e7	9.149647035625e6
3.6700000000000004	4.3768920067499995e7	1.887885348125e7	9.124617160625001e6
3.68	4.371738891125e7	1.881348335e7	9.064253004375001e6
3.69	4.367763584875e7	1.879404846875e7	9.046585863750001e6
3.6999999999999997	4.360991009875001e7	1.87339781375e7	8.980331520000001e6
3.7100000000000004	4.3596659458125e7	1.8714544625000007e7	8.959719285625001e6
3.72	4.3525988614375e7	1.865800840625e7	8.894937488750001e6
3.73	4.351273797375e7	1.86244398125e7	8.8816857075e6
3.7400000000000007	4.34405934425e7	1.8582037306250002e7	8.806597223125001e6
3.75	4.339937011437499e7	1.8562602425e7	8.80512467625e6
3.759999999999999	4.3355200551875e7	1.85007650375e7	8.730037332499998e6
3.7700000000000005	4.331986513e7	1.8486631325000003e7	8.715315285625e6
3.7800000000000002	4.3277168114375e7	1.8421259825000003e7	8.660839035625001e6
3.79	4.3253608505e7	1.8415960025000002e7	8.656423676249998e6
3.8	4.3196190583124995e7	1.83611908625e7	8.596059520000001e6
3.8100000000000014	4.3144659426874995e7	1.834175598125e7	8.58133405125e6
3.8200000000000003	4.3099018458125e7	1.8292286618750002e7	8.520969895e6
3.829999999999999	4.307987763e7	1.82728517375e7	8.49005211375e6
3.84	4.302392997375001e7	1.821631278125e7	8.448826504375001e6
3.8500000000000005	4.2978287864374995e7	1.81898124125e7	8.428215410625e6
3.8600000000000003	4.2947370083125e7	1.8138575993750002e7	8.375210566875001e6
3.87	4.291497861437501e7	1.81315091375e7	8.3663775668750005e6
3.88	4.28708101925e7	1.80732058625e7	8.2927616293750005e6
3.8899999999999997	4.284283522375e7	1.806260489375e7	8.2942341762500005e6
3.8999999999999995	4.278541502062501e7	1.8000768875000004e7	8.2382853793750005e6
3.91	4.276333138e7	1.799193359375e7	8.2117863793750005e6
3.920000000000001	4.272063550500001e7	1.793363031875e7	8.164670582500001e6
3.9299999999999997	4.2691187989375e7	1.7926563462500002e7	8.155836441875e6
3.9400000000000004	4.263229523937501e7	1.7877094100000005e7	8.0998899262500005e6
3.95	4.25969598175e7	1.7870027243750002e7	8.095471145e6
3.96	4.2561624395625e7	1.780995828125e7	8.02480030125e6
3.9699999999999998	4.253512197375e7	1.7795821831249997e7	8.0380520825000005e6
3.9800000000000004	4.2489482145625e7	1.7753419325e7	7.980631879375e6
3.990000000000001	4.2455618129999995e7	1.7721619156250004e7	7.949712957500001e6
4.	4.240997716125e7	1.768804919375e7	7.9011280356250005e6
4.009999999999999	4.240555838e7	1.7672148425000004e7	7.9011268950000005e6
4.0200000000000005	4.234666563e7	1.7617377893749997e7	7.8525408325000005e6
4.03	4.232163803625001e7	1.7608543981250003e7	7.85401452e6
4.04	4.2278941020625e7	1.75749753875e7	7.795120629374999e6
4.05	4.225685738e7	1.755554050625e7	7.78186998875e6
4.060000000000001	4.2199434895625e7	1.7507838200000003e7	7.7303388325e6
4.07	4.2178823801875e7	1.74937044875e7	7.72739373875e6
4.079999999999999	4.2137600473749995e7	1.7442468068749998e7	7.665558176249999e6
4.09	4.21243486925e7	1.74460008125e7	7.669975816875e6
4.1000000000000005	4.207429008312501e7	1.7387697537499998e7	7.609610520000001e6
4.11	4.2044843708125e7	1.73770979375e7	7.612554473125e6
4.12	4.200214783312501e7	1.7325860150000002e7	7.5521903168750005e6
4.13	4.19771168175e7	1.73240944625e7	7.5595507700000005e6
4.14	4.194178139562501e7	1.7274623731250003e7	7.5065482075e6
4.1499999999999995	4.1916751520624995e7	1.7265791187500004e7	7.499187754375e6
4.16	4.187699959875001e7	1.723222259375e7	7.4520719575000005e6
4.170000000000001	4.1843137864375e7	1.723398828125e7	7.437349910625e6
4.18	4.1821053083124995e7	1.7165084037499998e7	7.3872901606250005e6
4.19	4.1781300020625e7	1.716861815e7	7.4005408012500005e6
4.2	4.174890855187501e7	1.712974701875e7	7.340176645000001e6
4.21	4.17282963175e7	1.71173803625e7	7.3490107856250005e6
4.22	4.1703267583125e7	1.70714451125e7	7.2915905825e6
4.23	4.1667931020625e7	1.7067913737500004e7	7.2930631293750005e6
4.240000000000001	4.1622290051874995e7	1.701137478125e7	7.240060566875e6
4.25	4.160756572375001e7	1.70078420375e7	7.240059426250001e6
4.259999999999999	4.1572232583125e7	1.697780481875e7	7.188529410625e6
4.2700000000000005	4.154131366125e7	1.69548385625e7	7.203251457500001e6
4.28	4.1500088051875e7	1.6921269968750004e7	7.13847080125e6
4.29	4.148094836437501e7	1.6910670368750002e7	7.1399422075e6
4.3	4.1450028301875e7	1.6859432581249997e7	7.097245191875e6
4.310000000000001	4.1439723895625e7	1.6873566293750003e7	7.094302379375e6
4.32	4.1391136692499995e7	1.68187957625e7	7.0486602700000005e6
4.329999999999999	4.1376413504999995e7	1.680112930625e7	7.0486591293750005e6
4.34	4.1341078083124995e7	1.6781694425e7	6.985349879375e6
4.3500000000000005	4.1316050489374995e7	1.677109345625e7	6.9897663793750005e6
4.36	4.1299853614374995e7	1.673575780625e7	6.952958410625e6
4.37	4.1265989598749995e7	1.672339115e7	6.960321145e6
4.38	4.1232127864375e7	1.6675688843750002e7	6.904372348125e6
4.39	4.1220349770625e7	1.6679220218750004e7	6.910261395e6
4.3999999999999995	4.117618134875001e7	1.6642120250000002e7	6.87198202e6
4.41	4.115851192687501e7	1.6626218112499999e7	6.883760113750001e6
4.420000000000001	4.110698191125e7	1.6585584031250004e7	6.8116155825000005e6
4.43	4.1099620317499995e7	1.659618363125e7	6.8410619575000005e6
4.44	4.1064283755e7	1.65520127e7	6.7689197075e6
4.45	4.1045144067499995e7	1.6541413100000003e7	6.799838629375e6
4.46	4.1012753739375e7	1.6499011962499999e7	6.7424195668750005e6
4.47	4.0990668958125e7	1.6500779018750003e7	6.748308613750001e6
4.48	4.0961222583125e7	1.6460143568749998e7	6.701195098125e6
4.490000000000001	4.0945025708124995e7	1.64654447375e7	6.715917145e6
4.5	4.091410906750001e7	1.64212724375e7	6.64966280125e6
4.509999999999999	4.0890551739375e7	1.6417739693750001e7	6.6643859887500005e6
4.5200000000000005	4.086257791125001e7	1.6373568762500003e7	6.621688973125e6
4.53	4.084785472375e7	1.6380636987500004e7	6.61874273875e6
4.54	4.080368516125e7	1.6338233112500003e7	6.58046336375e6
4.55	4.0790434520624995e7	1.6336468793750001e7	6.583409598125e6
4.560000000000001	4.0760987004999995e7	1.63099656875e7	6.5362949418750005e6
4.57	4.0746264958125e7	1.6285231006250001e7	6.5672138637500005e6
4.579999999999999	4.07079844425e7	1.62569622125e7	6.5083199731250005e6
4.59	4.0691788708125e7	1.6260496324999997e7	6.5097936606250005e6
4.6000000000000005	4.0663816020625e7	1.6228694787499996e7	6.4700394575000005e6
4.61	4.064762028625001e7	1.6223393618749999e7	6.467096644999999e6
4.62	4.0610812317499995e7	1.6186292281250002e7	6.4361788637500005e6
4.63	4.060639467687501e7	1.6195126193750003e7	6.4494295043750005e6
4.64	4.0568115301875e7	1.613858860625e7	6.403788535625e6
4.6499999999999995	4.0559281161249995e7	1.6150956631250003e7	6.4126215356250005e6
4.66	4.0507750004999995e7	1.6103254325000001e7	6.356673879375001e6
4.670000000000001	4.051511159875e7	1.6115620981250003e7	6.374341020000001e6
4.68	4.047683222375e7	1.6073218475000001e7	6.321337316875e6
4.69	4.0466526676875e7	1.60767525875e7	6.34783973875e6
4.7	4.043560775500001e7	1.6032581656249998e7	6.299252535625e6
4.71	4.042971984875e7	1.6030815968750002e7	6.300723941874999e6
4.72	4.0403217426875e7	1.59919448375e7	6.2565555200000005e6
4.73	4.038849423937501e7	1.6004314231250003e7	6.27275011375e6
4.740000000000001	4.0334017989375e7	1.595837898125e7	6.21091227e6
4.75	4.034726863e7	1.59407097875e7	6.2418323325000005e6
4.759999999999999	4.0310459520625e7	1.5919509218750002e7	6.1976639106250005e6
4.7700000000000005	4.0292793520625e7	1.59301101875e7	6.2094420043750005e6
4.78	4.025745809875001e7	1.588240788125e7	6.1623273481250005e6
4.79	4.0247152551875e7	1.5885939256250001e7	6.1696889418750005e6
4.8	4.0230957958125e7	1.5852370662499998e7	6.1255205200000005e6
4.810000000000001	4.0210345723749995e7	1.5850604975000001e7	6.137297473125e6
4.82	4.0179426801875e7	1.5815267956250003e7	6.0960741450000005e6
4.829999999999999	4.015292438e7	1.583293715e7	6.0990192387500005e6
4.84	4.012494941125e7	1.5774633875000004e7	6.0725168168750005e6
4.8500000000000005	4.013672750500001e7	1.57764023e7	6.0695728637500005e6
4.86	4.0098446989374995e7	1.5753431937500002e7	6.034236301250001e6
4.87	4.0077834755e7	1.5760498793750001e7	6.0563222231250005e6
4.88	4.0052806020625e7	1.5714563543750001e7	6.0047910668750005e6
4.89	4.0052806020625e7	1.5726930200000001e7	6.0077338793750005e6
4.8999999999999995	4.0018943145625e7	1.5688061806249999e7	5.9841776918750005e6
4.91	3.9990970458124995e7	1.5689828862499999e7	5.9930129731250005e6
4.920000000000001	3.996446803625e7	1.5658027325000001e7	5.9517873637500005e6
4.93	3.9961524083125e7	1.5650960468750002e7	5.9444257700000005e6
4.94	3.9952688801875e7	1.5631525587500004e7	5.9252860825e6
4.95	3.9908521520624995e7	1.5633292643749999e7	5.9282300356250005e6
4.96	3.988790700500001e7	1.558912308125e7	5.8987848012500005e6
4.97	3.988790928625e7	1.5585587600000003e7	5.889950660625e6
4.98	3.9862878270625e7	1.555555311875e7	5.8487273325000005e6
4.990000000000001	3.9861405723749995e7	1.5566155456249999e7	5.8928957543750005e6
5.	3.982312634875e7	1.552905138125e7	5.8369480981250005e6
5.009999999999999	3.9815763614374995e7	1.5536119606250003e7	5.8575603325000005e6
5.0200000000000005	3.978778978625e7	1.5499016899999999e7	5.80750286375e6
5.03	3.97715951925e7	1.5509619237500003e7	5.834003004375e6
5.04	3.975098295812501e7	1.5481349075e7	5.795723629375e6
5.05	3.974362022375e7	1.5467215362499999e7	5.808971988749999e6
5.060000000000001	3.971859263e7	1.544778048125e7	5.75596942625e6
5.07	3.9717120083125e7	1.5454847337499999e7	5.783944394999999e6
5.079999999999999	3.968767142687501e7	1.5415980312500002e7	5.7294681450000005e6
5.09	3.9664116379999995e7	1.5419511687499998e7	5.7427176450000005e6
5.1000000000000005	3.9650865739375e7	1.541067914375e7	5.7103284575000005e6
5.11	3.96361436925e7	1.540537934375e7	5.7309406918750005e6
5.12	3.9617004005e7	1.5370042325000001e7	5.676466723125001e6
5.13	3.9600807129999995e7	1.5362975468750004e7	5.70738336375e6
5.14	3.9577250942499995e7	1.53382407875e7	5.6573270356250005e6
5.1499999999999995	3.956252547375001e7	1.5350608812499998e7	5.6764644418750005e6
5.16	3.956400030187501e7	1.53205729625e7	5.629350926249999e6
5.170000000000001	3.9568416801875e7	1.5313507475e7	5.649965441875001e6
5.18	3.954927597375e7	1.52923055375e7	5.621990473125e6
5.19	3.954485947375e7	1.5285237312500004e7	5.6367125200000005e6
5.2	3.9538970426875e7	1.526757085625e7	5.5940143637500005e6
5.21	3.9537499020625e7	1.52640381125e7	5.6146300200000005e6
5.22	3.9518357051875e7	1.5242836175e7	5.5748758168750005e6
5.23	3.9510995458125e7	1.525167145625e7	5.5807660043750005e6
5.240000000000001	3.9506578958125e7	1.5218100125e7	5.554264723125e6
5.25	3.949480086437501e7	1.519159975625e7	5.5660428168750005e6
5.259999999999999	3.9453575255e7	1.519336544375e7	5.546900848124999e6
5.2700000000000005	3.9471242395624995e7	1.52057321e7	5.5542635825e6
5.28	3.9438853208125e7	1.516686370625e7	5.5071477856250005e6
5.29	3.9444741114374995e7	1.5179231731250001e7	5.5336513481250005e6
5.3	3.941529473937501e7	1.5143896081249999e7	5.50126102e6
5.310000000000001	3.942118606750001e7	1.5159798218750002e7	5.5086214731250005e6
5.32	3.9384376958124995e7	1.5119161400000002e7	5.4762322856250005e6
5.329999999999999	3.9394682504999995e7	1.5129761e7	5.49389942625e6
5.34	3.936082191125e7	1.5082060062500002e7	5.4615068168750005e6
5.3500000000000005	3.937848791125e7	1.509972651875e7	5.460035410625e6
5.36	3.9328428161249995e7	1.506439086875e7	5.42911648875e6
5.37	3.9341681083125e7	1.5092658293750003e7	5.4453110825e6
5.38	3.931665234875e7	1.5030822275e7	5.3937844887500005e6
5.39	3.9319594020625e7	1.508735849375e7	5.437950629375e6
5.3999999999999995	3.927984323937501e7	1.5018456987500003e7	5.39672730125e6
5.41	3.9296037833124995e7	1.503788913125e7	5.4040877543750005e6
5.420000000000001	3.926364864562501e7	1.5002554850000003e7	5.3716962856250005e6
5.43	3.928720483312501e7	1.5016687193749998e7	5.3981987075e6
5.44	3.923714622375e7	1.49919525125e7	5.3540291450000005e6
5.45	3.9238618770625e7	1.4974287425e7	5.377586473125e6
5.46	3.920917239562501e7	1.4944250206249999e7	5.3378345512500005e6
5.47	3.9200338255e7	1.497428605625e7	5.351085191875e6
5.48	3.9209172395625e7	1.4946015893749999e7	5.306915629375001e6
5.490000000000001	3.9215060301875e7	1.4954851174999999e7	5.3245827700000005e6
5.5	3.9163530286249995e7	1.49230496375e7	5.2863022543750005e6
5.509999999999999	3.914439059875001e7	1.4935414925e7	5.3010254418750005e6
5.5200000000000005	3.9089916629999995e7	1.489478084375e7	5.2656911606250005e6
5.53	3.9094331989375e7	1.4882412818750001e7	5.2818868950000005e6
5.54	3.905016128625e7	1.4870046162500005e7	5.2465503325000005e6
5.55	3.906930325500001e7	1.4871811849999998e7	5.25685702e6
5.560000000000001	3.903102159875e7	1.484707716875e7	5.228882051250001e6
5.57	3.904427338000001e7	1.4850611281250002e7	5.2421338325e6
5.579999999999999	3.8995688458125e7	1.48223424875e7	5.1906026762500005e6
5.59	3.900893909875e7	1.4838244625e7	5.231827145e6
5.6000000000000005	3.89750739425e7	1.47958434875e7	5.1950203168750005e6
5.61	3.9004521458125e7	1.4818808375e7	5.2141600043750005e6
5.62	3.896918603625e7	1.477464018125e7	5.1847124887500005e6
5.63	3.897213113000001e7	1.4797609175e7	5.1920752231250005e6
5.64	3.8944156161249995e7	1.4762272156250002e7	5.1626299887500005e6
5.6499999999999995	3.894562870812501e7	1.4771107437500002e7	5.1861861762500005e6
5.66	3.891323609875e7	1.4730470618749999e7	5.146434254375e6
5.670000000000001	3.894268361437501e7	1.4751672556250002e7	5.1817685356250005e6
5.68	3.890587678625e7	1.4726936506249998e7	5.115514191875001e6
5.69	3.8927960426875e7	1.4742840012500001e7	5.14790452e6
5.7	3.8888208505e7	1.470397025e7	5.1169867387500005e6
5.71	3.8911765833124995e7	1.4711037106249997e7	5.1376001137500005e6
5.72	3.886465003625001e7	1.467040165625e7	5.099319598125e6
5.73	3.8886735958125e7	1.4686302425e7	5.125822020000001e6
5.740000000000001	3.88484554425e7	1.4661567743750002e7	5.0816524575e6
5.75	3.886612372375e7	1.4681001256250001e7	5.1007910043750005e6
5.759999999999999	3.8833733395625e7	1.4633298950000003e7	5.0669292700000005e6
5.7700000000000005	3.8832260848749995e7	1.4635066006250001e7	5.1007921450000005e6
5.78	3.8813120020625e7	1.4626230725000001e7	5.0448444887500005e6
5.79	3.8830788301874995e7	1.4635066006250001e7	5.0757634106250005e6
5.8	3.8798396833125e7	1.4606797212500002e7	5.0433708012500005e6
5.810000000000001	3.8793981473749995e7	1.4597963300000003e7	5.053678629375001e6
5.82	3.8760117458125e7	1.4590895075e7	5.0271762075000005e6
5.829999999999999	3.876748019250001e7	1.4578528418750005e7	5.0418982543750005e6
5.84	3.873508872375e7	1.4560859225000001e7	5.0036188793750005e6
5.8500000000000005	3.8754227270624995e7	1.4564394706249999e7	5.028648754375001e6
5.86	3.872478203625e7	1.455202668125e7	4.9947858793750005e6
5.87	3.872478203625e7	1.4564394706250003e7	5.002147473125001e6
5.88	3.8682085020625e7	1.4529059056249999e7	4.980060410625e6
5.890000000000001	3.8710059989375e7	1.4525524943749998e7	5.0036177387500005e6
5.8999999999999995	3.866147278625e7	1.4518458087499999e7	4.97564505125e6
5.91	3.867325088e7	1.4529059056249999e7	4.984479191875e6
5.920000000000001	3.86452781925e7	1.4511391231250001e7	4.95650536375e6
5.93	3.8648222145625e7	1.4502557318750003e7	4.96681205125e6
5.94	3.862319341125e7	1.4474289893749999e7	4.928531535625e6
5.95	3.8629082458124995e7	1.449195771875e7	4.95208886375e6
5.96	3.859668984875e7	1.4468987356250001e7	4.928531535625e6
5.97	3.861141417687501e7	1.4474288524999999e7	4.9491426293750005e6
5.98	3.856871716125001e7	1.4451320899999997e7	4.919698535625e6
5.990000000000001	3.8589329395625e7	1.44407213e7	4.937364535625e6
6.	3.854368614562501e7	1.4433654443749998e7	4.9020302543750005e6
6.009999999999999	3.855988416125e7	1.444955384375e7	4.93000180125e6
6.0200000000000005	3.8523075051874995e7	1.441068545e7	4.8799454731250005e6
6.03	3.855104888e7	1.4414216825000001e7	4.9064456137500005e6
6.04	3.8503935364375e7	1.4389483512500001e7	4.8711113325000005e6
6.05	3.8508354145625e7	1.440715270625e7	4.8873082075e6
6.060000000000001	3.8467129676875e7	1.4364748831249999e7	4.8696387856250005e6
6.07	3.8468601083125e7	1.4384183712500002e7	4.894666379374999e6
6.079999999999999	3.842148756750001e7	1.4362981774999999e7	4.8475540043750005e6
6.09	3.844504489562501e7	1.4352382175e7	4.8755301137500005e6
6.1000000000000005	3.8411179739375e7	1.434001551875e7	4.84461005125e6
6.11	3.8434738208125e7	1.4334712981249997e7	4.87258502e6
6.12	3.84097071925e7	1.4336480037500001e7	4.8328308168750005e6
6.13	3.8414124833125e7	1.4336480037500001e7	4.8549155981250005e6
6.140000000000001	3.8375845458125e7	1.4336480037500001e7	4.840192410625e6
6.1499999999999995	3.840087191125001e7	1.43294118125e7	4.838721004375001e6
6.159999999999999	3.8375843176875e7	1.43046785e7	4.8195801762500005e6
6.170000000000001	3.8397929098749995e7	1.4302910075e7	4.8401935512500005e6
6.18	3.836701131750001e7	1.4309979668750003e7	4.8122185825e6
6.19	3.8392040051875e7	1.430644555625e7	4.831359410625e6
6.2	3.8359649723749995e7	1.4288777731250001e7	4.8048569887500005e6
6.21	3.836406622375e7	1.4281709506250003e7	4.826942910625e6
6.22	3.8330202208124995e7	1.4278176762500001e7	4.801913035625e6
6.230000000000001	3.835817717687501e7	1.427994381875e7	4.8269417700000005e6
6.240000000000001	3.8322841755e7	1.4276411075000001e7	4.7989679418750005e6
6.25	3.834934303625e7	1.427640970625e7	4.818108770000001e6
6.259999999999999	3.8312536208125e7	1.4262274625000002e7	4.77982711375e6
6.2700000000000005	3.8341982583125e7	1.426581010625e7	4.81074717625e6
6.28	3.8314008755e7	1.4234008568749998e7	4.76068742625e6
6.29	3.830811628625e7	1.4242841112500004e7	4.8239989575000005e6
6.3	3.828750519250001e7	1.4235774256250001e7	4.7695215668750005e6
6.310000000000001	3.831400761437501e7	1.4241075425e7	4.8151636762500005e6
6.32	3.8286031505e7	1.4225173287500001e7	4.7636313793750005e6
6.329999999999999	3.8312536208125e7	1.4228707399999999e7	4.8078009418750005e6
6.340000000000001	3.827572709875e7	1.4219874856249997e7	4.7724655200000005e6
6.3500000000000005	3.8294867926875e7	1.4230474456249999e7	4.7930777543750005e6
6.36	3.8265421551875e7	1.41969058625e7	4.7724655200000005e6
6.37	3.8299284426875e7	1.4211039575e7	4.7857184418750005e6
6.38	3.8249224676875e7	1.4195140174999999e7	4.760687426250001e6
6.390000000000001	3.8261002770625e7	1.4212808e7	4.7857173012500005e6
6.3999999999999995	3.8241863083124995e7	1.4193370381249998e7	4.744491691875e6
6.409999999999999	3.8277197364375e7	1.4191604693750001e7	4.775411754375e6
6.420000000000001	3.8225668489375e7	1.4196904493749997e7	4.75038073875e6
6.43	3.8255116005e7	1.4184539206250003e7	4.7636325200000005e6
6.44	3.8215361801874995e7	1.418277078125e7	4.74596423875e6
6.45	3.8233030083125e7	1.41969058625e7	4.754798379375e6
6.46	3.822125084875e7	1.4182772150000002e7	4.7489093325000005e6
6.47	3.8233030083125e7	1.4156271781250002e7	4.7503818793750005e6
6.480000000000001	3.819180447375e7	1.4170404124999998e7	4.747436785625001e6
6.490000000000001	3.821389153625001e7	1.416687138125e7	4.7547972387500005e6
6.5	3.818738797375e7	1.41527363e7	4.748908191875e6
6.509999999999999	3.819769466125e7	1.4158036099999998e7	4.743020285625e6
6.5200000000000005	3.816383178625001e7	1.41509706125e7	4.7121025043750005e6
6.53	3.817560988e7	1.4143902387500001e7	4.73565755125e6
6.54	3.8156469051875e7	1.41262345625e7	4.7356586918750005e6
6.55	3.8178554973749995e7	1.4145669443750001e7	4.75627092625e6
6.560000000000001	3.8153523958125e7	1.4115633593750002e7	4.7106276762500005e6
6.57	3.813585681750001e7	1.412800025e7	4.7327135981250005e6
6.579999999999999	3.8127022676875e7	1.4108565368750002e7	4.694434223125001e6
6.590000000000001	3.8137329364375e7	1.4128002987499999e7	4.729768504375e6
6.6000000000000005	3.809757858312501e7	1.4099732825000001e7	4.687072629375e6
6.61	3.8119663364375e7	1.4105032625e7	4.7047386293750005e6
6.62	3.8088744442499995e7	1.4076765200000001e7	4.6900154418750005e6
6.63	3.811230063000001e7	1.409973145625e7	4.6988507231250005e6
6.640000000000001	3.8084326801875e7	1.4074996774999999e7	4.667932941875e6
6.6499999999999995	3.809904884875001e7	1.4090898912499998e7	4.6900177231250005e6
6.659999999999999	3.8051935333125e7	1.4059097375e7	4.6649889887500005e6
6.670000000000001	3.8074021255e7	1.4073232456250003e7	4.68707148875e6
6.68	3.804751997375e7	1.405203051875e7	4.6399602543750005e6
6.69	3.8062240879999995e7	1.4043197975000001e7	4.68707148875e6
6.7	3.8029850551875e7	1.40325956375e7	4.63995911375e6
6.71	3.8032795645625e7	1.4037895437500004e7	4.66351530125e6
6.72	3.8018072458125e7	1.4037895437500004e7	4.628181020000001e6
6.730000000000001	3.8034269333125e7	1.4027294468750002e7	4.657626254375e6
6.740000000000001	3.798420958312501e7	1.40096280125e7	4.6046236918750005e6
6.75	3.799746022375e7	1.400786095625e7	4.6414305200000005e6
6.759999999999999	3.798421072375e7	1.40166962375e7	4.6031511450000005e6
6.7700000000000005	3.79959888175e7	1.3993725875000004e7	4.6370140200000005e6
6.78	3.7950346708125e7	1.3984891962500002e7	4.601678598125e6
6.79	3.7965069895625e7	1.3984893331249999e7	4.6252359262500005e6
6.8	3.7957708301875e7	1.398665901875e7	4.6031500043750005e6
6.810000000000001	3.7962125942499995e7	1.3970759618749999e7	4.622291973125e6
6.82	3.791795638000001e7	1.3972526675e7	4.58106636375e6
6.829999999999999	3.794592906750001e7	1.3954858849999998e7	4.610511598125e6
6.840000000000001	3.792237288000001e7	1.39495563125e7	4.586955410625001e6
6.8500000000000005	3.7928261926875e7	1.396545845e7	4.6119841450000005e6
6.86	3.790470459875e7	1.395839159375e7	4.5737047700000005e6
6.87	3.791942778625e7	1.3935423968749998e7	4.5943170043750005e6
6.88	3.787525822375001e7	1.3924823e7	4.556037629375e6
6.890000000000001	3.790028695812501e7	1.3907155175e7	4.597262098125001e6
6.8999999999999995	3.7870841723749995e7	1.3917754774999997e7	4.541314441875e6
6.909999999999999	3.789881441125e7	1.3908920862499999e7	4.5840103168750005e6
6.920000000000001	3.7848758083124995e7	1.3898321262499997e7	4.531007754374999e6
6.93	3.787672963000001e7	1.3884187549999999e7	4.573705910625e6
6.94	3.7835506301875e7	1.3887718925e7	4.5398418950000005e6
6.95	3.7859062489375e7	1.3889485981250001e7	4.5560353481250005e6
6.96	3.7820783114374995e7	1.387888638125e7	4.5133383325000005e6
6.97	3.784581184875001e7	1.3882420493749999e7	4.55603877e6
6.980000000000001	3.781194897375e7	1.3861218556250002e7	4.5030327856250005e6
6.990000000000001	3.781931284875e7	1.387005246875e7	4.5413144418750005e6
7.	3.778986533312501e7	1.3854151700000001e7	4.4986162856250005e6
7.009999999999999	3.780605992687501e7	1.3847083474999998e7	4.5472046293750005e6
7.0200000000000005	3.777808609875e7	1.3834716818749998e7	4.5030350668750005e6
7.03	3.7807530192499995e7	1.38311813375e7	4.5251187075e6
7.04	3.7773669598749995e7	1.38506175875e7	4.4794754575000005e6
7.05	3.7772197051874995e7	1.382941565e7	4.5295363481250005e6
7.060000000000001	3.7757473864375e7	1.3834716818749998e7	4.4883095981250005e6
7.07	3.7770724504999995e7	1.38082137125e7	4.51039552e6
7.079999999999999	3.77515848175e7	1.3811747825000003e7	4.4662259575e6
7.090000000000001	3.774863858312501e7	1.380821508125e7	4.498618566875e6
7.1000000000000005	3.773686163e7	1.37976141125e7	4.4603346293750005e6
7.11	3.7722137301875e7	1.379408e7	4.485365645e6
7.12	3.770888780187501e7	1.378347903125e7	4.4662248168750005e6
7.13	3.772360984875e7	1.3765813943750001e7	4.4927283793750005e6
7.140000000000001	3.768974697375e7	1.37781778625e7	4.4647545512500005e6
7.1499999999999995	3.7695638301875e7	1.3772879431250002e7	4.476531504375e6
7.159999999999999	3.7680912833125e7	1.3764044150000002e7	4.427945441875e6
7.170000000000001	3.7677968879999995e7	1.378877883125e7	4.4691699106250005e6
7.18	3.768533047375001e7	1.375521160625e7	4.43972467625e6
7.19	3.768974811437501e7	1.3758744350000001e7	4.4780040512500005e6
7.2	3.7664718239375e7	1.3725175756250001e7	4.432361941875e6
7.21	3.7670607286249995e7	1.3732243981250001e7	4.452975316875e6
7.22	3.7642633458125e7	1.3734009668750001e7	4.41175198875e6
7.230000000000001	3.765146759875e7	1.3737543781250002e7	4.457391816875e6
7.240000000000001	3.7641162051874995e7	1.37075093e7	4.4073332075000005e6
7.25	3.7642633458125e7	1.3725177125e7	4.4485599575000005e6
7.259999999999999	3.762202122375e7	1.3718108899999999e7	4.3823044731250005e6
7.2700000000000005	3.7604354083125e7	1.372694418125e7	4.4353070356250005e6
7.28	3.7576379114375e7	1.369337421875e7	4.402917848125e6
7.29	3.7561655926875e7	1.3705743612499999e7	4.425000348125e6
7.3	3.7551350379999995e7	1.3679240506250001e7	4.3926100200000005e6
7.310000000000001	3.7541043692499995e7	1.3695142643749999e7	4.4205838481250005e6
7.32	3.75322106925e7	1.367217228125e7	4.3778868325000005e6
7.329999999999999	3.7549877833124995e7	1.3686308731250003e7	4.4176387543750005e6
7.340000000000001	3.7530738145625e7	1.364920465625e7	4.36021855125e6
7.3500000000000005	3.75204303175e7	1.3663341106249997e7	4.4220575356250005e6
7.36	3.7514542411249995e7	1.3649206025000002e7	4.366108738750001e6
7.37	3.7514542411249995e7	1.36651081625e7	4.4029167075e6
7.38	3.749981922375001e7	1.36421378e7	4.3661087387500005e6
7.390000000000001	3.750129063e7	1.3643906225e7	4.3985002075e6
7.3999999999999995	3.7480678395625e7	1.36315382e7	4.3440239575000005e6
7.409999999999999	3.7495401583125e7	1.364213916875e7	4.3778868325e6
7.420000000000001	3.748067953625e7	1.36227042875e7	4.323411723125e6
7.43	3.747037284875001e7	1.363153683125e7	4.371996645000001e6
7.44	3.74527045675e7	1.359620391875e7	4.3175215356250005e6
7.45	3.7467428895625e7	1.3603268037500001e7	4.369054973125e6
7.46	3.7432092333125e7	1.358560295e7	4.3101622231250005e6
7.47	3.7435037426875e7	1.358560158125e7	4.3543306450000005e6
7.480000000000001	3.743061978625e7	1.3566168068750001e7	4.3086896762500005e6
7.490000000000001	3.744092647375e7	1.35803004125e7	4.3425514106250005e6
7.5	3.742178678625001e7	1.3564401012500001e7	4.2851312075000005e6
7.509999999999999	3.7421787926875e7	1.3573234925e7	4.3322470043750005e6
7.5200000000000005	3.738497881750001e7	1.3544966131250001e7	4.280713566875e6
7.53	3.7404119645625e7	1.356086826875e7	4.3189963637500005e6
7.54	3.7386451364374995e7	1.3532598106250001e7	4.2718817075000005e6
7.55	3.739234041125e7	1.3536130850000001e7	4.3204677700000005e6
7.560000000000001	3.7361421489375e7	1.3518463025e7	4.2483243793750005e6
7.57	3.7370255629999995e7	1.3523762825000003e7	4.295439035625e6
7.579999999999999	3.735406103625e7	1.3502563625e7	4.246850691875001e6
7.590000000000001	3.73511159425e7	1.3527296937500002e7	4.2910202543750005e6
7.6000000000000005	3.733786416125e7	1.349196265625e7	4.2483232387500005e6
7.61	3.7342281801875e7	1.34990295125e7	4.289549988750001e6
7.62	3.7320197020624995e7	1.3481361687500002e7	4.22329336375e6
7.63	3.7318725614375e7	1.34866614875e7	4.268936613750001e6
7.640000000000001	3.73010561925e7	1.3470760718750002e7	4.211514129375e6
7.6499999999999995	3.7298112239375e7	1.3484895799999999e7	4.2601036137500005e6
7.659999999999999	3.7289279239375e7	1.346016111875e7	4.21151527e6
7.670000000000001	3.7287805551875e7	1.3467229343750002e7	4.260102473125e6
7.680000000000001	3.728927809875e7	1.34407262375e7	4.2129889575000005e6
7.69	3.7259832864375e7	1.344426035e7	4.2409616450000005e6
7.7	3.7258361458124995e7	1.3431892325000001e7	4.18059748875e6
7.71	3.72627768175e7	1.34424946625e7	4.2203505512500005e6
7.72	3.725541522375e7	1.3430125268750003e7	4.1732358950000005e6
7.730000000000001	3.723774694250001e7	1.3424825468749998e7	4.2174065981250005e6
7.740000000000001	3.723774694250001e7	1.3398323731250001e7	4.1688171137500005e6
7.75	3.7220079801875e7	1.341069175625e7	4.20857017625e6
7.76	3.7203885208124995e7	1.34000907875e7	4.1585127075e6
7.769999999999998	3.7221553489375e7	1.340185784375e7	4.2070987700000005e6
7.779999999999999	3.71906345675e7	1.3380657275e7	4.136426785625e6
7.790000000000001	3.7186216926875e7	1.336828925e7	4.1702896606250005e6
7.799999999999999	3.717443997375e7	1.335768828125e7	4.13201142625e6
7.8100000000000005	3.7181800426875e7	1.3364756506250001e7	4.1658743012499996e6
7.82	3.7164132145625e7	1.3362989450000001e7	4.1261212387500005e6
7.83	3.718916316125e7	1.33541555375e7	4.1644017543750005e6
7.840000000000002	3.7170022333125e7	1.333295223125e7	4.1231761450000005e6
7.85	3.715677169250002e7	1.3331186543750001e7	4.180598629375e6
7.859999999999999	3.7137630864375e7	1.3341787512500001e7	4.1172870981250005e6
7.870000000000003	3.7127324176874995e7	1.334178888125e7	4.1555687543749996e6
7.880000000000001	3.7118491176875e7	1.334002045625e7	4.101092504375001e6
7.890000000000001	3.7136158317499995e7	1.331705283125e7	4.140845566874999e6
7.9	3.712143513e7	1.329761795e7	4.0952034575000005e6
7.909999999999998	3.7114073536249995e7	1.3302917749999998e7	4.1290674731249996e6
7.92	3.7099349208125e7	1.328701698125e7	4.0893144106250005e6
7.93	3.711407581750001e7	1.3299383637500001e7	4.1364290668750005e6
7.9399999999999995	3.7096406395625e7	1.3302917750000002e7	4.0848967700000005e6
7.950000000000001	3.708462716125e7	1.3299386375000002e7	4.1246498325000005e6
7.960000000000001	3.70728490675e7	1.3260515243750002e7	4.0672284887500005e6
7.970000000000001	3.708168320812501e7	1.328878266875e7	4.1084552387500005e6
7.980000000000002	3.706990397375e7	1.3272883268750003e7	4.064284535625e6
7.99	3.705959728625e7	1.3274648956249999e7	4.092259504375001e6
8.	3.706254238000001e7	1.3255215443750001e7	4.062811988750001e6
8.01	3.705370938e7	1.3249914275000002e7	4.10256505125e6
8.019999999999998	3.704929288e7	1.3256979762500003e7	4.05397898875e6
8.03	3.70434026925e7	1.3244614475e7	4.092259504375001e6
8.040000000000001	3.703162459875e7	1.323224781875e7	4.05397898875e6
8.049999999999999	3.70272058175e7	1.321634568125e7	4.074592363750001e6
8.06	3.701690141125e7	1.3230480762500001e7	4.0363107075e6
8.07	3.7022788176874995e7	1.3218115475e7	4.073119816875e6
8.08	3.699923313000001e7	1.3219879793750001e7	4.0230612075000005e6
8.090000000000002	3.700806841125e7	1.3221646850000003e7	4.0819539574999996e6
8.1	3.699187153625e7	1.3223415275e7	4.027477707500001e6
8.11	3.700806841125e7	1.3195146481250003e7	4.0687021762500005e6
8.120000000000003	3.699040013e7	1.320044628125e7	4.0318942075000005e6
8.13	3.698598363000001e7	1.319514374375e7	4.06281198875e6
8.14	3.696831534875e7	1.31951451125e7	4.023060066875001e6
8.15	3.6974203255e7	1.3191611e7	4.0363107075e6
8.159999999999998	3.6955064708125e7	1.3182775718750002e7	3.9995027387500005e6
8.17	3.696684166125e7	1.31792457125e7	4.0510350356249996e6
8.18	3.6959481208125e7	1.316864474375e7	3.999501598125e6
8.19	3.695948006750001e7	1.3172177487499999e7	4.0392558012500005e6
8.200000000000001	3.6938867833124995e7	1.316334220625e7	3.998030191875001e6
8.21	3.693739528625e7	1.3175710231250001e7	4.039256941875e6
8.22	3.69167841925e7	1.3154509662500001e7	3.9891960512500005e6
8.230000000000002	3.694622942687501e7	1.3159809462499999e7	4.026005160625e6
8.24	3.6932979926875e7	1.3158042406250002e7	3.9759465512499996e6
8.25	3.69167841925e7	1.315097555e7	4.02305892625e6
8.26	3.6888810364375e7	1.3128007925e7	3.974474004375e6
8.269999999999998	3.6894700551875e7	1.31368418375e7	4.0215875200000005e6
8.28	3.690500609875e7	1.31368418375e7	3.967112410625e6
8.290000000000001	3.6902059864375e7	1.312977498125e7	4.0127545200000005e6
8.299999999999999	3.6885865270624995e7	1.311210715625e7	3.9744751449999996e6
8.31	3.6878503676875e7	1.3108571675e7	4.014224785625001e6
8.32	3.686966953625001e7	1.31262395e7	3.9582771293750005e6
8.33	3.6887338958125e7	1.3101506187500002e7	4.0024489731250005e6
8.340000000000002	3.6874087176875e7	1.3105041668750003e7	3.947973863750001e6
8.35	3.686819813e7	1.3090906587499999e7	4.0112819731249996e6
8.36	3.6857892583125e7	1.3096206387500001e7	3.9509166762500005e6
8.370000000000003	3.686819813000001e7	1.3101504818750001e7	3.999505020000001e6
8.38	3.6843169395624995e7	1.3105040299999999e7	3.952388082500001e6
8.39	3.685936398937501e7	1.3094437962500002e7	3.990669738750001e6
8.4	3.683139016125e7	1.306970328125e7	3.93619348875e6
8.409999999999998	3.6835805520625e7	1.30661705375e7	3.9818355981250005e6
8.42	3.68240285675e7	1.3067936225000001e7	3.9347209418749996e6
8.43	3.6838752895625e7	1.30838383625e7	3.984780691875e6
8.44	3.682108461437501e7	1.30661705375e7	3.933248395e6
8.450000000000001	3.6815194426875e7	1.3071471706249997e7	3.97447286375e6
8.46	3.6803414051875e7	1.305910368125e7	3.93619348875e6
8.47	3.683139016125e7	1.3064403481250001e7	3.9730014575e6
8.480000000000002	3.680194378625001e7	1.30485027125e7	3.9214714418749996e6
8.49	3.6809304239375e7	1.3062636425e7	3.970055223125e6
8.5	3.679605473937501e7	1.303260194375e7	3.919995473125e6
8.51	3.681077678625e7	1.3046735656250002e7	3.9833070043750005e6
8.519999999999998	3.678722059875e7	1.3027300775e7	3.9082185200000005e6
8.53	3.6801944926875e7	1.3052035456249999e7	3.952388082499999e6
8.540000000000001	3.6779859004999995e7	1.304143585625e7	3.909691066875e6
8.549999999999999	3.676808091125e7	1.304143585625e7	3.9494441293749996e6
8.56	3.67651358175e7	1.3039668799999999e7	3.911165895e6
8.57	3.6772497411249995e7	1.3025533718750002e7	3.9406111293750005e6
8.58	3.675483027062501e7	1.3016701175e7	3.8934964731249996e6
8.590000000000002	3.6766609504999995e7	1.3002567462500002e7	3.9288318949999996e6
8.6	3.674157848937501e7	1.3018468231250001e7	3.9067493949999996e6
8.61	3.67518863175e7	1.3020233918750001e7	3.937666035625001e6
8.620000000000003	3.674157848937501e7	1.3018466862499999e7	3.9008592075e6
8.63	3.67401059425e7	1.30007990375e7	3.9479715825000005e6
8.64	3.675188403625e7	1.299549786875e7	3.8920239262500005e6
8.65	3.672832898937501e7	1.298843375e7	3.92147030125e6
8.659999999999998	3.6722438801875e7	1.3020235287500001e7	3.890551379375e6
8.67	3.6725383895625e7	1.29901994375e7	3.9288318949999996e6
8.68	3.6713605801875e7	1.29954992375e7	3.8846623325e6
8.69	3.671802230187501e7	1.2976065725e7	3.92147030125e6
8.700000000000001	3.671802230187501e7	1.30007990375e7	3.89055252e6
8.71	3.671949484875001e7	1.2981365525e7	3.9288318949999996e6
8.72	3.6706244208125e7	1.298136415625e7	3.877301879375e6
8.730000000000002	3.670035402062501e7	1.296016495625e7	3.909691066875e6
8.74	3.6704771661249995e7	1.2963697700000001e7	3.8699402856250005e6
8.75	3.6697408926875e7	1.2965466125000002e7	3.8846634731250005e6
8.76	3.6682685739374995e7	1.2961930643749999e7	3.8581610512499996e6
8.769999999999998	3.669446497375e7	1.296016495625e7	3.905274566875e6
8.78	3.6670907645625e7	1.2940730075000003e7	3.853743410625001e6
8.790000000000001	3.667385388e7	1.2942497131250001e7	3.91852748875e6
8.799999999999999	3.6670907645625e7	1.2942495762500001e7	3.86405123875e6
8.81	3.6675324145625e7	1.2931896162500001e7	3.8993855200000005e6
8.82	3.6653239364374995e7	1.29477955625e7	3.8463818168749996e6
8.83	3.666943509875e7	1.29265963625e7	3.883189785625001e6
8.840000000000002	3.6650296551875e7	1.2931897531250002e7	3.8419664575000005e6
8.85	3.666501973937501e7	1.2933663218750004e7	3.884661191875e6
8.86	3.663557222375e7	1.293719733125e7	3.836077410625001e6
8.870000000000003	3.6645880051875e7	1.2921296562500002e7	3.8714116918750005e6
8.88	3.6638518458125e7	1.291246128125e7	3.8404939106250005e6
8.89	3.6641461270625e7	1.2910695593750002e7	3.87288423875e6
8.9	3.6635573364374995e7	1.2921295193750003e7	3.846384098124999e6
8.909999999999998	3.66341008175e7	1.2908928537500001e7	3.8817172387500005e6
8.92	3.6629682036249995e7	1.2931894793750001e7	3.83607627e6
8.93	3.661790622375001e7	1.289479345625e7	3.8581610512500005e6
8.94	3.6609072083125e7	1.29142283375e7	3.8331323168750005e6
8.950000000000001	3.6606128129999995e7	1.2880658374999998e7	3.87730073875e6
8.96	3.6612016036249995e7	1.2901861681249999e7	3.8301872231250005e6
8.97	3.6600236801875e7	1.2877124262500001e7	3.859633598125001e6
8.980000000000002	3.6607598395625e7	1.28965605125e7	3.818409129375001e6
8.99	3.6598764255e7	1.2873592887500001e7	3.856688504375e6
9.	3.6582568520625e7	1.28912607125e7	3.8169365825e6
9.01	3.657962570812501e7	1.2873591518749999e7	3.8625786918750014e6
9.019999999999998	3.6569316739375e7	1.289125934375e7	3.8213530824999996e6
9.03	3.6578152020624995e7	1.2873591518750003e7	3.84343786375e6
9.040000000000001	3.6579624567499995e7	1.2878891318750001e7	3.797796895e6
9.049999999999999	3.6578153161249995e7	1.285592369375e7	3.8508005981250005e6
9.06	3.6564902520624995e7	1.2866526031250002e7	3.812518941875e6
9.07	3.655165188000001e7	1.2864758975000001e7	3.83018836375e6
9.08	3.6548707926874995e7	1.28594564375e7	3.797796895e6
9.090000000000002	3.653987150500002e7	1.2852392318750003e7	3.8346060043750005e6
9.1	3.654870678625e7	1.2868291718750002e7	3.7874890668749996e6
9.11	3.6548704504999995e7	1.2840024293750001e7	3.8390213637499996e6
9.120000000000003	3.65457616925e7	1.2836490181250002e7	3.796324348125e6
9.13	3.6550179333125e7	1.284355566875e7	3.8316609106249996e6
9.14	3.6522205505e7	1.2868291718750002e7	3.791908988750001e6
9.15	3.6531038505e7	1.2832956068750001e7	3.8287146762500005e6
9.159999999999998	3.652367805187501e7	1.2832957437500002e7	3.7904353012499996e6
9.17	3.6522204364375e7	1.28364888125e7	3.82724327e6
9.18	3.651042741125001e7	1.28205894125e7	3.788962754375e6
9.19	3.6501592129999995e7	1.283119038125e7	3.828715816875001e6
9.200000000000001	3.6510426270625e7	1.2829421956250003e7	3.7830748481250005e6
9.21	3.652662200500001e7	1.2813522556250002e7	3.818409129375e6
9.22	3.6516316458124995e7	1.282765626875e7	3.778656066875e6
9.230000000000002	3.650306581750001e7	1.280115453125e7	3.8125200825000005e6
9.24	3.65074823175e7	1.2827657637500001e7	3.7845462543749996e6
9.25	3.6486870083124995e7	1.2802921587499999e7	3.8095749887500005e6
9.26	3.6480979895625e7	1.281175413125e7	3.77718352e6
9.269999999999998	3.646184134875e7	1.2790553562500002e7	3.808104723125e6
9.28	3.644711588e7	1.278172101875e7	3.7506822387500005e6
9.290000000000001	3.642503223937501e7	1.276228476875e7	3.7889638950000005e6
9.299999999999999	3.643533778625001e7	1.2755217912500003e7	3.738904145e6
9.31	3.642650478625e7	1.2755219281250002e7	3.777184660625e6
9.32	3.6417669505e7	1.274285125625e7	3.7256535043750005e6
9.33	3.6417670645625e7	1.27340187125e7	3.7742407075e6
9.340000000000002	3.641619809875e7	1.2748151056250002e7	3.7197633168750005e6
9.35	3.642061459875001e7	1.272518343125e7	3.752154785625e6
9.36	3.639705841125e7	1.2732250287500003e7	3.71976217625e6
9.370000000000003	3.6397059551874995e7	1.2732250287500003e7	3.7609889262500005e6
9.38	3.6394114458125e7	1.2723417743750002e7	3.70798636375e6
9.39	3.6391170504999995e7	1.2725183431250002e7	3.7536284731250005e6
9.4	3.639705841125001e7	1.27145824625e7	3.7138742700000005e6
9.409999999999998	3.6395585864375e7	1.2707515606250001e7	3.7609889262500005e6
9.42	3.6370555989375e7	1.271634951875e7	3.703568723125e6
9.43	3.6476563395625e7	1.2707516975000003e7	3.7241809575e6
9.44	3.681077678625e7	1.2734017343750002e7	3.70504127e6
9.450000000000001	3.7377618364375e7	1.276758456875e7	3.7845462543750005e6
9.46	3.78870363175e7	1.2806455700000001e7	3.778656066875e6
9.47	3.815941414562501e7	1.2854156637500001e7	3.77571211375e6
9.480000000000002	3.81520536925e7	1.2831189012500001e7	3.60934055125e6
9.49	3.79709589425e7	1.2734015975e7	3.457693316875e6
9.5	3.7772197051875e7	1.2571475543750001e7	3.208872816875e6
9.51	3.7541044833125e7	1.2352393418750001e7	3.0483903012499996e6
9.519999999999998	3.7323142114375e7	1.210328091875e7	2.798097254375e6
9.53	3.7168549786249995e7	1.190186661875e7	2.608169504375e6
9.540000000000001	3.7041930145625e7	1.1672187631250001e7	2.402044879375e6
9.549999999999999	3.69668439425e7	1.1417769856250001e7	2.2518690512500005e6
9.56	3.6941815208125e7	1.1278197049999999e7	2.10758455125e6
9.57	3.6937396426874995e7	1.113155328125e7	2.0796095825000003e6
9.58	3.6963898848749995e7	1.1029081812500002e7	2.0045222387500003e6
9.590000000000002	3.6960952614374995e7	1.1002580075000001e7	2.0045233793750005e6
9.6	3.6974204395624995e7	1.099551185e7	1.9618240825000005e6
9.61	3.6969787895625e7	1.095840914375e7	2.0221893793750003e6
9.620000000000003	3.698303853625001e7	1.0972544225e7	1.97360217625e6
9.63	3.69800934425e7	1.096371305e7	1.9956869575000003e6
9.64	3.698745617687501e7	1.0974311281250004e7	1.9441569418750003e6
9.65	3.6988927583124995e7	1.0951342287500001e7	1.998633191875e6
9.659999999999998	3.698303853625e7	1.0958410512500003e7	1.9574075825000003e6
9.67	3.698892758312501e7	1.0974311281250002e7	2.0133552387500005e6
9.68	3.699040013e7	1.0965476e7	1.9529910825000003e6
9.69	3.6975676942499995e7	1.0942509743750002e7	1.9868539575000005e6
9.700000000000001	3.6958007520625e7	1.0951343656250002e7	1.9235447074999998e6
9.71	3.694034266125e7	1.0951343656250002e7	1.9588801293750003e6
9.72	3.6925618333125e7	1.0947810912500001e7	1.894097191875e6
9.730000000000002	3.693150738000001e7	1.09230748625e7	1.9353228012500007e6
9.74	3.685789372375001e7	1.0905405668750001e7	1.861708004375e6
9.75	3.681666697375e7	1.087537255625e7	1.85729036375e6
9.76	3.681225047375e7	1.0825901825000001e7	1.7380334575000003e6
9.769999999999998	3.68284450675e7	1.0781733631250001e7	1.701226629375e6
9.78	3.68446419425e7	1.07075295875e7	1.5952192231249998e6
9.790000000000001	3.685642003625e7	1.063509123125e7	1.5363264731250003e6
9.799999999999999	3.689911705187501e7	1.05502875875e7	1.3846780981250003e6
9.81	3.703604109875e7	1.0424845756250003e7	1.3243150825e6
9.82	3.7233331583125e7	1.024110201875e7	1.10199586375e6
9.83	3.7479206989375e7	1.006265534375e7	926789.02
9.840000000000002	3.7819311708124995e7	9.827675187500002e6	754530.691875
9.85	3.8076965208125e7	9.624496568750001e6	608771.36375
9.86	3.805635183312501e7	9.430153231250001e6	440928.39499999996
9.870000000000003	3.7476263036249995e7	9.302942975e6	348171.6293750001
9.88	3.2869401848750003e7	9.059127537499998e6	242165.36375000005
9.89	3.0604986333125e7	8.6386365875e6	177382.42625000005
9.9	2.6117382051875e7	7.863023450000001e6	100000.
9.909999999999998	1.7626564989375006e7	6.251725475000001e6	100000.
9.92	4.531834114375e6	4.583891281250001e6	100000.
9.93	787747.3799999999	2.7853181937500006e6	100000.
9.94	100000.	1.13868456875e6	100000.
9.950000000000001	100000.	158125.7562500001	100000.
9.96	100000.	100000.	100000.
9.97	100000.	100000.	100000.
9.980000000000002	100000.	100000.	100000.
9.99	100000.	100000.	100000.
10.	100000.	100000.	100000.
10.01	100000.	100000.	100000.
10.019999999999998	100000.	100000.	100000.
10.03	100000.	100000.	100000.
10.040000000000001	100000.	100000.	100000.
10.049999999999999	100000.	100000.	100000.
10.06	100000.	100000.	100000.
10.07	100000.	100000.	100000.
10.08	100000.	100000.	100000.
10.090000000000002	100000.	100000.	100000.
10.1	100000.	100000.	100000.
10.11	100000.	100000.	100000.
10.120000000000003	100000.	100000.	100000.
10.13	100000.	100000.	100000.
10.14	100000.	100000.	100000.
10.15	100000.	100000.	100000.
10.159999999999998	100000.	100000.	100000.
10.17	100000.	100000.	100000.
10.18	100000.	100000.	100000.
10.19	100000.	100000.	100000.
10.200000000000001	100000.	100000.	100000.
10.21	100000.	100000.	100000.
10.22	100000.	100000.	100000.
10.230000000000002	100000.	100000.	100000.
10.24	100000.	100000.	100000.
10.25	100000.	100000.	100000.
10.26	100000.	100000.	100000.
10.269999999999998	100000.	100000.	100000.
10.28	100000.	100000.	100000.
10.290000000000001	100000.	100000.	100000.
10.299999999999999	100000.	100000.	100000.
10.31	100000.	100000.	100000.
10.32	100000.	100000.	100000.
10.33	100000.	100000.	100000.
10.340000000000002	100000.	100000.	100000.
10.35	100000.	100000.	100000.
10.36	100000.	100000.	100000.
10.370000000000003	100000.	100000.	100000.
10.38	100000.	100000.	100000.
10.39	100000.	100000.	100000.
10.4	100000.	100000.	100000.
10.409999999999998	100000.	100000.	100000.
10.42	100000.	100000.	100000.
10.43	100000.	100000.	100000.
10.44	100000.	100000.	100000.
10.450000000000001	100000.	100000.	100000.
10.46	100000.	100000.	100000.
10.47	100000.	100000.	100000.
10.480000000000002	100000.	100000.	100000.
10.49	100000.	100000.	100000.
10.5	100000.	100000.	100000.
10.51	100000.	100000.	100000.
10.519999999999998	100000.	100000.	100000.
10.53	100000.	100000.	100000.
10.540000000000001	100000.	100000.	100000.
10.549999999999999	100000.	100000.	100000.
10.56	100000.	100000.	100000.
10.57	100000.	100000.	100000.
10.58	100000.	100000.	100000.
10.590000000000002	100000.	100000.	100000.
10.6	100000.	100000.	100000.
10.61	100000.	100000.	100000.
10.620000000000003	100000.	100000.	100000.
10.63	100000.	100000.	100000.
10.64	100000.	100000.	100000.
10.65	100000.	100000.	100000.
10.659999999999998	100000.	100000.	100000.
10.67	100000.	100000.	100000.
10.68	100000.	100000.	100000.
10.69	100000.	100000.	100000.
10.700000000000001	100000.	100000.	100000.
10.71	100000.	100000.	100000.
10.72	100000.	100000.	100000.
10.730000000000002	100000.	100000.	100000.
10.74	100000.	100000.	100000.
10.75	100000.	100000.	100000.