0.	102873.42500000003	100000.	100000.
0.010000000000000009	426783.55	100000.	100000.
0.020000000000000018	841975.6124999999	100000.	100000.
0.030000000000000027	1.657635409375e6	100000.	100000.
0.040000000000000036	2.3481492531250003e6	100000.	100000.
0.050000000000000044	3.5848901593750003e6	100000.	100000.
0.05999999999999994	5.333995253125001e6	100000.	100000.
0.07000000000000006	6.809249971875e6	100000.	100000.
0.07999999999999996	8.555412253125e6	100000.	100000.
0.09000000000000008	1.0507696878125e7	100000.	100000.
0.09999999999999998	1.2115460284375003e7	100000.	100000.
0.1100000000000001	1.456538476875e7	426675.77130681823	100000.
0.12	1.586985370625e7	1.3336197869318184e6	100000.
0.13	1.7102176971874997e7	2.620418161931819e6	134755.57357954548
0.14	1.787514089375e7	4.394551990056819e6	136229.2610795455
0.15000000000000002	1.829474945625e7	5.074761427556819e6	165675.63607954548
0.16000000000000003	1.8508235675e7	5.916921365056819e6	159786.58920454548
0.17000000000000004	1.8600989018749997e7	6.505847724431818e6	189232.9642045455
0.18	1.8606880346875e7	6.969626990056818e6	158312.90170454548
0.19000000000000006	1.8608350612499997e7	7.370094724431818e6	193648.3235795455
0.2	1.8549459003125e7	7.557077380681819e6	167145.90170454548
0.2099999999999999	1.85362083625e7	7.767618505681818e6	224568.38607954548
0.22000000000000003	1.8508232253124997e7	7.911904146306819e6	252543.35482954548
0.23000000000000015	1.84876223e7	8.035578693181818e6	377687.0267045455
0.24000000000000005	1.8464064971875e7	8.144530052556817e6	483693.2923295454
0.24999999999999994	1.8443452737500004e7	8.24906263068182e6	655956.1829545456
0.26000000000000006	1.8419896550000004e7	8.353597490056819e6	782573.5423295456
0.2700000000000002	1.848909370625e7	8.571497927556818e6	1.0210884954545456e6
0.27999999999999997	1.8518541221875e7	8.926326974431818e6	1.2389912142045454e6
0.29	1.8623074940625e7	9.26495800568182e6	1.5128404485795456e6
0.3	1.8705523878125004e7	9.58445049005682e6	1.7940501360795456e6
0.31	1.8893980221875e7	9.905413240056818e6	2.125320714204545e6
0.32	1.91104081125e7	1.0229321083806818e7	2.6803819173295456e6
0.33	1.9418123643749997e7	1.0788799927556818e7	3.624133901704545e6
0.34	2.0033546721874993e7	1.1549984615056818e7	4.765174089204544e6
0.35000000000000003	2.05694682375e7	1.2605630771306818e7	7.173875245454547e6
0.36000000000000004	2.141015905e7	1.4796429208806818e7	8.871451464204548e6
0.37000000000000005	2.2674873784375e7	1.6230461740056822e7	1.1553999573579546e7
0.38000000000000006	2.3496424909375e7	1.8478681521306813e7	1.4193855229829546e7
0.39000000000000007	2.4669855424999993e7	2.037648989630682e7	1.6392015261079546e7
0.4000000000000001	2.571814226875e7	2.163678813068182e7	1.8241236432954546e7
0.41	2.6420433065624997e7	2.279402405255682e7	1.9859306526704542e7
0.4199999999999999	2.704322001875e7	2.3702439474431816e7	2.1225609886079546e7
0.43	2.76527586125e7	2.462999458380682e7	2.2079553620454546e7
0.4400000000000001	2.8025252518749993e7	2.522039234943182e7	2.282454029232955e7
0.45	2.8446333628124997e7	2.571214430255682e7	2.3593086573579542e7
0.4599999999999999	2.8759937065624997e7	2.604930278693182e7	2.3986193854829542e7
0.47000000000000003	2.8963114315624997e7	2.642327038068182e7	2.4414637698579542e7
0.48000000000000015	2.9207517175e7	2.666031164630682e7	2.4700265026704546e7
0.49000000000000005	2.9407752753125e7	2.689588150568182e7	2.5035952104829542e7
0.49999999999999994	2.957118036249999e7	2.7065198161931813e7	2.5298022104829546e7
0.5100000000000002	2.972871664375e7	2.731549006818182e7	2.5623404776704542e7
0.5200000000000002	2.9903920065624997e7	2.7552533615056816e7	2.5820694120454546e7
0.53	3.003053970625e7	2.7813132208806816e7	2.6107793995454546e7
0.54	3.0177771581250004e7	2.802514359943182e7	2.6374282776704546e7
0.55	3.0369171878124997e7	2.8285743333806816e7	2.665991124545455e7
0.56	3.0469289096874997e7	2.8428556427556816e7	2.6892536011079546e7
0.5700000000000001	3.0617992378124997e7	2.8614069958806816e7	2.7123689370454554e7
0.5800000000000001	3.0749027378124997e7	2.877013369318182e7	2.7282699339204546e7
0.5900000000000001	3.0863867784374997e7	2.890411492755682e7	2.747262480795455e7
0.6000000000000001	3.0984597237499993e7	2.9033677380681813e7	2.7596300495454542e7
0.6100000000000001	3.1103854143749993e7	2.917649275568182e7	2.7768561104829546e7
0.6200000000000001	3.1202499956249997e7	2.9236855771306816e7	2.7892235651704554e7
0.6300000000000001	3.1292310487499993e7	2.933108394318182e7	2.803504988607955e7
0.6400000000000001	3.139242770624999e7	2.9422368161931813e7	2.8148418886079546e7
0.6500000000000001	3.1505795565625e7	2.9535736021306816e7	2.8226449042329546e7
0.6599999999999999	3.1604441378125e7	2.956518011505682e7	2.830890026107955e7
0.6699999999999999	3.1686890315625e7	2.964468624005682e7	2.842226697982955e7
0.6800000000000002	3.1781117346875e7	2.9677075427556828e7	2.8488520182954546e7
0.6900000000000002	3.1894486346874993e7	2.9772777286931813e7	2.8554775667329542e7
0.7	3.1978406690624997e7	2.981547316193182e7	2.862250141732955e7
0.71	3.2049077534375e7	2.992000802130682e7	2.869611621420455e7
0.7199999999999998	3.2122693471874997e7	2.992000802130682e7	2.8747648511079554e7
0.73	3.2206616096874997e7	2.9978900771306816e7	2.881242916732955e7
0.74	3.225225820624999e7	3.0009819693181816e7	2.8816846807954542e7
0.75	3.2305261909374997e7	3.005546180255682e7	2.8878683511079546e7
0.7600000000000002	3.2368570018749993e7	3.0073128943181816e7	2.8890461604829554e7
0.77	3.2417153799999993e7	3.0136439333806816e7	2.892874212045455e7
0.78	3.2430406721874993e7	3.0157051568181816e7	2.8931686073579546e7
0.79	3.2473104878125e7	3.020710903693182e7	2.8990578823579546e7
0.7999999999999998	3.2490772018749993e7	3.0208580443181816e7	2.8974384229829546e7
0.81	3.2533467893749993e7	3.023949936505682e7	2.9005300870454542e7
0.8200000000000001	3.2543775721875e7	3.0248333505681816e7	2.900088437045455e7
0.8300000000000001	3.2574693503124997e7	3.029103166193182e7	2.9036219792329546e7
0.8400000000000003	3.2587943003125004e7	3.029397675568182e7	2.9021497745454546e7
0.8500000000000001	3.2596778284374997e7	3.032636708380682e7	2.9042109979829546e7
0.8599999999999999	3.2614445425e7	3.0307227396306816e7	2.901855151107955e7
0.8699999999999999	3.260708383125e7	3.034992441193182e7	2.9034748386079546e7
0.8799999999999999	3.26203356125e7	3.0335200083806816e7	2.9017078964204546e7
0.8899999999999997	3.2642418112499997e7	3.0352869505681816e7	2.902885819857955e7
0.8999999999999999	3.2629168612499997e7	3.034256167755682e7	2.902002519857955e7
0.9099999999999999	3.2654198487499997e7	3.0363173911931816e7	2.902738679232955e7
0.9199999999999999	3.2658613846875e7	3.0366117865056816e7	2.9002358057954546e7
0.9300000000000002	3.2664504034375e7	3.037347945880682e7	2.901266360482955e7
0.94	3.2651252253125e7	3.036170250568182e7	2.8994996464204546e7
0.95	3.2652725940625004e7	3.036906295880682e7	2.9002358057954554e7
0.96	3.2657143581249997e7	3.0360229958806816e7	2.8974384229829554e7
0.9699999999999998	3.2667449128125e7	3.037053778693182e7	2.899352505795455e7
0.98	3.264977970625e7	3.0346978177556816e7	2.896996772982955e7
0.99	3.2654197346874993e7	3.0360229958806824e7	2.8980272136079557e7
1.	3.2663032628124993e7	3.0344034224431824e7	2.8958187354829546e7
1.0100000000000002	3.2655669893749993e7	3.0338145177556816e7	2.8969966589204546e7
1.02	3.2654197346875e7	3.031753180255682e7	2.8930214667329546e7
1.03	3.2670394221875e7	3.0329312177556816e7	2.8931687214204542e7
1.04	3.2674809581249997e7	3.0308698802556816e7	2.8916961745454546e7
1.0499999999999998	3.266597658125e7	3.0327838490056816e7	2.892138052670455e7
1.06	3.2654198487499997e7	3.0292504208806816e7	2.8912546386079542e7
1.07	3.2657142440624993e7	3.0283668927556816e7	2.8914018932954546e7
1.08	3.2671864487499997e7	3.025275000568182e7	2.887868351107954e7
1.0900000000000003	3.2664505174999993e7	3.0276307333806816e7	2.8894879245454546e7
1.1	3.2660087534374993e7	3.025422255255682e7	2.8862487776704546e7
1.1099999999999999	3.267481072187499e7	3.0239500505681816e7	2.886543172982955e7
1.1199999999999999	3.2664504034375e7	3.0215943177556824e7	2.882568094857955e7
1.13	3.2652725940625004e7	3.021594431818182e7	2.8846290901704546e7
1.1399999999999997	3.26630314875e7	3.0193858396306816e7	2.8810956620454546e7
1.15	3.2680698628124993e7	3.0205636490056816e7	2.8809484073579546e7
1.16	3.2685116268749993e7	3.0179135208806813e7	2.878592788607955e7
1.17	3.2673339315625e7	3.016588456818182e7	2.880506757357955e7
1.1800000000000002	3.2680699768749997e7	3.0136438193181824e7	2.8753537557954546e7
1.19	3.269100645625e7	3.015557902130682e7	2.8756481511079554e7
1.2	3.2689535049999997e7	3.013054914630682e7	2.873292532357955e7
1.21	3.2665976581249993e7	3.012024359943182e7	2.8744703417329546e7
1.2199999999999998	3.2661560081249993e7	3.0096685130681824e7	2.870936799545455e7
1.23	3.2693950409374993e7	3.0093742318181816e7	2.8712313089204554e7
1.24	3.2677754675000004e7	3.009079608380682e7	2.867403257357955e7
1.25	3.2696895503125e7	3.0073128943181816e7	2.8656364292329546e7
1.2600000000000002	3.267922836249999e7	3.0042211161931813e7	2.8641641104829554e7
1.27	3.2696894362500004e7	3.0046627661931816e7	2.8632808104829546e7
1.28	3.2688060221874997e7	3.0026016568181824e7	2.8595997854829554e7
1.29	3.2705728503124993e7	3.0021597786931816e7	2.860188804232955e7
1.2999999999999998	3.2679227221874997e7	2.997301286505682e7	2.8575386761079546e7
1.31	3.2701312003124997e7	2.9998040458806816e7	2.8553304261079546e7
1.3200000000000003	3.2686587674999997e7	2.9961233630681816e7	2.8507659870454546e7
1.33	3.2692477862500004e7	2.995239949005682e7	2.8515022604829542e7
1.3400000000000003	3.2689533909374993e7	2.9931787255681824e7	2.846790908920455e7
1.35	3.2692479003124993e7	2.9934732349431824e7	2.845612985482955e7
1.36	3.2682172315624997e7	2.9884671458806816e7	2.840312729232955e7
1.3699999999999999	3.2693949268749997e7	2.9893506740056816e7	2.840018219857955e7
1.38	3.2698368049999993e7	2.9862587818181824e7	2.8361901682954546e7
1.3899999999999997	3.2683643721875e7	2.985964272443182e7	2.8341289448579546e7
1.4	3.2665975440624997e7	2.9821363349431816e7	2.8285341792329546e7
1.4100000000000001	3.2689532768749997e7	2.9812529208806824e7	2.8257367964204546e7
1.42	3.2692477862499997e7	2.979339066193182e7	2.818816966732955e7
1.4300000000000002	3.2680699768749997e7	2.9787501615056816e7	2.8170501386079546e7
1.44	3.2685116268749993e7	2.9749219958806813e7	2.8116026276704554e7
1.45	3.27042582375e7	2.9741858365056816e7	2.8073328120454546e7
1.46	3.2704255956249993e7	2.9703578990056816e7	2.8012963964204554e7
1.4699999999999998	3.2713090096875e7	2.9712414271306824e7	2.796585044857955e7
1.48	3.269100645625e7	2.9665299615056824e7	2.789076310482955e7
1.4899999999999998	3.2691005315624997e7	2.966382592755682e7	2.7831870354829546e7
1.5	3.2691005315624997e7	2.9615239865056816e7	2.7759726964204546e7
1.5100000000000002	3.2711618690624993e7	2.961818381818182e7	2.7700834214204546e7
1.52	3.2695421815624997e7	2.957548794318182e7	2.7622801776704554e7
1.53	3.27013108625e7	2.9556349396306816e7	2.7550659526704546e7
1.54	3.2685116268749993e7	2.9540151380681816e7	2.7493237042329554e7
1.5499999999999998	3.2711618690625e7	2.949745550568182e7	2.742698269857955e7
1.56	3.2702784549999997e7	2.9459173849431824e7	2.7363676870454546e7
1.5700000000000003	3.27130912375e7	2.943561880255682e7	2.7293006026704546e7
1.58	3.2707202190624997e7	2.940764497443182e7	2.718405352670455e7
1.5900000000000003	3.2707201049999993e7	2.9382616240056816e7	2.7122216823579542e7
1.6	3.270720105e7	2.9336974130681816e7	2.7050074573579546e7
1.61	3.2721924237499997e7	2.9316360755681816e7	2.7001486229829546e7
1.6199999999999999	3.2713091237499993e7	2.9251578958806813e7	2.6877811682954542e7
1.63	3.270720219062499e7	2.9230969005681816e7	2.6827754214204546e7
1.6399999999999997	3.2714561503124997e7	2.917943670880682e7	2.6736469995454546e7
1.65	3.2724868190624997e7	2.917207511505682e7	2.6673161886079546e7
1.6600000000000001	3.2724868190624997e7	2.9126434146306824e7	2.6555376386079546e7
1.67	3.272486705e7	2.9083735990056816e7	2.6493538542329546e7
1.6800000000000002	3.2716035190625e7	2.901748164630682e7	2.6391949917329546e7
1.69	3.2739592518749993e7	2.899097922443182e7	2.6331585761079546e7
1.7	3.2738119971875e7	2.8955644943181816e7	2.6221162995454542e7
1.7100000000000002	3.2727813284374997e7	2.890411264630682e7	2.6128407370454546e7
1.72	3.2741065065624993e7	2.8836386896306816e7	2.6041540792329542e7
1.7300000000000006	3.2746952971874997e7	2.880546911505682e7	2.5964980901704542e7
1.7399999999999995	3.2748425518750004e7	2.874215986505682e7	2.5838361261079546e7
1.7500000000000002	3.2754314565624993e7	2.8696517755681816e7	2.5769161823579546e7
1.76	3.2754315706249997e7	2.8640570099431824e7	2.563812568295455e7
1.7699999999999998	3.2763149846875e7	2.860229072443182e7	2.5563038339204546e7
1.78	3.2751371753125e7	2.854045402130682e7	2.5464393667329546e7
1.7899999999999998	3.2760204753124993e7	2.8488922865056816e7	2.5368692948579542e7
1.8	3.2752843159374997e7	2.841972342755682e7	2.5247963495454546e7
1.8099999999999998	3.2776400487499997e7	2.8385860552556816e7	2.5141957229829542e7
1.8200000000000005	3.2760204753124993e7	2.8298995115056828e7	2.5031533323579542e7
1.8299999999999994	3.2764621253124993e7	2.826513109943182e7	2.4944667886079546e7
1.84	3.2757259659374993e7	2.8197406490056813e7	2.4831300026704546e7
1.8499999999999999	3.2766092659374997e7	2.8123789411931824e7	2.4723822354829542e7
1.86	3.27469541125e7	2.8059006474431813e7	2.4589842261079542e7
1.8699999999999999	3.2777870753124993e7	2.8008947865056816e7	2.4514752636079542e7
1.8800000000000001	3.2774926799999997e7	2.793091770880682e7	2.4368994448579546e7
1.89	3.2779344440624997e7	2.7889692099431816e7	2.4252683776704542e7
1.8999999999999997	3.2761676159375e7	2.780135297443182e7	2.413489713607955e7
1.9100000000000004	3.2779343299999993e7	2.7742461365056816e7	2.4020059011079542e7
1.9200000000000002	3.2788178581249986e7	2.767620702130682e7	2.387429854232955e7
1.93	3.280290176874999e7	2.760848127130682e7	2.3750625136079546e7
1.9400000000000002	3.2764621253124993e7	2.751425309943182e7	2.3610753714204542e7
1.95	3.2799956675000004e7	2.7455360349431816e7	2.3510637636079546e7
1.9600000000000002	3.2789651128125e7	2.736260472443182e7	2.3353101354829542e7
1.97	3.2805846862499997e7	2.729635038068182e7	2.3213229932954542e7
1.9800000000000006	3.2776399346874997e7	2.720506730255682e7	2.3101335761079546e7
1.9899999999999995	3.2798484128124997e7	2.713734269318182e7	2.2961465479829546e7
2.0000000000000004	3.278228839375e7	2.703869574005682e7	2.2826013979829546e7
2.0100000000000002	3.2814679862499993e7	2.699158222443182e7	2.2653751089204546e7
2.02	3.2801429221874997e7	2.690177169318182e7	2.2525662323579542e7
2.0300000000000002	3.2816152409375e7	2.6809014927556816e7	2.2374013948579546e7
2.04	3.2802901768749997e7	2.671184394318182e7	2.2216476526704546e7
2.0500000000000003	3.2814678721874997e7	2.665589514630682e7	2.205746655795455e7
2.06	3.2804373175e7	2.653811078693182e7	2.192496015170455e7
2.0700000000000007	3.2829404190624993e7	2.6461550896306816e7	2.1745336807954542e7
2.0799999999999996	3.2822042596875e7	2.636584903693182e7	2.1603995120454546e7
2.0900000000000003	3.283087445625e7	2.626867691193182e7	2.1434678464204546e7
2.1	3.281762495625e7	2.616119809943182e7	2.1255057401704542e7
2.1100000000000003	3.2852960378125004e7	2.607875030255682e7	2.1124022401704542e7
2.12	3.28397097375e7	2.5971269208806816e7	2.093556719857955e7
2.1300000000000003	3.28397097375e7	2.5881458677556816e7	2.0764777995454546e7
2.14	3.2854431784374993e7	2.576220177130682e7	2.057043260482955e7
2.15	3.2877989112499997e7	2.566208569318182e7	2.0393754354829546e7
2.1600000000000006	3.2864738471875e7	2.554577274005682e7	2.0200883792329546e7
2.1700000000000004	3.2880935346874993e7	2.5461851255681816e7	2.0021260448579546e7
2.18	3.2888294659374993e7	2.531462052130682e7	1.9850472386079546e7
2.1900000000000004	3.2901546440624997e7	2.5220391208806816e7	1.9692933823579546e7
2.2	3.289712879999999e7	2.5112913536931813e7	1.9439699104829546e7
2.2100000000000004	3.2908908034374997e7	2.5005433583806816e7	1.9289522136079546e7
2.22	3.288976720625001e7	2.4852312661931816e7	1.9048062089204542e7
2.230000000000001	3.2928047721875004e7	2.4762502130681816e7	1.886991357357955e7
2.2399999999999998	3.2910379440625e7	2.463293853693182e7	1.8609314979829546e7
2.2500000000000004	3.29412983625e7	2.4519571818181816e7	1.8437052089204546e7
2.2600000000000002	3.29368818625e7	2.4364979490056816e7	1.8227985792329546e7
2.27	3.2963382003124997e7	2.4263390865056816e7	1.8002723761079542e7
2.2800000000000002	3.2945714862499997e7	2.408818516193182e7	1.7781875948579546e7
2.29	3.2957492956249993e7	2.3982177755681816e7	1.7550722589204542e7
2.3000000000000003	3.2975162378124993e7	2.3840837208806816e7	1.7304847182954546e7
2.31	3.2988413018749993e7	2.3699494380681816e7	1.7082527964204546e7
2.3200000000000007	3.2983995378125e7	2.3541958099431816e7	1.6829290964204542e7
2.3299999999999996	3.299282951875e7	2.340650431818182e7	1.6606970604829544e7
2.3400000000000003	3.2988411878125e7	2.323571625568182e7	1.6353734745454546e7
2.35	3.2997246018749997e7	2.3117933036931824e7	1.6104915386079544e7
2.3600000000000003	3.2992830659375e7	2.2930949240056816e7	1.5860509104829548e7
2.37	3.3023748440625e7	2.280285819318182e7	1.5564575089204548e7
2.3800000000000003	3.3011970346875004e7	2.2620290896306816e7	1.5333422870454546e7
2.39	3.304288698749999e7	2.245539302130682e7	1.5050739495454542e7
2.4	3.303110889375e7	2.2274297130681816e7	1.4772471479829548e7
2.4100000000000006	3.3051722268749997e7	2.212265103693182e7	1.4517763073579546e7
2.4200000000000004	3.3047303487499997e7	2.194744419318182e7	1.4208576136079546e7
2.43	3.3064972909374993e7	2.1758988990056813e7	1.3947977542329542e7
2.4400000000000004	3.307380705e7	2.1582311880681816e7	1.3632902698579542e7
2.45	3.3109141331249993e7	2.1418884271306816e7	1.3366415057954546e7
2.4600000000000004	3.3103252284375004e7	2.122159492755682e7	1.3055755573579544e7
2.47	3.311944801875e7	2.1019889083806816e7	1.2773073339204544e7
2.480000000000001	3.3117976612499993e7	2.0821127193181816e7	1.2434442307954546e7
2.4899999999999998	3.31371163e7	2.065181167755682e7	1.2163537026704546e7
2.5000000000000004	3.3132698659375e7	2.0428018771306816e7	1.1858767729829544e7
2.5100000000000002	3.3168035221874993e7	2.0233674521306816e7	1.1509831151704544e7
2.52	3.3163616440625e7	2.0024605943181816e7	1.1225675229829546e7
2.5300000000000002	3.3201898096874997e7	1.982437150568182e7	1.0906183886079546e7
2.54	3.3188646315625e7	1.960647106818182e7	1.0569023120454546e7
2.5500000000000003	3.32195652375e7	1.9406236630681816e7	1.0233337182954546e7
2.56	3.321073223749999e7	1.9160360083806816e7	9.938874573579546e6
2.5700000000000007	3.3257845753124997e7	1.890712194318182e7	9.572269714204544e6
2.5799999999999996	3.3253428112500004e7	1.872161183380682e7	9.263083917329546e6
2.5900000000000003	3.3281401940624997e7	1.8506653068181816e7	8.918562698579546e6
2.6	3.3288763534374993e7	1.8256360021306816e7	8.565210761079546e6
2.6100000000000003	3.332704404999999e7	1.8039933271306816e7	8.242773182954545e6
2.62	3.333882214375e7	1.778816539630682e7	7.859971448579545e6
2.6300000000000003	3.336237947187501e7	1.755406922443182e7	7.524285511079546e6
2.64	3.3378574065624997e7	1.728905184943182e7	7.178291745454546e6
2.65	3.3433050315624997e7	1.7071149130681816e7	6.874996136079546e6
2.6600000000000006	3.3461025284374997e7	1.681791441193182e7	6.493666948579545e6
2.6700000000000004	3.347869014375e7	1.657645322443182e7	6.152091964204546e6
2.68	3.3505193706250004e7	1.6298186349431816e7	5.757512136079545e6
2.6900000000000004	3.3559668815625e7	1.6047893302556818e7	5.470412261079545e6
2.7	3.358322614375e7	1.5778460568181816e7	5.062581792329545e6
2.7100000000000004	3.362297920625e7	1.5514916880681818e7	4.707755026704545e6
2.72	3.3645065128125e7	1.5232235786931818e7	4.364705214204545e6
2.730000000000001	3.3698065409375e7	1.4989302052556816e7	4.1173584017045456e6
2.7399999999999998	3.3733401971875e7	1.4693369177556818e7	3.713944432954545e6
2.7500000000000004	3.3801127721875e7	1.4420992490056818e7	3.4533458392045447e6
2.7600000000000002	3.383499287812499e7	1.4145669568181818e7	3.072017792329545e6
2.7700000000000005	3.3871799706250004e7	1.3880653333806816e7	2.8349753860795456e6
2.7800000000000002	3.3893883346875e7	1.3571468677556818e7	2.475729839204546e6
2.79	3.3954247503125e7	1.3319703083806822e7	2.2195477454545456e6
2.8000000000000003	3.397927737812499e7	1.3026713021306818e7	1.9280313704545458e6
2.81	3.4042586628125004e7	1.2749918693181822e7	1.6733218235795454e6
2.8200000000000007	3.406467026875e7	1.2400979833806818e7	1.4245013235795456e6
2.8299999999999996	3.410736842499999e7	1.216540997443182e7	1.2360438392045454e6
2.8400000000000003	3.4135342253125e7	1.1859169271306818e7	978389.1985795455
2.85	3.419129105e7	1.1586793724431818e7	842936.5579545454
2.8600000000000003	3.42148472375e7	1.127319028693182e7	635342.8079545456
2.87	3.4292880815625e7	1.096253308380682e7	527862.8548295455
2.8800000000000003	3.431938095625e7	1.0679849708806818e7	420385.1829545454
2.89	3.4363551659375e7	1.0411887240056818e7	343824.1517045455
2.9	3.4388579253125e7	1.009386958380682e7	254013.6204545455
2.9100000000000006	3.444453033124999e7	9.820019208806818e6	180397.68295454548
2.9200000000000004	3.445777983125e7	9.490221177556816e6	118563.26107954548
2.93	3.45093109875e7	9.219315896306818e6	100892.69857954548
2.940000000000001	3.4538756221875e7	8.89688174005682e6	100000.
2.95	3.4596176425e7	8.584749708806818e6	100000.
2.9600000000000004	3.46197326125e7	8.279981552556817e6	100000.
2.97	3.4668318675e7	7.898652365056817e6	100000.
2.980000000000001	3.469776505e7	7.495239536931818e6	100000.
2.9899999999999998	3.4747823659375e7	7.177221880681819e6	100000.
3.0000000000000004	3.4755187534375e7	6.810614740056818e6	100000.
3.0100000000000002	3.478757558125e7	6.364504896306819e6	100000.
3.0200000000000005	3.4790520675e7	5.986121943181817e6	100000.
3.03	3.484941228437499e7	5.673992193181819e6	100000.
3.04	3.4843524378125e7	5.404559458806819e6	100000.
3.0500000000000003	3.48803334875e7	5.166043365056819e6	100000.
3.06	3.4865608018750004e7	4.955505661931819e6	100000.
3.0700000000000007	3.4908306175e7	4.752323849431818e6	100000.
3.0799999999999996	3.490094458125e7	4.515283724431817e6	100000.
3.0900000000000003	3.491419522187499e7	4.368051849431818e6	100000.
3.1	3.4909778721875e7	4.179596646306819e6	100000.
3.1100000000000003	3.4930389815625e7	4.0411989119318184e6	100000.
3.1200000000000006	3.491419522187499e7	3.8674657556818193e6	100000.
3.1300000000000003	3.4917139175000004e7	3.740847255681819e6	100000.
3.14	3.4902417128125e7	3.5833086931818184e6	100000.
3.15	3.49480592375e7	3.4611078338068184e6	100000.
3.1600000000000006	3.4917140315625e7	3.3168221931818184e6	100000.
3.1700000000000004	3.49274458625e7	3.2167038338068184e6	100000.
3.18	3.491419636249999e7	3.0547499119318184e6	100000.
3.190000000000001	3.4930390956250004e7	2.963467974431818e6	100000.
3.2	3.4912723815625e7	2.8309581463068184e6	100000.
3.2100000000000004	3.492891955e7	2.758814755681818e6	100000.
3.22	3.49186128625e7	2.6189467556818184e6	100000.
3.230000000000001	3.49230293625e7	2.546802224431818e6	100000.
3.2399999999999998	3.4912722675e7	2.4260727713068184e6	100000.
3.2500000000000004	3.4928918409375e7	2.3715988025568184e6	100000.
3.2600000000000002	3.4925975596875e7	2.2317273806818184e6	100000.
3.2700000000000005	3.493333605e7	2.1654741775568184e6	100000.
3.28	3.490094344062499e7	2.0594690525568181e6	100000.
3.29	3.4912723815625e7	1.9932147088068186e6	100000.
3.3000000000000003	3.4908307315625e7	1.8945700369318181e6	100000.
3.31	3.49230293625e7	1.8327344744318184e6	100000.
3.3200000000000007	3.4915666628125e7	1.7355600681818184e6	100000.
3.3299999999999996	3.4921557956250004e7	1.6884454119318181e6	100000.
3.3400000000000003	3.4902418268750004e7	1.5824391463068181e6	100000.
3.35	3.4930390956250004e7	1.5588818181818184e6	100000.
3.3600000000000003	3.4899472034375004e7	1.4484590525568181e6	100000.
3.3700000000000006	3.4927445862500004e7	1.4131236306818181e6	100000.
3.3800000000000003	3.4917140315625e7	1.3174229119318184e6	100000.
3.39	3.4940696503125e7	1.2879776775568184e6	100000.
3.4	3.4912723815625e7	1.1731372713068181e6	100000.
3.4100000000000006	3.4936280003125e7	1.1230775213068184e6	100000.
3.4200000000000004	3.4914197503125e7	1.0641859119318184e6	100000.
3.43	3.493480745625e7	1.0023503494318182e6	100000.
3.440000000000001	3.4921555675e7	915481.4900568181	100000.
3.45	3.495836364375e7	866896.5681818182	100000.
3.4600000000000004	3.4940696503125e7	784446.4900568182	100000.
3.47	3.496572637812499e7	719664.6931818181	100000.
3.480000000000001	3.493922395625e7	654881.7556818182	100000.
3.4899999999999998	3.4978975878125e7	621021.1619318182	100000.
3.5000000000000004	3.4958364784375e7	529736.9431818184	100000.
3.5100000000000002	3.4995172753125e7	503234.52130681823	100000.
3.5200000000000005	3.4967197784375e7	432565.95880681823	100000.
3.53	3.49863386125e7	388395.2556818182	100000.
3.54	3.49819221125e7	342754.28693181823	100000.
3.5500000000000003	3.500842339374999e7	304473.7713068183	100000.
3.56	3.4990756253125e7	244109.61505681823	100000.
3.5700000000000007	3.5021674034375e7	213189.55255681826	100000.
3.5799999999999996	3.4981920971875e7	186688.2713068183	100000.
3.5900000000000003	3.50054783e7	185215.7244318183	100000.
3.6	3.4992229940625004e7	139573.61505681826	100000.
3.6100000000000003	3.5031978440625e7	121907.61505681825	100000.
3.6200000000000006	3.5005477159375e7	100000.	100000.
3.6300000000000003	3.5020202628125e7	100000.	100000.
3.64	3.5004006893750004e7	100000.	100000.
3.65	3.5020201487500004e7	100000.	100000.
3.6600000000000006	3.500989479999999e7	100000.	100000.
3.6700000000000004	3.50231443e7	100000.	100000.
3.68	3.500253320625e7	100000.	100000.
3.690000000000001	3.5012839893750004e7	100000.	100000.
3.7	3.4992228800000004e7	100000.	100000.
3.709999999999999	3.501283989375e7	100000.	100000.
3.7200000000000006	3.4992227659375e7	100000.	100000.
3.7300000000000004	3.501725753437499e7	100000.	100000.
3.74	3.499370020625e7	100000.	100000.
3.75	3.500400575312499e7	100000.	100000.
3.7600000000000016	3.49819221125e7	100000.	100000.
3.7700000000000005	3.4999589253125e7	100000.	100000.
3.7799999999999994	3.497897587812499e7	100000.	100000.
3.79	3.4993699065625e7	100000.	100000.
3.8000000000000007	3.4978975878125e7	100000.	100000.
3.8100000000000005	3.4978975878125e7	100000.	100000.
3.8200000000000003	3.4965726378125e7	100000.	100000.
3.83	3.496572409687499e7	100000.	100000.
3.84	3.4934808596875e7	100000.	100000.
3.8499999999999996	3.495689451875e7	100000.	100000.
3.8600000000000003	3.49318623625e7	100000.	100000.
3.870000000000001	3.495394714375e7	100000.	100000.
3.88	3.49274458625e7	100000.	100000.
3.8900000000000006	3.493480745625e7	100000.	100000.
3.9000000000000004	3.490977872187499e7	100000.	100000.
3.91	3.4925973315625e7	100000.	100000.
3.92	3.4918611721875e7	100000.	100000.
3.9300000000000006	3.4915666628125e7	100000.	100000.
3.9400000000000013	3.4886220253125e7	100000.	100000.
3.95	3.4906833628125e7	100000.	100000.
3.959999999999999	3.4875915846875e7	100000.	100000.
3.9700000000000006	3.4896528081250004e7	100000.	100000.
3.9800000000000004	3.4864137753125e7	100000.	100000.
3.99	3.4874442159375e7	100000.	100000.
4.	3.485382992499999e7	100000.	100000.
4.010000000000002	3.485824756562499e7	100000.	100000.
4.0200000000000005	3.4837634190625e7	100000.	100000.
4.029999999999999	3.483910787812499e7	100000.	100000.
4.04	3.4822911003125e7	100000.	100000.
4.050000000000001	3.484352437812499e7	100000.	100000.
4.0600000000000005	3.4815549409375004e7	100000.	100000.
4.07	3.4819965909375e7	100000.	100000.
4.08	3.479935595624999e7	100000.	100000.
4.09	3.4803771315625e7	100000.	100000.
4.1	3.4787576721875e7	100000.	100000.
4.11	3.4803771315625e7	100000.	100000.
4.120000000000001	3.476843589375e7	100000.	100000.
4.13	3.4755185253125e7	100000.	100000.
4.140000000000001	3.4747824800000004e7	100000.	100000.
4.15	3.4777270034375e7	100000.	100000.
4.16	3.47463511125e7	100000.	100000.
4.17	3.4736044425e7	100000.	100000.
4.180000000000001	3.47169047375e7	100000.	100000.
4.190000000000001	3.4737516971875004e7	100000.	100000.
4.2	3.4703655237500004e7	100000.	100000.
4.209999999999999	3.47036552375e7	100000.	100000.
4.220000000000001	3.468451555e7	100000.	100000.
4.23	3.470807173749999e7	100000.	100000.
4.24	3.4672735175e7	100000.	100000.
4.25	3.4674207721875e7	100000.	100000.
4.260000000000002	3.466243076875e7	100000.	100000.
4.2700000000000005	3.4659484534375e7	100000.	100000.
4.279999999999999	3.462267656562499e7	100000.	100000.
4.29	3.4638873440625e7	100000.	100000.
4.300000000000001	3.4615317253125e7	100000.	100000.
4.3100000000000005	3.4628566753125e7	100000.	100000.
4.32	3.459617414375e7	100000.	100000.
4.33	3.4596176425e7	100000.	100000.
4.34	3.457556304999999e7	100000.	100000.
4.35	3.4575564190625e7	100000.	100000.
4.36	3.4538756221875e7	100000.	100000.
4.370000000000001	3.454317386249999e7	100000.	100000.
4.38	3.451225608125e7	100000.	100000.
4.390000000000001	3.45122538e7	100000.	100000.
4.4	3.448428111249999e7	100000.	100000.
4.41	3.4478390925e7	100000.	100000.
4.42	3.4454833596875e7	100000.	100000.
4.430000000000001	3.4454835878125e7	100000.	100000.
4.440000000000001	3.4420970721875e7	100000.	100000.
4.45	3.4419498175e7	100000.	100000.
4.459999999999999	3.4398888221875e7	100000.	100000.
4.470000000000001	3.438416389375e7	100000.	100000.
4.48	3.4350301018750004e7	100000.	100000.
4.49	3.43576626125e7	100000.	100000.
4.5	3.432085464375e7	100000.	100000.
4.510000000000002	3.432085464375e7	100000.	100000.
4.5200000000000005	3.4275212534375e7	100000.	100000.
4.529999999999999	3.4267850940625e7	100000.	100000.
4.54	3.42398771125e7	100000.	100000.
4.550000000000001	3.4225155065625004e7	100000.	100000.
4.5600000000000005	3.41854008625e7	100000.	100000.
4.57	3.4169205128125e7	100000.	100000.
4.58	3.4126509253125e7	100000.	100000.
4.59	3.4100007971875e7	100000.	100000.
4.6	3.407350555e7	100000.	100000.
4.61	3.406320000312499e7	100000.	100000.
4.620000000000001	3.3995473112500004e7	100000.	100000.
4.63	3.3967500425e7	100000.	100000.
4.640000000000001	3.393069131562499e7	100000.	100000.
4.65	3.3901243800000004e7	100000.	100000.
4.66	3.384676983125e7	100000.	100000.
4.67	3.3814377221875e7	100000.	100000.
4.680000000000001	3.3764319753125004e7	100000.	100000.
4.690000000000001	3.3720151331250004e7	100000.	100000.
4.7	3.366714876875e7	100000.	100000.
4.709999999999999	3.363475501874999e7	100000.	100000.
4.720000000000001	3.3567030409375e7	100000.	100000.
4.73	3.3534640081249997e7	100000.	100000.
4.74	3.3462496690624997e7	100000.	100000.
4.75	3.3434522862500004e7	100000.	100000.
4.760000000000002	3.3355016737499993e7	100000.	100000.
4.7700000000000005	3.3324098956249997e7	100000.	100000.
4.779999999999999	3.3256372065624993e7	100000.	100000.
4.79	3.3231344471874997e7	100000.	100000.
4.800000000000001	3.3157727393749993e7	100000.	100000.
4.8100000000000005	3.3104725971874997e7	100000.	100000.
4.82	3.3025219846874997e7	100000.	100000.
4.83	3.2992827237499993e7	100000.	100000.
4.84	3.2892712299999993e7	100000.	100000.
4.85	3.286621101875e7	100000.	100000.
4.86	3.27660938e7	100000.	100000.
4.870000000000001	3.2713091237499993e7	100000.	100000.
4.88	3.2643891799999997e7	100000.	100000.
4.890000000000001	3.2568803315624997e7	100000.	100000.
4.9	3.2440713409375e7	100000.	100000.
4.91	3.2364152378124997e7	100000.	100000.
4.92	3.2244895471874997e7	100000.	100000.
4.930000000000001	3.2130055065625e7	100000.	100000.
4.940000000000001	3.198429573749999e7	100000.	100000.
4.95	3.1863568565624993e7	100000.	100000.
4.959999999999999	3.1734002690624997e7	100000.	100000.
4.970000000000001	3.160296883125e7	100000.	100000.
4.98	3.1461626003125e7	100000.	100000.
4.99	3.1354147190624997e7	100000.	100000.
5.	3.1189248174999997e7	100000.	100000.
5.010000000000002	3.1042017440625e7	100000.	100000.
5.0200000000000005	3.0933066081249993e7	100000.	100000.
5.029999999999999	3.0788780440624997e7	100000.	100000.
5.04	3.063713206562499e7	100000.	100000.
5.050000000000001	3.0539958799999993e7	100000.	100000.
5.0600000000000005	3.0388312706249993e7	100000.	100000.
5.07	3.0280831612499997e7	100000.	100000.
5.08	3.0120351378124997e7	100000.	100000.
5.09	3.0009928612499997e7	100000.	100000.
5.1	2.9834722909374997e7	100000.	100000.
5.11	2.9725770409374997e7	100000.	100000.
5.120000000000001	2.9574124315624993e7	100000.	100000.
5.13	2.9469590596875e7	100000.	100000.
5.140000000000001	2.931794108125e7	100000.	100000.
5.15	2.9194265393749993e7	100000.	100000.
5.16	2.9061758987499997e7	100000.	100000.
5.17	2.8933669081249997e7	100000.	100000.
5.180000000000001	2.878202070625e7	100000.	100000.
5.190000000000001	2.8687792534374997e7	100000.	100000.
5.2	2.8521422112499997e7	100000.	100000.
5.209999999999999	2.8405108018749997e7	100000.	100000.
5.220000000000001	2.8251989378124997e7	100000.	100000.
5.23	2.8138619237499993e7	100000.	100000.
5.24	2.8001695190624993e7	100000.	100000.
5.25	2.787507554999999e7	100000.	100000.
5.260000000000002	2.7717538128124997e7	100000.	100000.
5.2700000000000005	2.7643923331249993e7	100000.	100000.
5.279999999999999	2.7483440815624993e7	100000.	100000.
5.29	2.73789082375e7	100000.	100000.
5.300000000000001	2.7240510503125e7	100000.	100000.
5.3100000000000005	2.7121253596875e7	100000.	100000.
5.32	2.696813495625e7	100000.	100000.
5.33	2.6860655003125004e7	100000.	100000.
5.34	2.674139695625e7	100000.	100000.
5.35	2.6577970487500004e7	100000.	100000.
5.36	2.6464602628125e7	100000.	100000.
5.370000000000001	2.6351233628125e7	100000.	100000.
5.38	2.6221671174999997e7	100000.	100000.
5.390000000000001	2.6109774721874997e7	100000.	100000.
5.4	2.597432208125e7	100000.	100000.
5.41	2.58580079875e7	100000.	100000.
5.42	2.5725502721875e7	100000.	100000.
5.430000000000001	2.5613607409375e7	100000.	100000.
5.440000000000001	2.5470792034374997e7	100000.	100000.
5.45	2.5383925456249997e7	100000.	100000.
5.459999999999999	2.5241111221874997e7	100000.	100000.
5.470000000000001	2.513216214375e7	100000.	100000.
5.48	2.4995235815625e7	100000.	100000.
5.49	2.4901008784374993e7	100000.	100000.
5.5	2.4772916596875e7	100000.	100000.
5.510000000000002	2.4634520003124997e7	100000.	100000.
5.5200000000000005	2.45285137375e7	100000.	100000.
5.529999999999999	2.4428396518750004e7	100000.	100000.
5.54	2.4310611018749993e7	100000.	100000.
5.550000000000001	2.4197243159374997e7	100000.	100000.
5.5600000000000005	2.4067679565625004e7	100000.	100000.
5.57	2.3979341581249997e7	100000.	100000.
5.58	2.3836527346875e7	100000.	100000.
5.59	2.3752607003125e7	100000.	100000.
5.6	2.3631876409375004e7	100000.	100000.
5.61	2.352292733125e7	100000.	100000.
5.620000000000001	2.3415447378125e7	100000.	100000.
5.63	2.331091251875e7	100000.	100000.
5.640000000000001	2.3176932425e7	100000.	100000.
5.65	2.3075342659375e7	100000.	100000.
5.66	2.2981114487499997e7	100000.	100000.
5.67	2.2886887456250004e7	100000.	100000.
5.680000000000001	2.274996226875e7	100000.	100000.
5.690000000000001	2.2679292565624997e7	100000.	100000.
5.7	2.2543838784375e7	100000.	100000.
5.709999999999999	2.2459915018750004e7	100000.	100000.
5.720000000000001	2.23524384875e7	100000.	100000.
5.73	2.2262627956249997e7	100000.	100000.
5.74	2.214484245625e7	100000.	100000.
5.75	2.2057975878124997e7	100000.	100000.
5.760000000000002	2.1937245284375e7	100000.	100000.
5.7700000000000005	2.186657558125e7	100000.	100000.
5.779999999999999	2.172376020625e7	100000.	100000.
5.79	2.1661923503125004e7	100000.	100000.
5.800000000000001	2.1538250096875e7	100000.	100000.
5.8100000000000005	2.1454327471875004e7	100000.	100000.
5.82	2.1338015659375004e7	100000.	100000.
5.83	2.1265872268749997e7	100000.	100000.
5.840000000000001	2.1155449503125e7	100000.	100000.
5.85	2.10582762375e7	100000.	100000.
5.86	2.0947853471875e7	100000.	100000.
5.870000000000001	2.0881599128125004e7	100000.	100000.
5.88	2.0769703815624997e7	100000.	100000.
5.890000000000001	2.0688727425e7	100000.	100000.
5.9	2.057241333125e7	100000.	100000.
5.91	2.04929094875e7	100000.	100000.
5.92	2.039426595625e7	100000.	100000.
5.930000000000001	2.0328010471875e7	100000.	100000.
5.940000000000001	2.0226421846874997e7	100000.	100000.
5.95	2.015427845625e7	100000.	100000.
5.959999999999999	2.0027658815625e7	100000.	100000.
5.970000000000001	1.9987905753124997e7	100000.	100000.
5.98	1.9858342159375e7	100000.	100000.
5.99	1.9787672456250004e7	100000.	100000.
6.	1.9677247409375e7	100000.	100000.
6.010000000000002	1.9622773440625e7	100000.	100000.
6.0200000000000005	1.9515295768749997e7	100000.	100000.
6.029999999999999	1.9451984237500004e7	100000.	100000.
6.04	1.9348924206250004e7	100000.	100000.
6.050000000000001	1.92915028625e7	100000.	100000.
6.0600000000000005	1.9188441690625e7	100000.	100000.
6.07	1.91354379875e7	100000.	100000.
6.08	1.9026487768749997e7	100000.	100000.
6.090000000000001	1.8979374253125e7	100000.	100000.
6.1	1.8846864425e7	100000.	100000.
6.109999999999999	1.8807114784375004e7	100000.	100000.
6.120000000000001	1.8712885471874997e7	100000.	100000.
6.13	1.8653992721874997e7	100000.	100000.
6.140000000000001	1.8550931550000004e7	100000.	100000.
6.15	1.850381689375e7	100000.	100000.
6.16	1.8405172221874997e7	100000.	100000.
6.17	1.8349223425e7	100000.	100000.
6.1800000000000015	1.8256468940625e7	100000.	100000.
6.190000000000001	1.8203465237499997e7	100000.	100000.
6.2	1.8079790690625e7	100000.	100000.
6.209999999999999	1.804592895625e7	100000.	100000.
6.220000000000001	1.7954645878125e7	100000.	100000.
6.23	1.791342026875e7	100000.	100000.
6.24	1.781183164375e7	100000.	100000.
6.25	1.7773549987499997e7	100000.	100000.
6.260000000000002	1.7657239315625e7	100000.	100000.
6.2700000000000005	1.7627792940624997e7	100000.	100000.
6.279999999999999	1.7524730628125e7	100000.	100000.
6.290000000000001	1.75011733e7	100000.	100000.
6.300000000000001	1.7392224221875e7	100000.	100000.
6.3100000000000005	1.7358359065624997e7	100000.	100000.
6.32	1.72670759875e7	100000.	100000.
6.33	1.72081832375e7	100000.	100000.
6.340000000000001	1.7125734299999997e7	100000.	100000.
6.35	1.7093342831249997e7	100000.	100000.
6.359999999999999	1.6997643253124997e7	100000.	100000.
6.370000000000001	1.695641764375e7	100000.	100000.
6.38	1.68666071125e7	100000.	100000.
6.390000000000001	1.682685405e7	100000.	100000.
6.4	1.673410070625e7	100000.	100000.
6.41	1.6710541096874997e7	100000.	100000.
6.42	1.6629566987500003e7	100000.	100000.
6.4300000000000015	1.6585396284375e7	100000.	100000.
6.440000000000001	1.6489695565624999e7	100000.	100000.
6.45	1.6458776643749999e7	100000.	100000.
6.459999999999999	1.6379272800000003e7	100000.	100000.
6.470000000000001	1.6352772659374999e7	100000.	100000.
6.48	1.6240873924999999e7	100000.	100000.
6.49	1.6214373784375003e7	100000.	100000.
6.5	1.6148119440625003e7	100000.	100000.
6.510000000000002	1.6099533378125003e7	100000.	100000.
6.5200000000000005	1.6021500940625003e7	100000.	100000.
6.529999999999999	1.5986166659375e7	100000.	100000.
6.540000000000001	1.5916967221874999e7	100000.	100000.
6.550000000000001	1.5850712878125e7	100000.	100000.
6.5600000000000005	1.5778570628125e7	100000.	100000.
6.57	1.5763846299999999e7	100000.	100000.
6.58	1.56696169875e7	100000.	100000.
6.590000000000001	1.5656367487499999e7	100000.	100000.
6.6	1.557391855e7	100000.	100000.
6.609999999999999	1.5545944721875e7	100000.	100000.
6.620000000000001	1.5457605596874999e7	100000.	100000.
6.63	1.5420798768750003e7	100000.	100000.
6.640000000000001	1.5354545565624999e7	100000.	100000.
6.65	1.5323625503124999e7	100000.	100000.
6.66	1.5251480971874999e7	100000.	100000.
6.67	1.521909064375e7	100000.	100000.
6.6800000000000015	1.5135169159375e7	100000.	100000.
6.690000000000001	1.512191851875e7	100000.	100000.
6.7	1.5030636581249999e7	100000.	100000.
6.709999999999999	1.5021802440624999e7	100000.	100000.
6.720000000000001	1.4939352362499999e7	100000.	100000.
6.73	1.4924629175e7	100000.	100000.
6.74	1.482745705e7	100000.	100000.
6.75	1.48127338625e7	100000.	100000.
6.760000000000002	1.4737646518749999e7	100000.	100000.
6.7700000000000005	1.4702309956249999e7	100000.	100000.
6.779999999999999	1.462869401875e7	100000.	100000.
6.790000000000001	1.4612499425e7	100000.	100000.
6.800000000000001	1.4540356034375e7	100000.	100000.
6.8100000000000005	1.4503548065625e7	100000.	100000.
6.82	1.4438766268749999e7	100000.	100000.
6.83	1.4425515628125e7	100000.	100000.
6.840000000000001	1.4343066690625003e7	100000.	100000.
6.85	1.4319510503125e7	100000.	100000.
6.859999999999999	1.4244420878125003e7	100000.	100000.
6.870000000000001	1.4212031690624997e7	100000.	100000.
6.88	1.4160499393749997e7	100000.	100000.
6.890000000000001	1.41339981125e7	100000.	100000.
6.9	1.4042716175e7	100000.	100000.
6.91	1.4039771081250003e7	100000.	100000.
6.92	1.3972044190625e7	100000.	100000.
6.9300000000000015	1.3945542909375e7	100000.	100000.
6.940000000000001	1.3877814878125e7	100000.	100000.
6.95	1.3861621424999999e7	100000.	100000.
6.959999999999999	1.3773282300000003e7	100000.	100000.
6.970000000000001	1.3746781018749999e7	100000.	100000.
6.98	1.3676107893750003e7	100000.	100000.
6.99	1.3658440753124997e7	100000.	100000.
7.	1.3587771049999999e7	100000.	100000.
7.010000000000002	1.35818808625e7	100000.	100000.
7.0200000000000005	1.3511211159374999e7	100000.	100000.
7.029999999999999	1.35009056125e7	100000.	100000.
7.040000000000001	1.3415510440625e7	100000.	100000.
7.050000000000001	1.340814770625e7	100000.	100000.
7.0600000000000005	1.3330116409375003e7	100000.	100000.
7.07	1.3327171315624999e7	100000.	100000.
7.08	1.323883333125e7	100000.	100000.
7.090000000000001	1.3216747409375003e7	100000.	100000.
7.1	1.3156383253125e7	100000.	100000.
7.109999999999999	1.3140188659374999e7	100000.	100000.
7.120000000000001	1.306804526875e7	100000.	100000.
7.13	1.3060682534374999e7	100000.	100000.
7.140000000000001	1.2995901878125e7	100000.	100000.
7.15	1.2973818237499999e7	100000.	100000.
7.16	1.29193419875e7	100000.	100000.
7.17	1.2909034159375e7	100000.	100000.
7.1800000000000015	1.2833946815624999e7	100000.	100000.
7.190000000000001	1.2795667440624997e7	100000.	100000.
7.2	1.273088564375e7	100000.	100000.
7.209999999999999	1.2695550221875e7	100000.	100000.
7.220000000000001	1.2624879378124999e7	100000.	100000.
7.23	1.2593960456249999e7	100000.	100000.
7.24	1.2512984065625e7	100000.	100000.
7.25	1.2495315784375e7	100000.	100000.
7.260000000000002	1.2420227300000003e7	100000.	100000.
7.2700000000000005	1.2371640096874999e7	100000.	100000.
7.279999999999999	1.2286248346875003e7	100000.	100000.
7.290000000000001	1.2270053753124999e7	100000.	100000.
7.300000000000001	1.2193492721875e7	100000.	100000.
7.3100000000000005	1.2155212206250003e7	100000.	100000.
7.32	1.2065400534374999e7	100000.	100000.
7.33	1.20212321125e7	100000.	100000.
7.340000000000001	1.1953506362500003e7	100000.	100000.
7.35	1.1927005081250003e7	100000.	100000.
7.359999999999999	1.1846026409375e7	100000.	100000.
7.370000000000001	1.1806274487499999e7	100000.	100000.
7.38	1.173560364375e7	100000.	100000.
7.390000000000001	1.17046858625e7	100000.	100000.
7.4	1.1614874190625e7	100000.	100000.
7.41	1.1576592534375e7	100000.	100000.
7.42	1.1520647159374999e7	100000.	100000.
7.4300000000000015	1.149119964375e7	100000.	100000.
7.440000000000001	1.1414639753125e7	100000.	100000.
7.45	1.1386665925e7	100000.	100000.
7.459999999999999	1.12880201125e7	100000.	100000.
7.470000000000001	1.1273298065624997e7	100000.	100000.
7.48	1.1201154675e7	100000.	100000.
7.49	1.1187904034375e7	100000.	100000.
7.5	1.1103981409375e7	100000.	100000.
7.510000000000002	1.107159108125e7	100000.	100000.
7.5200000000000005	1.099797514375e7	100000.	100000.
7.529999999999999	1.0970001315624999e7	100000.	100000.
7.540000000000001	1.0908165753125e7	100000.	100000.
7.550000000000001	1.0872829190624999e7	100000.	100000.
7.5600000000000005	1.07918528e7	100000.	100000.
7.57	1.0757989925e7	100000.	100000.
7.58	1.0685846534374999e7	100000.	100000.
7.590000000000001	1.0665233159374999e7	100000.	100000.
7.6	1.0576895175e7	100000.	100000.
7.609999999999999	1.056511708125e7	100000.	100000.
7.620000000000001	1.050033414375e7	100000.	100000.
7.630000000000001	1.0462054768749999e7	100000.	100000.
7.640000000000001	1.0398744378124999e7	100000.	100000.
7.65	1.037813214375e7	100000.	100000.
7.66	1.030009970625e7	100000.	100000.
7.67	1.0270654471874999e7	100000.	100000.
7.6800000000000015	1.0214706815625e7	100000.	100000.
7.690000000000001	1.018820439375e7	100000.	100000.
7.7	1.0116062143749999e7	100000.	100000.
7.71	1.0088088315624999e7	100000.	100000.
7.719999999999998	1.0029194425e7	100000.	100000.
7.7299999999999995	1.0020361424999999e7	100000.	100000.
7.740000000000001	9.945272940624999e6	100000.	100000.
7.749999999999999	9.930552034374999e6	100000.	100000.
7.760000000000001	9.864295409375e6	100000.	100000.
7.7700000000000005	9.823073221874999e6	100000.	100000.
7.78	9.775956284375e6	100000.	100000.
7.790000000000002	9.762706784375e6	100000.	100000.
7.8	9.680255565625e6	100000.	100000.
7.81	9.667008346875e6	100000.	100000.
7.820000000000003	9.615474909375e6	100000.	100000.
7.830000000000001	9.586029675000003e6	100000.	100000.
7.840000000000001	9.524192971874999e6	100000.	100000.
7.8500000000000005	9.516829096875e6	100000.	100000.
7.8599999999999985	9.44615939375e6	100000.	100000.
7.87	9.422604346874999e6	100000.	100000.
7.88	9.375489690624999e6	100000.	100000.
7.89	9.35340376875e6	100000.	100000.
7.900000000000001	9.285678018749999e6	100000.	100000.
7.910000000000001	9.278316425e6	100000.	100000.
7.920000000000001	9.219424815625e6	100000.	100000.
7.930000000000002	9.19292239375e6	100000.	100000.
7.94	9.132557096875e6	100000.	100000.
7.95	9.119307596875e6	100000.	100000.
7.96	9.0736654875e6	100000.	100000.
7.969999999999998	9.050108159375003e6	100000.	100000.
7.9799999999999995	8.982380128124999e6	100000.	100000.
7.990000000000001	8.9764933625e6	100000.	100000.
7.999999999999999	8.910239018749999e6	100000.	100000.
8.01	8.907293924999999e6	100000.	100000.
8.02	8.835150534375e6	100000.	100000.
8.03	8.82189989375e6	100000.	100000.
8.040000000000001	8.757118096874999e6	100000.	100000.
8.049999999999999	8.749756503125e6	100000.	100000.
8.059999999999999	8.679085659374999e6	100000.	100000.
8.070000000000002	8.6687801125e6	100000.	100000.
8.08	8.626083096875e6	100000.	100000.
8.09	8.62461055e6	100000.	100000.
8.1	8.552469440625e6	100000.	100000.
8.109999999999998	8.55835620625e6	100000.	100000.
8.12	8.49799205e6	100000.	100000.
8.129999999999999	8.493574409375e6	100000.	100000.
8.139999999999999	8.43615420625e6	100000.	100000.
8.15	8.418487065625e6	100000.	100000.
8.16	8.364011956250002e6	100000.	100000.
8.17	8.341927175000001e6	100000.	100000.
8.180000000000001	8.311009393750002e6	100000.	100000.
8.19	8.299231300000001e6	100000.	100000.
8.2	8.244753909375002e6	100000.	100000.
8.209999999999999	8.232974675000002e6	100000.	100000.
8.219999999999997	8.190278800000002e6	100000.	100000.
8.229999999999999	8.181445800000003e6	100000.	100000.
8.24	8.122553050000001e6	100000.	100000.
8.249999999999998	8.109300128125e6	100000.	100000.
8.26	8.076910940625e6	100000.	100000.
8.27	8.06071520625e6	100000.	100000.
8.28	8.010656596875e6	100000.	100000.
8.290000000000001	8.000351050000001e6	100000.	100000.
8.299999999999999	7.957654034375001e6	100000.	100000.
8.309999999999999	7.953235253125002e6	100000.	100000.
8.320000000000002	7.884036956250001e6	100000.	100000.
8.33	7.891400831250001e6	100000.	100000.
8.34	7.848703815625001e6	100000.	100000.
8.35	7.836924581250001e6	100000.	100000.
8.359999999999998	7.789811065625001e6	100000.	100000.
8.37	7.779504378125001e6	100000.	100000.
8.379999999999999	7.73386226875e6	100000.	100000.
8.389999999999999	7.723556721875001e6	100000.	100000.
8.4	7.685277346875001e6	100000.	100000.
8.41	7.6734981125e6	100000.	100000.
8.42	7.619021862500001e6	100000.	100000.
8.430000000000001	7.610188862500001e6	100000.	100000.
8.44	7.557186300000001e6	100000.	100000.
8.45	7.563073065625e6	100000.	100000.
8.459999999999999	7.530683878125001e6	100000.	100000.
8.469999999999997	7.49093195625e6	100000.	100000.
8.479999999999999	7.445288706250002e6	100000.	100000.
8.49	7.452651440625e6	100000.	100000.
8.499999999999998	7.396701503125e6	100000.	100000.
8.51	7.401120284375e6	100000.	100000.
8.52	7.351062815624999e6	100000.	100000.
8.53	7.3613683625e6	100000.	100000.
8.540000000000001	7.292170065625001e6	100000.	100000.
8.549999999999999	7.283335925e6	100000.	100000.
8.559999999999999	7.230331081250001e6	100000.	100000.
8.570000000000002	7.250944456249999e6	100000.	100000.
8.58	7.189107753125001e6	100000.	100000.
8.59	7.184691253125001e6	100000.	100000.
8.6	7.131686409375002e6	100000.	100000.
8.609999999999998	7.156716284375001e6	100000.	100000.
8.62	7.10076976875e6	100000.	100000.
8.629999999999999	7.100768628125002e6	100000.	100000.
8.639999999999999	7.050711159375001e6	100000.	100000.
8.65	7.038931925000002e6	100000.	100000.
8.66	6.993288675e6	100000.	100000.
8.67	6.98003689375e6	100000.	100000.
8.680000000000001	6.960900628125e6	100000.	100000.
8.69	6.940287253124999e6	100000.	100000.
8.7	6.89464514375e6	100000.	100000.
8.709999999999999	6.902007878125001e6	100000.	100000.
8.719999999999997	6.859309721875001e6	100000.	100000.
8.729999999999999	6.8548943625e6	100000.	100000.
8.74	6.803360925e6	100000.	100000.
8.749999999999998	6.796000471875001e6	100000.	100000.
8.76	6.751832050000001e6	100000.	100000.
8.77	6.766554096875001e6	100000.	100000.
8.78	6.715024081250001e6	100000.	100000.
8.790000000000001	6.720913128125001e6	100000.	100000.
8.799999999999999	6.666436878125001e6	100000.	100000.
8.809999999999999	6.669380831250001e6	100000.	100000.
8.820000000000002	6.628156362500001e6	100000.	100000.
8.83	6.641407003125001e6	100000.	100000.
8.84	6.592822081250001e6	100000.	100000.
8.85	6.600182534375001e6	100000.	100000.
8.859999999999998	6.517733596875001e6	100000.	100000.
8.87	6.528039143750001e6	100000.	100000.
8.879999999999999	6.498593909375001e6	100000.	100000.
8.889999999999999	6.508900596875e6	100000.	100000.
8.9	6.458841987500001e6	100000.	100000.
8.91	6.455898034375001e6	100000.	100000.
8.92	6.4131987375e6	100000.	100000.
8.930000000000001	6.427921925e6	100000.	100000.
8.94	6.374918221875e6	100000.	100000.
8.95	6.385224909375e6	100000.	100000.
8.959999999999999	6.341055346875001e6	100000.	100000.
8.969999999999997	6.351362034375001e6	100000.	100000.
8.979999999999999	6.304248518750001e6	100000.	100000.
8.99	6.302775971875001e6	100000.	100000.
8.999999999999998	6.257135003125001e6	100000.	100000.
9.01	6.265966862500002e6	100000.	100000.
9.02	6.236520487500001e6	100000.	100000.
9.03	6.239465581250001e6	100000.	100000.
9.040000000000001	6.1952983e6	100000.	100000.
9.049999999999999	6.210020346875001e6	100000.	100000.
9.059999999999999	6.168794737500001e6	100000.	100000.
9.070000000000002	6.179101425000002e6	100000.	100000.
9.08	6.139349503125e6	100000.	100000.
9.09	6.140822050000001e6	100000.	100000.
9.1	6.098123893750001e6	100000.	100000.
9.109999999999998	6.109904268750001e6	100000.	100000.
9.12	6.080459034375e6	100000.	100000.
9.129999999999999	6.081929300000002e6	100000.	100000.
9.139999999999999	6.043649925000001e6	100000.	100000.
9.15	6.061318206250001e6	100000.	100000.
9.16	6.027454190625001e6	100000.	100000.
9.17	6.025981643750001e6	100000.	100000.
9.180000000000001	5.97150539375e6	100000.	100000.
9.19	5.968561440625001e6	100000.	100000.
9.2	5.896418050000001e6	100000.	100000.
9.209999999999999	5.905251050000002e6	100000.	100000.
9.219999999999997	5.894945503125e6	100000.	100000.
9.229999999999999	5.917031425000001e6	100000.	100000.
9.24	5.877278362500001e6	100000.	100000.
9.249999999999998	5.89788945625e6	100000.	100000.
9.26	5.868445362500001e6	100000.	100000.
9.27	5.8772783625e6	100000.	100000.
9.28	5.850777081250001e6	100000.	100000.
9.290000000000001	5.846359440625e6	100000.	100000.
9.299999999999999	5.809550331250001e6	100000.	100000.
9.309999999999999	5.812497706250001e6	100000.	100000.
9.320000000000002	5.787466690625001e6	100000.	100000.
9.33	5.794829425000001e6	100000.	100000.
9.34	5.769798409375001e6	100000.	100000.
9.35	5.781577643750001e6	100000.	100000.
9.359999999999998	5.725628846875e6	100000.	100000.
9.37	5.722686034375001e6	100000.	100000.
9.379999999999999	5.699128706250001e6	100000.	100000.
9.389999999999999	5.728575081250001e6	100000.	100000.
9.4	5.672628565625001e6	100000.	100000.
9.41	5.687350612500001e6	100000.	100000.
9.42	5.653486596875002e6	100000.	100000.
9.430000000000001	5.640235956250002e6	100000.	100000.
9.44	5.621095128125e6	100000.	100000.
9.45	5.647598690625001e6	100000.	100000.
9.459999999999999	5.604900534375e6	100000.	100000.
9.469999999999997	5.6122609875e6	100000.	100000.
9.479999999999999	5.565149753125002e6	100000.	100000.
9.49	5.582815753125001e6	100000.	100000.
9.499999999999998	5.554843065625001e6	100000.	100000.
9.51	5.560732112499999e6	100000.	100000.
9.52	5.538646190625e6	100000.	100000.
9.53	5.547480331250001e6	100000.	100000.
9.540000000000001	5.512146050000001e6	100000.	100000.
9.549999999999999	5.52539555e6	100000.	100000.
9.559999999999999	5.478282034375e6	100000.	100000.
9.570000000000002	5.493005221875001e6	100000.	100000.
9.58	5.463558846875e6	100000.	100000.
9.59	5.4723929875e6	100000.	100000.
9.6	5.437057565625e6	100000.	100000.
9.609999999999998	5.448835659375002e6	100000.	100000.
9.62	5.425279471875e6	100000.	100000.
9.629999999999999	5.437056425e6	100000.	100000.
9.639999999999999	5.401721003125e6	100000.	100000.
9.65	5.401722143750001e6	100000.	100000.
9.66	5.376692268750001e6	100000.	100000.
9.67	5.375218581250001e6	100000.	100000.
9.680000000000001	5.373749456250001e6	100000.	100000.
9.69	5.370803221875001e6	100000.	100000.
9.7	5.350190987500001e6	100000.	100000.
9.709999999999999	5.328105065625001e6	100000.	100000.
9.719999999999997	5.308965378125001e6	100000.	100000.
9.729999999999999	5.325162253125e6	100000.	100000.
9.74	5.285408050000001e6	100000.	100000.
9.749999999999998	5.286881737500001e6	100000.	100000.
9.76	5.285408050000001e6	100000.	100000.
9.77	5.28393664375e6	100000.	100000.
9.78	5.264795815625001e6	100000.	100000.
9.790000000000001	5.257434221875e6	100000.	100000.
9.799999999999999	5.242713315625e6	100000.	100000.
9.809999999999999	5.23976708125e6	100000.	100000.
9.820000000000002	5.22504389375e6	100000.	100000.
9.83	5.23093408125e6	100000.	100000.
9.84	5.195597518750001e6	100000.	100000.
9.85	5.2176823e6	100000.	100000.
9.859999999999998	5.174984143750001e6	100000.	100000.
9.87	5.1646797375e6	100000.	100000.
9.879999999999999	5.157317003125001e6	100000.	100000.
9.889999999999999	5.179404065625001e6	100000.	100000.
9.9	5.132289409375001e6	100000.	100000.
9.91	5.145537768750002e6	100000.	100000.
9.92	5.117567362500001e6	100000.	100000.
9.930000000000001	5.127871768750002e6	100000.	100000.
9.94	5.10284189375e6	100000.	100000.
9.95	5.113147440625001e6	100000.	100000.
9.959999999999999	5.0866473e6	100000.	100000.
9.969999999999997	5.082230800000001e6	100000.	100000.
9.979999999999999	5.054256971875001e6	100000.	100000.
9.99	5.092535206250001e6	100000.	100000.
9.999999999999998	5.066033925e6	100000.	100000.
10.01	5.07045270625e6	100000.	100000.
10.02	5.036588690625e6	100000.	100000.
10.03	5.049838190625001e6	100000.	100000.
10.040000000000001	5.032172190625001e6	100000.	100000.
10.049999999999999	5.032172190625001e6	100000.	100000.
10.059999999999999	5.010087409375001e6	100000.	100000.
10.070000000000002	5.01597645625e6	100000.	100000.
10.08	4.99683676875e6	100000.	100000.
10.09	4.977695940624999e6	100000.	100000.
10.1	4.9688618e6	100000.	100000.
10.109999999999998	4.974753128125e6	100000.	100000.
10.12	4.960028800000001e6	100000.	100000.
10.129999999999999	4.968860659375e6	100000.	100000.
10.139999999999999	4.936472612500001e6	100000.	100000.
10.15	4.955612300000001e6	100000.	100000.
10.16	4.934998925e6	100000.	100000.
10.17	4.932054971875001e6	100000.	100000.
10.180000000000001	4.911442737500001e6	100000.	100000.
10.19	4.905553690625001e6	100000.	100000.
10.2	4.896718409375001e6	100000.	100000.
10.209999999999999	4.90849764375e6	100000.	100000.
10.219999999999997	4.884940315625001e6	100000.	100000.
10.229999999999999	4.879050128125001e6	100000.	100000.
10.24	4.874633628125e6	100000.	100000.
10.249999999999998	4.879050128125001e6	100000.	100000.
10.26	4.859910440625e6	100000.	100000.
10.27	4.862856675000001e6	100000.	100000.
10.28	4.840771893750001e6	100000.	100000.
10.290000000000001	4.861381846875e6	100000.	100000.
10.299999999999999	4.826047565625e6	100000.	100000.
10.309999999999999	4.828992659375002e6	100000.	100000.
10.320000000000002	4.814269471875001e6	100000.	100000.
10.33	4.82310133125e6	100000.	100000.
10.34	4.801018831250001e6	100000.	100000.
10.35	4.820156237500001e6	100000.	100000.
10.359999999999998	4.780406596875e6	100000.	100000.
10.37	4.796601190625001e6	100000.	100000.
10.379999999999999	4.786297925e6	100000.	100000.
10.389999999999999	4.786296784375e6	100000.	100000.
10.4	4.758321815625e6	100000.	100000.
10.41	4.773046143750001e6	100000.	100000.
10.42	4.755375581250001e6	100000.	100000.
10.430000000000001	4.756850409375001e6	100000.	100000.
10.44	4.733291940625001e6	100000.	100000.
10.45	4.745071175000002e6	100000.	100000.
10.459999999999999	4.709735753125001e6	100000.	100000.
10.469999999999997	4.730346846875001e6	100000.	100000.
10.479999999999999	4.711207159375e6	100000.	100000.
10.49	4.708264346875001e6	100000.	100000.
10.499999999999998	4.695012565625001e6	100000.	100000.
10.51	4.697956518750001e6	100000.	100000.
10.52	4.677344284375001e6	100000.	100000.
10.53	4.675872878125001e6	100000.	100000.
10.540000000000001	4.6626222375e6	100000.	100000.
10.549999999999999	4.683233331250001e6	100000.	100000.
10.559999999999999	4.631704456250001e6	100000.	100000.
10.570000000000002	4.662619956250002e6	100000.	100000.
10.58	4.639064909375001e6	100000.	100000.
10.59	4.65231555e6	100000.	100000.
10.6	4.608145987500001e6	100000.	100000.
10.609999999999998	4.637591221875002e6	100000.	100000.
10.62	4.594895346875e6	100000.	100000.
10.629999999999999	4.61992408125e6	100000.	100000.
10.639999999999999	4.589006300000001e6	100000.	100000.
10.65	4.611089940625e6	100000.	100000.
10.66	4.591951393750002e6	100000.	100000.
10.67	4.589006300000001e6	100000.	100000.
10.680000000000001	4.5742831125e6	100000.	100000.
10.69	4.578700753125e6	100000.	100000.
10.7	4.556615971875001e6	100000.	100000.