0.	100000.	100000.	100000.
0.010000000000000009	269380.39005681814	100000.	100000.
0.020000000000000018	752298.2025568183	100000.	100000.
0.030000000000000027	1.4648968275568183e6	100000.	100000.
0.040000000000000036	2.1480490775568187e6	100000.	100000.
0.050000000000000044	3.203696374431818e6	100000.	100000.
0.05999999999999994	4.786431046306819e6	100000.	100000.
0.07000000000000006	6.355912796306818e6	100000.	100000.
0.07999999999999996	8.158021593181818e6	100000.	100000.
0.09000000000000008	9.771675186931817e6	100000.	100000.
0.09999999999999998	1.2170068515056817e7	262285.0803977274	100000.
0.1100000000000001	1.4007513874431819e7	890962.2210227273	100000.
0.12	1.5778703749431819e7	2.0526146428977272e6	115696.74602272731
0.13	1.725248706193182e7	3.545536502272727e6	121585.79289772733
0.14	1.818446095255682e7	4.627687361647727e6	158396.04289772728
0.15000000000000002	1.9054594718181815e7	5.650944330397727e6	173115.8085227273
0.16000000000000003	1.953309603068182e7	6.534329877272727e6	181951.08977272728
0.17000000000000004	1.985847642130682e7	7.217482127272728e6	176063.18352272728
0.18	2.000865453068182e7	7.753404783522728e6	208451.23039772728
0.19000000000000006	2.017207871818182e7	8.121481049147727e6	218759.05852272734
0.2	2.0238334202556822e7	8.523421330397725e6	318875.13664772734
0.2099999999999999	2.028691912443182e7	8.806104705397725e6	414576.9960227273
0.22000000000000003	2.034139537443182e7	9.124123502272727e6	642784.1210227273
0.23000000000000015	2.0479793108806815e7	9.481896502272727e6	922523.5428977273
0.24000000000000005	2.1130553890056815e7	9.902976471022727e6	1.2346532928977273e6
0.24999999999999994	2.2284845858806822e7	1.0550794439772727e7	1.792658449147727e6
0.26000000000000006	2.3044557999431815e7	1.1158859346022729e7	2.2593816678977273e6
0.2700000000000002	2.3994197890056822e7	1.2179170080397727e7	3.200188558522728e6
0.27999999999999997	2.526774790568182e7	1.3395298752272729e7	5.209893386647726e6
0.29	2.752627323380681e7	1.5425615814772729e7	8.70074198039773e6
0.3	3.040169646818182e7	1.8934132689772733e7	1.5142101152272727e7
0.31	3.387487678068182e7	2.277833664289773e7	1.920420896477273e7
0.32	3.600972756193182e7	2.7279190424147725e7	2.4354352121022727e7
0.33	3.789281389005682e7	2.992935162727272e7	2.7574297714772724e7
0.34	3.957419323380682e7	3.285188837727272e7	2.9810735980397735e7
0.35000000000000003	4.102736317130682e7	3.4567132877272725e7	3.2073678949147727e7
0.36000000000000004	4.265279599943182e7	3.6510581080397725e7	3.4282144527272716e7
0.37000000000000005	4.3942540608806826e7	3.8789719783522725e7	3.626534807414772e7
0.38000000000000006	4.506149715568182e7	4.0181051877272725e7	3.7849554152272716e7
0.39000000000000007	4.616720306193182e7	4.145754698664773e7	3.927327999602273e7
0.4000000000000001	4.6881273093181826e7	4.2770847783522725e7	4.048940866789773e7
0.41	4.7524671140056826e7	4.388244159602273e7	4.148910830852272e7
0.4199999999999999	4.8063538890056826e7	4.455528829914772e7	4.253592146477272e7
0.43	4.849934204630682e7	4.5301749799147725e7	4.324410130852273e7
0.4400000000000001	4.881736198380682e7	4.5895090377272725e7	4.391694915227272e7
0.45	4.907796057755682e7	4.639126111164773e7	4.4461703667897716e7
0.4599999999999999	4.923255290568181e7	4.679761789289772e7	4.498143058977272e7
0.47000000000000003	4.9409231155681826e7	4.7168639252272725e7	4.534067271477273e7
0.48000000000000015	4.954910029630682e7	4.7433657767897725e7	4.568961157414772e7
0.49000000000000005	4.964921865568181e7	4.770161795539772e7	4.592959679289772e7
0.49999999999999994	4.9716943265056826e7	4.789007315852273e7	4.620050321477272e7
0.5100000000000002	4.9790560343181826e7	4.805055567414772e7	4.636540108977272e7
0.5200000000000002	4.985681468693182e7	4.8208093096022725e7	4.654649698039772e7
0.53	4.989362151505682e7	4.829495853352273e7	4.665691974602273e7
0.54	4.992159420255681e7	4.8383297658522725e7	4.6801206527272716e7
0.55	4.994662293693181e7	4.844955086164773e7	4.684390240227271e7
0.56	4.994662521818182e7	4.8549669221022725e7	4.694254821477272e7
0.5700000000000001	4.996281981193182e7	4.857028031477272e7	4.698524408977272e7
0.5800000000000001	4.9981959499431826e7	4.8615923564772725e7	4.703971919914772e7
0.5900000000000001	5.000846192130682e7	4.863064561164773e7	4.705738748039772e7
0.6000000000000001	4.998784968693181e7	4.867334262727273e7	4.711039118352273e7
0.6100000000000001	5.0009933327556826e7	4.8655673205397725e7	4.709861308977272e7
0.6200000000000001	4.999373759318182e7	4.8695427408522725e7	4.713689246477273e7
0.6300000000000001	5.000698937443181e7	4.8680705361647725e7	4.711186373039773e7
0.6400000000000001	5.000551682755682e7	4.8702789002272725e7	4.715455960539772e7
0.6500000000000001	5.001876746818182e7	4.8674814033522725e7	4.713100341789773e7
0.6599999999999999	5.0005516827556826e7	4.870131645539774e7	4.714425519914772e7
0.6699999999999999	5.001729606193182e7	4.868364931477273e7	4.710744723039772e7
0.6800000000000002	5.000257173380682e7	4.869689881477273e7	4.714572774602273e7
0.6900000000000002	5.001434982755681e7	4.867481403352273e7	4.711186373039773e7
0.7	5.0008460780681826e7	4.8686593267897725e7	4.712805946477273e7
0.71	5.0006988233806826e7	4.8651257846022725e7	4.708683271477272e7
0.7199999999999998	4.999815637443182e7	4.8655673205397725e7	4.708977894914772e7
0.73	4.999079364005681e7	4.8643895111647725e7	4.706769416789772e7
0.74	5.000110032755681e7	4.8646841346022725e7	4.707652602727272e7
0.75	5.000257173380682e7	4.8620338924147725e7	4.704266429289772e7
0.7600000000000002	4.9996681546306826e7	4.862475428352272e7	4.704855448039773e7
0.77	5.000257173380681e7	4.8604143189772725e7	4.7026469699147716e7
0.78	4.9998155233806826e7	4.861297618977273e7	4.7029414792897716e7
0.79	4.998490573380682e7	4.8587947455397725e7	4.698818804289772e7
0.7999999999999998	4.999226504630682e7	4.858647604914772e7	4.701027396477272e7
0.81	4.999226618693181e7	4.854672412727272e7	4.697935618352272e7
0.8200000000000001	4.998195835880682e7	4.855261317414773e7	4.699260568352272e7
0.8300000000000001	4.998195949943182e7	4.853347234602273e7	4.694990752727272e7
0.8400000000000003	4.998931995255681e7	4.8546721846022725e7	4.696610554289772e7
0.8500000000000001	5.000846192130682e7	4.850696992414773e7	4.693371293352272e7
0.8599999999999999	5.000109918693182e7	4.8521694252272725e7	4.693371407414773e7
0.8699999999999999	4.9987849686931826e7	4.8478997236647725e7	4.690132374602272e7
0.8799999999999999	4.9979014405681826e7	4.8484886283522725e7	4.691751833977272e7
0.8899999999999997	5.000110146818182e7	4.8464272908522725e7	4.687040254289773e7
0.8999999999999999	5.000257173380682e7	4.8459856408522725e7	4.688659941789772e7
0.9099999999999999	5.000698937443182e7	4.8439244174147725e7	4.6855681636647716e7
0.9199999999999999	5.002024001505681e7	4.8440717861647725e7	4.686451463664772e7
0.9300000000000002	5.002024001505682e7	4.842304958039773e7	4.682329016789772e7
0.94	5.002760046818182e7	4.8452497096022725e7	4.683948590227272e7
0.95	5.002024001505681e7	4.840979665852273e7	4.680267793352273e7
0.96	5.003938084318181e7	4.8430412314772725e7	4.681887366789773e7
0.9699999999999998	5.0039380843181826e7	4.840390875227272e7	4.679826143352272e7
0.98	5.006588212443182e7	4.842304958039773e7	4.681151321477272e7
0.99	5.005852053068181e7	4.8411270346022725e7	4.6779119464772716e7
1.	5.007029976505682e7	4.8406854986647725e7	4.679973398039772e7
1.0100000000000002	5.009238340568182e7	4.8386241611647725e7	4.676292601164772e7
1.02	5.009238340568182e7	4.842452212727273e7	4.678795588664773e7
1.03	5.008354812443181e7	4.8374463517897725e7	4.673347849602272e7
1.04	5.010268781193182e7	4.8398020846022725e7	4.6764397417897716e7
1.0499999999999998	5.012035837443182e7	4.8364156830397725e7	4.671728504289772e7
1.06	5.010268781193181e7	4.8389185564772725e7	4.673495104289772e7
1.07	5.009827359318182e7	4.835532383039773e7	4.670844976164773e7
1.08	5.0104162640056826e7	4.838035370539774e7	4.6718756449147716e7
1.0900000000000003	5.0104160358806826e7	4.8342072049147725e7	4.6679003386647716e7
1.1	5.009532735880682e7	4.835532268977272e7	4.668931007414772e7
1.1099999999999999	5.010857914005682e7	4.832882140852273e7	4.664955701164773e7
1.1199999999999999	5.0107105452556826e7	4.8312626814772725e7	4.665102841789773e7
1.13	5.009679990568182e7	4.8281705611647725e7	4.662452827727273e7
1.1399999999999997	5.008355040568182e7	4.8300848721022725e7	4.664072173039772e7
1.15	5.008943831193181e7	4.8256678017897725e7	4.6587720308522716e7
1.16	5.0099744999431826e7	4.8256678017897725e7	4.6598026996022716e7
1.17	5.0080604171306826e7	4.8211037049147725e7	4.655827507414773e7
1.1800000000000002	5.0076188811931804e7	4.821250845539773e7	4.655827507414772e7
1.19	5.007029862443182e7	4.817864672102274e7	4.652735501164772e7
1.2	5.007765907755681e7	4.8180119267897725e7	4.651263068352272e7
1.21	5.007913162443182e7	4.8152144299147725e7	4.646551830852272e7
1.2199999999999998	5.008060417130682e7	4.8140366205397725e7	4.647876780852272e7
1.23	5.0073241436931826e7	4.809325154914773e7	4.643165657414773e7
1.24	5.007766021818181e7	4.8112391236647725e7	4.644196212102272e7
1.25	5.007765907755682e7	4.805791498664773e7	4.638012427727274e7
1.2600000000000002	5.006735353068182e7	4.8062334908522725e7	4.639190237102272e7
1.27	5.008502295255682e7	4.802552579914773e7	4.633595471477273e7
1.28	5.0073243718181804e7	4.8031414846022725e7	4.634184490227272e7
1.29	5.006735353068182e7	4.798724642414772e7	4.629620279289772e7
1.2999999999999998	5.0061464483806826e7	4.798430133039772e7	4.629767419914772e7
1.31	5.008354812443181e7	4.795338354914773e7	4.623436723039772e7
1.3200000000000003	5.007913276505682e7	4.795780118977273e7	4.623583863664773e7
1.33	5.007324371818181e7	4.791510189289773e7	4.619608443352273e7
1.3400000000000003	5.008060417130682e7	4.7916573299147725e7	4.619608671477272e7
1.35	5.007471626505682e7	4.786798837727272e7	4.614750065227272e7
1.36	5.006735467130682e7	4.786504328352273e7	4.615044232414773e7
1.3699999999999999	5.008207785880681e7	4.7831180408522725e7	4.6075357261647716e7
1.38	5.0076188811931804e7	4.783265181477273e7	4.608419026164772e7
1.3899999999999997	5.007618653068182e7	4.7769344846022725e7	4.603118769914773e7
1.4	5.007765907755682e7	4.7766398611647725e7	4.603265796477272e7
1.4100000000000001	5.007029862443182e7	4.7723702736647725e7	4.5970820121022716e7
1.42	5.007029862443182e7	4.772517528352272e7	4.5963460808522716e7
1.4300000000000002	5.007029748380682e7	4.767069903352273e7	4.588837232414772e7
1.44	5.006588212443182e7	4.7669226486647725e7	4.5888373464772716e7
1.45	5.005999307755682e7	4.7614751377272725e7	4.581328612102272e7
1.46	5.007177117130682e7	4.7588247814772725e7	4.582064657414772e7
1.4699999999999998	5.006735353068181e7	4.7539662892897725e7	4.575880873039772e7
1.48	5.005557543693182e7	4.7529356205397725e7	4.574114158977273e7
1.4899999999999998	5.0061464483806826e7	4.7485186642897725e7	4.566752565227272e7
1.5	5.006440843693181e7	4.746899204914774e7	4.564691455852272e7
1.5100000000000002	5.0054101749431826e7	4.7418931158522725e7	4.557624371477273e7
1.52	5.004674243693182e7	4.740126515852272e7	4.5552685246022716e7
1.53	5.0055575436931826e7	4.7320289908522725e7	4.547023744914773e7
1.54	5.004379734318182e7	4.7320286486647725e7	4.543637229289772e7
1.5499999999999998	5.004526760880682e7	4.726286742414772e7	4.533625735539772e7
1.56	5.004379620255682e7	4.724078378352273e7	4.530386702727273e7
1.5700000000000003	5.0051158936931826e7	4.7181891033522725e7	4.521405421477273e7
1.58	5.003937970255681e7	4.714066542414772e7	4.5180191339772716e7
1.5900000000000003	5.005263034318182e7	4.7084718908522725e7	4.506240698039772e7
1.6	5.003054556193182e7	4.704791093977273e7	4.501529232414774e7
1.61	5.003937970255681e7	4.6980184049147725e7	4.4897507964772716e7
1.6199999999999999	5.003496320255682e7	4.695515531477273e7	4.484008662102273e7
1.63	5.002760160880682e7	4.686534250227273e7	4.470463626164774e7
1.6399999999999997	5.0026129061931826e7	4.686092942414772e7	4.465457651164773e7
1.65	5.004232593693182e7	4.6784368392897725e7	4.453384705852272e7
1.6600000000000001	5.0018768608806826e7	4.673577890852273e7	4.445286838664773e7
1.67	5.002907415568182e7	4.6669529127272725e7	4.430711019914773e7
1.6800000000000002	5.002318624943182e7	4.6632721158522725e7	4.4245273496022716e7
1.69	5.002318510880682e7	4.6539963252272725e7	4.411570990227273e7
1.7	5.003643460880682e7	4.651198942414772e7	4.403326210539772e7
1.7100000000000002	5.003937970255681e7	4.643543067414773e7	4.389633577727273e7
1.72	5.001876518693182e7	4.638537206477273e7	4.3809470339772716e7
1.7300000000000006	5.003937970255681e7	4.6291142752272725e7	4.367107260539773e7
1.7399999999999995	5.0014352108806826e7	4.626169637727272e7	4.358273348039773e7
1.7500000000000002	5.002024001505681e7	4.6170413299147725e7	4.342961369914772e7
1.76	5.002907415568181e7	4.612477004914772e7	4.335894171477272e7
1.7699999999999998	5.003349065568182e7	4.6017292377272725e7	4.318668110539772e7
1.78	5.001729606193182e7	4.598195581477273e7	4.310717726164772e7
1.7899999999999998	5.001434982755681e7	4.587300559602273e7	4.295847398039772e7
1.8	5.0009934468181826e7	4.584650545539773e7	4.2842162167897716e7
1.8099999999999998	5.002171256193182e7	4.573019250227273e7	4.266990041789773e7
1.8200000000000005	5.002612792130682e7	4.5694857080397725e7	4.2591869121022716e7
1.8299999999999994	5.001876632755682e7	4.557265508039773e7	4.242549755852273e7
1.84	5.0024656515056826e7	4.5534376846022725e7	4.231949129289773e7
1.8499999999999999	5.0011405874431826e7	4.541953415852272e7	4.213839654289772e7
1.86	5.001434982755682e7	4.5384199877272725e7	4.203827818352273e7
1.8699999999999999	5.001876860880682e7	4.5250219783522725e7	4.186749126164773e7
1.8800000000000001	5.0011405874431826e7	4.5194270986647725e7	4.174087276164772e7
1.89	5.003496320255682e7	4.5105934142897725e7	4.157155610539772e7
1.8999999999999997	5.001729492130681e7	4.5060290892897725e7	4.1455245433522716e7
1.9100000000000004	5.002613020255681e7	4.4927782205397725e7	4.124470430852273e7
1.9200000000000002	5.002612906193181e7	4.4865946642897725e7	4.112986504289772e7
1.93	5.002612906193181e7	4.4729021455397725e7	4.093699219914772e7
1.9400000000000002	5.002612792130682e7	4.468190793977273e7	4.080742746477272e7
1.95	5.002171256193182e7	4.456559498664773e7	4.061013698039772e7
1.9600000000000002	5.002171256193182e7	4.4502284596022725e7	4.0483520761647716e7
1.97	5.003054556193182e7	4.4383027689772725e7	4.0262671808522716e7
1.9800000000000006	5.0023183968181826e7	4.4287328111647725e7	4.013458190227273e7
1.9899999999999995	5.0036435749431826e7	4.416954261164772e7	3.994612555852272e7
2.0000000000000004	5.003201696818182e7	4.409887176789772e7	3.977091985539773e7
2.0100000000000002	5.001582351505681e7	4.397814345539773e7	3.956626891789772e7
2.02	5.002760160880682e7	4.3880970189772725e7	3.942198327727272e7
2.0300000000000002	5.0027601608806826e7	4.374699009602272e7	3.920996960539772e7
2.04	5.0024656515056826e7	4.3648345424147725e7	3.903182108977272e7
2.0500000000000003	5.004821384318182e7	4.3533503877272725e7	3.878152576164772e7
2.06	5.003054556193182e7	4.343927798664772e7	3.863282476164772e7
2.0700000000000007	5.005557657755682e7	4.3297934017897725e7	3.840903299602272e7
2.0799999999999996	5.004674243693182e7	4.315953628352272e7	3.8230883339772716e7
2.0900000000000003	5.005263034318182e7	4.3062364158522725e7	3.795261646477272e7
2.1	5.004526874943182e7	4.2934273111647725e7	3.779655273039772e7
2.1100000000000003	5.005557429630682e7	4.281501734602272e7	3.756981701164772e7
2.12	5.005410289005681e7	4.269428675227273e7	3.737105283977272e7
2.1300000000000003	5.006441071818181e7	4.255294392414773e7	3.710603774602272e7
2.14	5.0059993077556826e7	4.2451355299147725e7	3.690580216789772e7
2.15	5.006735353068182e7	4.228645742414772e7	3.665992790227273e7
2.1600000000000006	5.006882607755682e7	4.214658828352273e7	3.643319104289772e7
2.1700000000000004	5.0076188811931804e7	4.199788500227273e7	3.613283938664772e7
2.18	5.008207671818182e7	4.188009950227272e7	3.594585673039772e7
2.1900000000000004	5.008502067130682e7	4.170194984602272e7	3.5655811761647716e7
2.2	5.0077660218181826e7	4.1557663064772725e7	3.543938158977272e7
2.2100000000000004	5.010268895255682e7	4.1380985955397725e7	3.5105167058522716e7
2.22	5.009385595255682e7	4.127645337727272e7	3.4900516121022716e7
2.230000000000001	5.010121640568181e7	4.108357825227274e7	3.459133146477273e7
2.2399999999999998	5.010563404630682e7	4.0946655346022725e7	3.436901110539772e7
2.2500000000000004	5.012035723380682e7	4.071844708039773e7	3.399946115227272e7
2.2600000000000002	5.012182864005682e7	4.0606550627272725e7	3.380069812102272e7
2.27	5.014833106193181e7	4.039748204914772e7	3.3454705496022727e7
2.2800000000000002	5.014980360880682e7	4.0264974502272725e7	3.3219137917897727e7
2.29	5.016158170255682e7	4.0038239924147725e7	3.2865781417897727e7
2.3000000000000003	5.016305424943182e7	3.9880701361647725e7	3.2594876136647727e7
2.31	5.016894329630681e7	3.9653966783522725e7	3.2244468152272724e7
2.3200000000000007	5.017924884318182e7	3.9506733767897725e7	3.1975034277272727e7
2.3299999999999996	5.018955553068182e7	3.929619378352273e7	3.158339954289773e7
2.3400000000000003	5.020722267130683e7	3.911362762727272e7	3.1300716167897727e7
2.35	5.0219003046306826e7	3.8863334580397725e7	3.0965027949147724e7
2.3600000000000003	5.0230781140056826e7	3.8698435564772725e7	3.0664677433522724e7
2.37	5.024550432755682e7	3.8451087611647725e7	3.0256846964772727e7
2.3800000000000003	5.023814273380682e7	3.8272936814772725e7	2.9957967855397727e7
2.39	5.025728128068182e7	3.801675700227272e7	2.952216241789772e7
2.4	5.0277894655681826e7	3.7809159830397725e7	2.927334419914773e7
2.4100000000000006	5.028378370255681e7	3.7569171189772725e7	2.8859624683522727e7
2.4200000000000004	5.029997829630682e7	3.7315935330397725e7	2.8518046277272727e7
2.43	5.033089607755682e7	3.7087727064772725e7	2.8086660761647724e7
2.4400000000000004	5.033678740568181e7	3.685510229914773e7	2.7796615792897724e7
2.45	5.036328754630682e7	3.6590084924147725e7	2.7343143214772727e7
2.4600000000000004	5.0378010733806826e7	3.6372183346022725e7	2.7007456136647727e7
2.47	5.041481756193182e7	3.6110114486647725e7	2.657018043352273e7
2.480000000000001	5.043101557755682e7	3.580092754914773e7	2.6234493355397727e7
2.4899999999999998	5.0470765218181826e7	3.5575664377272725e7	2.5857580667897727e7
2.5000000000000004	5.0485490686931826e7	3.5325370189772725e7	2.5433555605397727e7
2.5100000000000002	5.0532605343181826e7	3.5026492221022725e7	2.5041922011647724e7
2.52	5.056941103068182e7	3.474675393977273e7	2.4617895808522724e7
2.5300000000000002	5.060327504630681e7	3.449056956477272e7	2.4239510574147727e7
2.54	5.062977632755682e7	3.420199714289773e7	2.382726474602273e7
2.5500000000000003	5.067541729630681e7	3.3889867392897725e7	2.3416490324147727e7
2.56	5.0716642905681826e7	3.3655771221022725e7	2.3023383042897727e7
2.5700000000000007	5.0766701515056826e7	3.3311251142897725e7	2.255813351164773e7
2.5799999999999996	5.078437093693181e7	3.300648184602272e7	2.221802879289773e7
2.5900000000000003	5.084473395255682e7	3.273704911164772e7	2.174394512102273e7
2.6	5.089037606193181e7	3.2423446814772725e7	2.1409730589772727e7
2.6100000000000003	5.093454448380682e7	3.2128983064772725e7	2.0988648339772727e7
2.62	5.097282499943181e7	3.178446298664772e7	2.056168046477273e7
2.6300000000000003	5.1034661702556826e7	3.146938928352272e7	2.0137653121022727e7
2.64	5.106705203068182e7	3.1174926674147725e7	1.9735712839772727e7
2.65	5.112594478068181e7	3.0884879424147725e7	1.931021637102273e7
2.6600000000000006	5.1146558155681826e7	3.053152748664772e7	1.8936248777272727e7
2.6700000000000004	5.1211338811931826e7	3.022381195539773e7	1.8466580464772727e7
2.68	5.125403582755681e7	2.9935240674147725e7	1.8111753699147727e7
2.6900000000000004	5.131734507755682e7	2.956127422102272e7	1.765239321477273e7
2.7	5.136593228068182e7	2.9215279314772718e7	1.7315233589772727e7
2.7100000000000004	5.141598974943182e7	2.893406962727273e7	1.6839677371022727e7
2.72	5.144249331193182e7	2.8563047127272725e7	1.649221219914773e7
2.730000000000001	5.150285746818182e7	2.8252388783522725e7	1.6065242042897725e7
2.7399999999999998	5.153377524943181e7	2.7962343814772718e7	1.571483177727273e7
2.7500000000000004	5.160150328068181e7	2.761045986164773e7	1.5218662183522725e7
2.7600000000000002	5.164419915568182e7	2.730716425227273e7	1.493156230852273e7
2.7700000000000005	5.171781395255681e7	2.6943505627272733e7	1.4450115902272724e7
2.7800000000000002	5.173548223380681e7	2.6624014283522725e7	1.416154348039773e7
2.79	5.1794374983806826e7	2.628979975227273e7	1.3718377589772725e7
2.8000000000000003	5.183265435880682e7	2.595852803352273e7	1.3359133183522727e7
2.81	5.189890870255682e7	2.561106286164773e7	1.2933635574147727e7
2.8200000000000007	5.193866176505682e7	2.531071234602273e7	1.263033996477273e7
2.8299999999999996	5.200344356193182e7	2.4969135080397733e7	1.2240177777272727e7
2.8400000000000003	5.204466689005681e7	2.468056151789773e7	1.1857376042897727e7
2.85	5.208441995255682e7	2.427126078352273e7	1.1473104042897727e7
2.8600000000000003	5.2124173015056826e7	2.399593900227273e7	1.113594441789773e7
2.87	5.2190426218181826e7	2.372650512727273e7	1.0772283511647727e7
2.8800000000000003	5.222281768693182e7	2.3420264424147733e7	1.0448375667897727e7
2.89	5.228465324943182e7	2.3030101096022725e7	1.0075880621022725e7
2.9	5.231999095255681e7	2.273269567414773e7	9.777000371022727e6
2.9100000000000006	5.237151982755682e7	2.2424981283522725e7	9.375060089772727e6
2.9200000000000004	5.2392132061931826e7	2.215849250227273e7	9.090904167897727e6
2.93	5.245838640568181e7	2.1836057205397725e7	8.75227313664773e6
2.940000000000001	5.249666578068182e7	2.1559262877272725e7	8.469588621022727e6
2.95	5.254230903068182e7	2.1213269111647725e7	8.102982621022729e6
2.9600000000000004	5.255997617130681e7	2.0977700392897733e7	7.827661980397727e6
2.97	5.2608561093181826e7	2.067587733039773e7	7.450749292897728e6
2.980000000000001	5.2649787843181826e7	2.0391720267897733e7	7.213708027272726e6
2.9899999999999998	5.269395626505682e7	2.008253561164773e7	6.911884964772727e6
3.0000000000000004	5.2726347733806826e7	1.9844021799147733e7	6.638033449147727e6
3.0100000000000002	5.275873806193182e7	1.951275122102273e7	6.283207824147728e6
3.0200000000000005	5.278671189005682e7	1.930073754914773e7	6.063833699147727e6
3.03	5.283824190568181e7	1.8982721033522733e7	5.792928417897727e6
3.04	5.284855087443182e7	1.876040181477273e7	5.535273777272727e6
3.0500000000000003	5.2891245608806826e7	1.847182711164773e7	5.237866074147727e6
3.06	5.291185898380682e7	1.821269992414773e7	5.025853542897727e6
3.0700000000000007	5.294572185880681e7	1.7943267189772725e7	4.749059214772726e6
3.0799999999999996	5.295897135880681e7	1.7687086236647725e7	4.560604011647727e6
3.0900000000000003	5.298989028068182e7	1.7438265736647733e7	4.264669996022727e6
3.1	5.300313978068182e7	1.716883186164773e7	4.1086028397727264e6
3.1100000000000003	5.3044365390056826e7	1.692590040852273e7	3.848005386647727e6
3.1200000000000006	5.303847634318182e7	1.6660884174147729e7	3.6728008241477273e6
3.1300000000000003	5.306350735880682e7	1.6400285580397725e7	3.4298693710227273e6
3.14	5.307234149943181e7	1.616618826789773e7	3.278219855397727e6
3.15	5.3095897686931804e7	1.5918840314772729e7	3.061790824147728e6
3.1600000000000006	5.309442514005682e7	1.5650877846022729e7	2.8924753085227273e6
3.1700000000000004	5.312092528068181e7	1.5387335299147729e7	2.667212136647727e6
3.18	5.311798246818182e7	1.5089928736647727e7	2.5656235116477273e6
3.190000000000001	5.312681660880682e7	1.4788105674147727e7	2.3727483866477273e6
3.2	5.311356596818182e7	1.4526034533522725e7	2.2579079803977273e6
3.2100000000000004	5.3143012343181826e7	1.4193291408522727e7	2.0606197772727276e6
3.22	5.314301120255681e7	1.3854660377272727e7	1.9693355585227276e6
3.230000000000001	5.315478929630682e7	1.3571977002272729e7	1.8000211835227276e6
3.2399999999999998	5.313859356193183e7	1.3293707846022729e7	1.7116809178977276e6
3.2500000000000004	5.3145955155681826e7	1.2952134002272729e7	1.5438390897727273e6
3.2600000000000002	5.313859470255683e7	1.2704786049147729e7	1.489362839772727e6
3.2700000000000005	5.314301120255682e7	1.2386766111647727e7	1.318574777272727e6
3.28	5.313564846818181e7	1.2095248596022727e7	1.256736933522727e6
3.29	5.314448374943182e7	1.1806676174147729e7	1.078587277272727e6
3.3000000000000003	5.312828801505682e7	1.1547550127272729e7	1.0226419022727276e6
3.31	5.312387151505681e7	1.1253086377272727e7	869520.9803977273
3.3200000000000007	5.310178559318182e7	1.0974819502272727e7	812099.6366477273
3.3299999999999996	5.3109149468181826e7	1.0703913080397727e7	672231.6366477272
3.3400000000000003	5.3084119593181826e7	1.0488956596022729e7	626588.3866477273
3.35	5.309295259318182e7	1.0172409205397725e7	489664.3397727273
3.3600000000000003	5.305467321818182e7	9.954508767897729e6	449911.2772727273
3.3700000000000006	5.304731048380683e7	9.685076033522727e6	312986.0897727272
3.3800000000000003	5.301639270255682e7	9.459814002272725e6	298265.1835227273
3.39	5.301933665568181e7	9.203630767897727e6	165755.3553977273
3.4	5.299725301505681e7	8.996034736647725e6	146615.6678977273
3.4100000000000006	5.298989028068182e7	8.719239267897727e6	100000.
3.4200000000000004	5.295897135880682e7	8.499865142897727e6	100000.
3.43	5.294719440568182e7	8.286380064772727e6	100000.
3.440000000000001	5.2919220577556826e7	8.050810205397728e6	100000.
3.45	5.290744020255682e7	7.829963533522727e6	100000.
3.4600000000000004	5.2875049874431826e7	7.656230377272728e6	100000.
3.47	5.286916082755682e7	7.417717705397728e6	100000.
3.480000000000001	5.2827936358806826e7	7.245455955397726e6	100000.
3.4899999999999998	5.282646609318181e7	7.017247689772727e6	100000.
3.5000000000000004	5.277935029630682e7	6.849403580397726e6	100000.
3.5100000000000002	5.276609851505682e7	6.650642830397727e6	100000.
3.5200000000000005	5.276021060880682e7	6.457769986647727e6	100000.
3.53	5.274254232755682e7	6.278148924147727e6	100000.
3.54	5.270573435880682e7	6.145640236647727e6	100000.
3.5500000000000003	5.268953862443182e7	5.951293705397727e6	100000.
3.56	5.264389765568182e7	5.811424564772728e6	100000.
3.5700000000000007	5.263359096818182e7	5.636220002272729e6	100000.
3.5799999999999996	5.259089395255682e7	5.511075189772727e6	100000.
3.5900000000000003	5.259825554630682e7	5.353536627272726e6	100000.
3.6	5.2559976171306826e7	5.231334627272726e6	100000.
3.6100000000000003	5.254672439005682e7	5.072324658522727e6	100000.
3.6200000000000006	5.2508445015056826e7	4.944233611647728e6	100000.
3.6300000000000003	5.249372296818182e7	4.811726064772728e6	100000.
3.64	5.2465747999431826e7	4.698358205397728e6	100000.
3.65	5.245985895255682e7	4.557015377272727e6	100000.
3.6600000000000006	5.243483135880682e7	4.448064017897727e6	100000.
3.6700000000000004	5.241127403068182e7	4.337641252272727e6	100000.
3.68	5.238918696818182e7	4.219859174147728e6	100000.
3.690000000000001	5.237152096818182e7	4.105015346022727e6	100000.
3.7	5.234501968693181e7	4.0004839085227274e6	100000.
3.709999999999999	5.233029764005682e7	3.8915314085227274e6	100000.
3.7200000000000006	5.2300850124431826e7	3.8282221585227274e6	100000.
3.7300000000000004	5.229790503068182e7	3.6898255647727265e6	100000.
3.74	5.225962565568182e7	3.626515174147728e6	100000.
3.75	5.2250790374431826e7	3.492535080397728e6	100000.
3.7600000000000016	5.222870673380682e7	3.4380599710227274e6	100000.
3.7700000000000005	5.2202203171306826e7	3.3305800178977274e6	100000.
3.7799999999999994	5.218600971818182e7	3.256965221022727e6	100000.
3.79	5.217864812443182e7	3.1597930960227274e6	100000.
3.8000000000000007	5.214183901505682e7	3.081760658522727e6	100000.
3.8100000000000005	5.2135949968181826e7	2.9728104397727274e6	100000.
3.8200000000000003	5.211386518693182e7	2.9139176897727274e6	100000.
3.83	5.210208709318182e7	2.818215830397727e6	100000.
3.84	5.2066750530681826e7	2.754907721022727e6	100000.
3.8499999999999996	5.205055707755682e7	2.650374002272727e6	100000.
3.8600000000000003	5.201227656193182e7	2.6165111272727274e6	100000.
3.870000000000001	5.1996080827556826e7	2.5105014397727274e6	100000.
3.88	5.197694114005682e7	2.4795847991477274e6	100000.
3.8900000000000006	5.196663559318182e7	2.391246814772727e6	100000.
3.9000000000000004	5.194013203068182e7	2.350022346022727e6	100000.
3.91	5.192099348380681e7	2.251376533522728e6	100000.
3.92	5.1885656921306826e7	2.199846517897727e6	100000.
3.9300000000000006	5.187682278068182e7	2.1468416741477274e6	100000.
3.9400000000000013	5.1840015952556826e7	2.1041457991477274e6	100000.
3.95	5.184295990568182e7	2.0246408147727277e6	100000.
3.959999999999999	5.179879034318181e7	1.998138392897727e6	100000.
3.9700000000000006	5.177965179630682e7	1.9098004085227277e6	100000.
3.9800000000000004	5.1757565874431826e7	1.862686892897728e6	100000.
3.99	5.1734008546306826e7	1.7890709553977272e6	100000.
4.	5.1698673124431826e7	1.7802390960227272e6	100000.
4.010000000000002	5.168836871818182e7	1.7125110647727274e6	100000.
4.0200000000000005	5.162947596818182e7	1.6786481897727272e6	100000.
4.029999999999999	5.163241992130681e7	1.6065059397727274e6	100000.
4.04	5.158530640568182e7	1.574116752272727e6	100000.
4.050000000000001	5.156763812443182e7	1.5196393616477272e6	100000.
4.0600000000000005	5.1547027030681826e7	1.5004996741477277e6	100000.
4.07	5.150874651505682e7	1.4313013772727272e6	100000.
4.08	5.147782759318182e7	1.4033252678977274e6	100000.
4.09	5.144396471818182e7	1.3503238460227272e6	100000.
4.1	5.141304579630682e7	1.3149861428977272e6	100000.
4.11	5.137918292130682e7	1.2634572678977274e6	100000.
4.120000000000001	5.134679259318183e7	1.2457878460227272e6	100000.
4.13	5.132470667130682e7	1.1839511428977274e6	100000.
4.140000000000001	5.1284954749431826e7	1.1648125960227274e6	100000.
4.15	5.124814792130682e7	1.1000307991477277e6	100000.
4.16	5.119219912443182e7	1.0970845647727274e6	100000.
4.17	5.116569670255682e7	1.0558612366477274e6	100000.
4.180000000000001	5.110975132755681e7	1.0249434553977274e6	100000.
4.190000000000001	5.1075888452556826e7	979301.3460227272	100000.
4.2	5.102730010880681e7	955742.8772727274	100000.
4.209999999999999	5.0961046905681826e7	902741.4553977273	100000.
4.220000000000001	5.094190493693182e7	896851.2678977274	100000.
4.23	5.087565401505682e7	840903.6116477274	100000.
4.24	5.0824119436931826e7	823235.3303977272	100000.
4.25	5.078437207755681e7	786428.5022727272	100000.
4.260000000000002	5.071958799943182e7	776122.9553977272	100000.
4.2700000000000005	5.066658315568182e7	730479.7053977273	100000.
4.279999999999999	5.059738599943181e7	727534.6116477273	100000.
4.29	5.054290974943182e7	670115.5491477273	100000.
4.300000000000001	5.047665540568182e7	653919.8147727276	100000.
4.3100000000000005	5.042659793693181e7	605332.6116477273	100000.
4.32	5.035003804630682e7	631835.0335227274	100000.
4.33	5.029850689005681e7	586192.9241477274	100000.
4.34	5.022489209318181e7	558220.2366477273	100000.
4.35	5.015569265568182e7	546441.0022727274	100000.
4.36	5.007913162443182e7	505215.3928977273	100000.
4.370000000000001	5.000993446818182e7	483132.89289772743	100000.
4.38	4.995251426505682e7	477242.7053977273	100000.
4.390000000000001	4.987448068693181e7	444851.2366477274	100000.
4.4	4.980233843693182e7	425712.68977272743	100000.
4.41	4.973166645255682e7	422766.4553977274	100000.
4.42	4.9652161468181826e7	388903.5803977274	100000.
4.430000000000001	4.959474126505682e7	388903.5803977274	100000.
4.440000000000001	4.9512293468181826e7	353568.1585227273	100000.
4.45	4.941953670255682e7	353568.1585227273	100000.
4.459999999999999	4.9342975671306826e7	331483.3772727273	100000.
4.470000000000001	4.924138818693181e7	332955.9241477274	100000.
4.48	4.9173660155681826e7	302038.1428977274	100000.
4.49	4.910887835880681e7	277007.1272727273	100000.
4.5	4.901759642130681e7	254923.4866477274	100000.
4.510000000000002	4.892042429630682e7	257869.72102272732	100000.
4.5200000000000005	4.8861532686931826e7	246090.48664772738	100000.
4.529999999999999	4.876583196818182e7	231367.29914772738	100000.
4.54	4.867601915568181e7	221060.61164772735	100000.
4.550000000000001	4.8572957983806826e7	207809.97102272735	100000.
4.5600000000000005	4.848461885880682e7	181308.68977272735	100000.
4.57	4.836978073380681e7	179836.14289772738	100000.
4.58	4.827996792130682e7	165112.95539772735	100000.
4.59	4.816954515568181e7	156278.81477272735	100000.
4.6	4.805617843693182e7	138611.67414772738	100000.
4.61	4.790452892130681e7	131248.93977272738	100000.
4.620000000000001	4.7770548827556826e7	123888.48664772736	100000.
4.63	4.7630679686931826e7	117998.29914772738	100000.
4.640000000000001	4.744369703068181e7	100000.	100000.
4.65	4.729793656193181e7	100000.	100000.
4.66	4.713745404630682e7	100000.	100000.
4.67	4.696961107755682e7	100000.	100000.
4.680000000000001	4.679440765568182e7	100000.	100000.
4.690000000000001	4.664128673380682e7	100000.	100000.
4.7	4.646755471818181e7	100000.	100000.
4.709999999999999	4.629087646818182e7	100000.	100000.
4.720000000000001	4.615395128068182e7	100000.	100000.
4.73	4.593310460880682e7	100000.	100000.
4.74	4.579176406193181e7	100000.	100000.
4.75	4.561950231193182e7	100000.	100000.
4.760000000000002	4.545754724943182e7	100000.	100000.
4.7700000000000005	4.527056459318182e7	100000.	100000.
4.779999999999999	4.509977653068182e7	100000.	100000.
4.79	4.4928988468181826e7	100000.	100000.
4.800000000000001	4.4777341233806826e7	100000.	100000.
4.8100000000000005	4.460213553068181e7	100000.	100000.
4.82	4.443429256193181e7	100000.	100000.
4.83	4.426497818693182e7	100000.	100000.
4.84	4.409713407755682e7	100000.	100000.
4.85	4.3932233921306826e7	100000.	100000.
4.86	4.374230503068181e7	100000.	100000.
4.870000000000001	4.359360174943182e7	100000.	100000.
4.88	4.341692464005682e7	100000.	100000.
4.890000000000001	4.326233231193182e7	100000.	100000.
4.9	4.307682106193182e7	100000.	100000.
4.91	4.291633968693182e7	100000.	100000.
4.92	4.275585717130681e7	100000.	100000.
4.930000000000001	4.258065146818182e7	100000.	100000.
4.940000000000001	4.241133709318182e7	100000.	100000.
4.95	4.2267050311931826e7	100000.	100000.
4.959999999999999	4.209331829630682e7	100000.	100000.
4.970000000000001	4.1915167499431826e7	100000.	100000.
4.98	4.175763007755682e7	100000.	100000.
4.99	4.160745539005681e7	100000.	100000.
5.	4.143372337443182e7	100000.	100000.
5.010000000000002	4.127471226505682e7	100000.	100000.
5.0200000000000005	4.111717598380682e7	100000.	100000.
5.029999999999999	4.092871964005682e7	100000.	100000.
5.04	4.078737681193182e7	100000.	100000.
5.050000000000001	4.065634295255681e7	100000.	100000.
5.0600000000000005	4.047966356193182e7	100000.	100000.
5.07	4.031918218693182e7	100000.	100000.
5.08	4.0163118452556826e7	100000.	100000.
5.09	3.999674574943182e7	100000.	100000.
5.1	3.983773692130682e7	100000.	100000.
5.11	3.970375682755682e7	100000.	100000.
5.120000000000001	3.9550637046306826e7	100000.	100000.
5.13	3.937984784318182e7	100000.	100000.
5.140000000000001	3.924881398380681e7	100000.	100000.
5.15	3.908391382755682e7	100000.	100000.
5.16	3.892932149943181e7	100000.	100000.
5.17	3.877914567130682e7	100000.	100000.
5.180000000000001	3.863485889005682e7	100000.	100000.
5.190000000000001	3.8474377515056826e7	100000.	100000.
5.2	3.8335979780681826e7	100000.	100000.
5.209999999999999	3.8194636952556826e7	100000.	100000.
5.220000000000001	3.806212940568182e7	100000.	100000.
5.23	3.787956439005681e7	100000.	100000.
5.24	3.7760306343181826e7	100000.	100000.
5.25	3.7610131655681826e7	100000.	100000.
5.260000000000002	3.7493817561931826e7	100000.	100000.
5.2700000000000005	3.733333504630682e7	100000.	100000.
5.279999999999999	3.719640985880681e7	100000.	100000.
5.29	3.705654071818181e7	100000.	100000.
5.300000000000001	3.6928450811931826e7	100000.	100000.
5.3100000000000005	3.6776803577556826e7	100000.	100000.
5.32	3.6645767436931826e7	100000.	100000.
5.33	3.652503798380682e7	100000.	100000.
5.34	3.638664024943182e7	100000.	100000.
5.35	3.626443939005681e7	100000.	100000.
5.36	3.612604165568182e7	100000.	100000.
5.370000000000001	3.597586468693181e7	100000.	100000.
5.38	3.585955173380681e7	100000.	100000.
5.390000000000001	3.572851673380682e7	100000.	100000.
5.4	3.560631473380682e7	100000.	100000.
5.41	3.546938954630682e7	100000.	100000.
5.42	3.534866123380682e7	100000.	100000.
5.430000000000001	3.521615368693182e7	100000.	100000.
5.440000000000001	3.510425609318182e7	100000.	100000.
5.45	3.498058268693182e7	100000.	100000.
5.459999999999999	3.483629704630682e7	100000.	100000.
5.470000000000001	3.472440059318182e7	100000.	100000.
5.48	3.4609560186931826e7	100000.	100000.
5.49	3.450208251505682e7	100000.	100000.
5.5	3.437546401505682e7	100000.	100000.
5.510000000000002	3.425767965568182e7	100000.	100000.
5.5200000000000005	3.416050753068181e7	100000.	100000.
5.529999999999999	3.403388789005682e7	100000.	100000.
5.54	3.392199143693182e7	100000.	100000.
5.550000000000001	3.379978943693182e7	100000.	100000.
5.5600000000000005	3.368936667130682e7	100000.	100000.
5.57	3.357158231193182e7	100000.	100000.
5.58	3.3484715733806822e7	100000.	100000.
5.59	3.337723806193182e7	100000.	100000.
5.6	3.326092282755681e7	100000.	100000.
5.61	3.3128415280681822e7	100000.	100000.
5.620000000000001	3.305038398380682e7	100000.	100000.
5.63	3.2928181983806822e7	100000.	100000.
5.640000000000001	3.285161981193182e7	100000.	100000.
5.65	3.2723529905681822e7	100000.	100000.
5.66	3.263960956193182e7	100000.	100000.
5.67	3.2526240561931815e7	100000.	100000.
5.680000000000001	3.243348493693182e7	100000.	100000.
5.690000000000001	3.232011821818182e7	100000.	100000.
5.7	3.2245028593181815e7	100000.	100000.
5.709999999999999	3.215669060880682e7	100000.	100000.
5.720000000000001	3.2047739249431822e7	100000.	100000.
5.73	3.195203853068182e7	100000.	100000.
5.74	3.186517423380682e7	100000.	100000.
5.75	3.1750332686931815e7	100000.	100000.
5.760000000000002	3.1676717890056822e7	100000.	100000.
5.7700000000000005	3.157071162443182e7	100000.	100000.
5.779999999999999	3.149120549943182e7	100000.	100000.
5.79	3.1398451015056822e7	100000.	100000.
5.800000000000001	3.1318947171306822e7	100000.	100000.
5.8100000000000005	3.1205577030681822e7	100000.	100000.
5.82	3.112312809318182e7	100000.	100000.
5.83	3.104509679630682e7	100000.	100000.
5.840000000000001	3.095970162443182e7	100000.	100000.
5.85	3.0864002046306815e7	100000.	100000.
5.86	3.0793331202556822e7	100000.	100000.
5.870000000000001	3.069174143693182e7	100000.	100000.
5.88	3.0616652952556822e7	100000.	100000.
5.890000000000001	3.052831496818182e7	100000.	100000.
5.9	3.045617043693182e7	100000.	100000.
5.91	3.036488964005681e7	100000.	100000.
5.92	3.0294217655681815e7	100000.	100000.
5.930000000000001	3.019115648380682e7	100000.	100000.
5.940000000000001	3.012048335880682e7	100000.	100000.
5.95	3.0024783780681822e7	100000.	100000.
5.959999999999999	2.996147453068182e7	100000.	100000.
5.970000000000001	2.987460681193182e7	100000.	100000.
5.98	2.9809828436931815e7	100000.	100000.
5.99	2.972001562443182e7	100000.	100000.
6.	2.963609528068182e7	100000.	100000.
6.010000000000002	2.955217265568182e7	100000.	100000.
6.0200000000000005	2.948444576505682e7	100000.	100000.
6.029999999999999	2.940052542130682e7	100000.	100000.
6.04	2.9335744765056815e7	100000.	100000.
6.050000000000001	2.925770890568182e7	100000.	100000.
6.0600000000000005	2.918703920255682e7	100000.	100000.
6.07	2.909870007755682e7	100000.	100000.
6.08	2.9033919421306815e7	100000.	100000.
6.090000000000001	2.8964719983806822e7	100000.	100000.
6.1	2.888816009318182e7	100000.	100000.
6.109999999999999	2.881012765568182e7	100000.	100000.
6.120000000000001	2.8743873311931815e7	100000.	100000.
6.13	2.8659951827556815e7	100000.	100000.
6.140000000000001	2.8601060218181822e7	100000.	100000.
6.15	2.852155409318182e7	100000.	100000.
6.16	2.845824484318182e7	100000.	100000.
6.17	2.838315635880682e7	100000.	100000.
6.1800000000000015	2.832279448380682e7	100000.	100000.
6.190000000000001	2.823445421818182e7	100000.	100000.
6.2	2.8174090061931826e7	100000.	100000.
6.209999999999999	2.8124031452556815e7	100000.	100000.
6.220000000000001	2.8060722202556822e7	100000.	100000.
6.23	2.797827212443182e7	100000.	100000.
6.24	2.7903183640056815e7	100000.	100000.
6.25	2.785018221818182e7	100000.	100000.
6.260000000000002	2.7791289468181815e7	100000.	100000.
6.2700000000000005	2.7700006390056822e7	100000.	100000.
6.279999999999999	2.764700154630682e7	100000.	100000.
6.290000000000001	2.758516370255682e7	100000.	100000.
6.300000000000001	2.7515966546306822e7	100000.	100000.
6.3100000000000005	2.743940779630682e7	100000.	100000.
6.32	2.7389346905681822e7	100000.	100000.
6.33	2.7324565108806822e7	100000.	100000.
6.340000000000001	2.723917221818182e7	100000.	100000.
6.35	2.7189113608806822e7	100000.	100000.
6.359999999999999	2.712727804630682e7	100000.	100000.
6.370000000000001	2.7056604921306826e7	100000.	100000.
6.38	2.7000658405681822e7	100000.	100000.
6.390000000000001	2.6924097374431815e7	100000.	100000.
6.4	2.689465099943182e7	100000.	100000.
6.41	2.680336678068182e7	100000.	100000.
6.42	2.674889395255682e7	100000.	100000.
6.4300000000000015	2.669589024943182e7	100000.	100000.
6.440000000000001	2.664435909318182e7	100000.	100000.
6.45	2.6564852968181822e7	100000.	100000.
6.459999999999999	2.6507435046306822e7	100000.	100000.
6.470000000000001	2.643970701505682e7	100000.	100000.
6.48	2.638228681193182e7	100000.	100000.
6.49	2.6335174436931815e7	100000.	100000.
6.5	2.6286586093181815e7	100000.	100000.
6.510000000000002	2.619677670255682e7	100000.	100000.
6.5200000000000005	2.614524554630682e7	100000.	100000.
6.529999999999999	2.608635279630682e7	100000.	100000.
6.540000000000001	2.602598864005682e7	100000.	100000.
6.550000000000001	2.5967093608806815e7	100000.	100000.
6.5600000000000005	2.591850982755682e7	100000.	100000.
6.57	2.584636529630682e7	100000.	100000.
6.58	2.578452973380682e7	100000.	100000.
6.590000000000001	2.5737415077556822e7	100000.	100000.
6.6	2.5682939968181815e7	100000.	100000.
6.609999999999999	2.5621103265056822e7	100000.	100000.
6.620000000000001	2.557840510880681e7	100000.	100000.
6.63	2.5497428718181815e7	100000.	100000.
6.640000000000001	2.544737124943182e7	100000.	100000.
6.65	2.5392894999431815e7	100000.	100000.
6.66	2.534283639005682e7	100000.	100000.
6.67	2.528099854630682e7	100000.	100000.
6.6800000000000015	2.522946739005682e7	100000.	100000.
6.690000000000001	2.516026909318182e7	100000.	100000.
6.7	2.512640393693182e7	100000.	100000.
6.709999999999999	2.5068986015056815e7	100000.	100000.
6.720000000000001	2.501598231193182e7	100000.	100000.
6.73	2.4943840061931822e7	100000.	100000.
6.74	2.490408699943182e7	100000.	100000.
6.75	2.4846667936931815e7	100000.	100000.
6.760000000000002	2.479955214005682e7	100000.	100000.
6.7700000000000005	2.4736244030681822e7	100000.	100000.
6.779999999999999	2.470532510880682e7	100000.	100000.
6.790000000000001	2.4630236624431822e7	100000.	100000.
6.800000000000001	2.458312424943182e7	100000.	100000.
6.8100000000000005	2.4528646858806815e7	100000.	100000.
6.82	2.449331257755682e7	100000.	100000.
6.83	2.443589237443182e7	100000.	100000.
6.840000000000001	2.4388778858806815e7	100000.	100000.
6.85	2.4326942155681815e7	100000.	100000.
6.859999999999999	2.4273938452556815e7	100000.	100000.
6.870000000000001	2.4213573155681822e7	100000.	100000.
6.88	2.416793218693182e7	100000.	100000.
6.890000000000001	2.412081867130682e7	100000.	100000.
6.9	2.406634242130682e7	100000.	100000.
6.91	2.400892107755682e7	100000.	100000.
6.92	2.3979475843181815e7	100000.	100000.
6.9300000000000015	2.390144226505682e7	100000.	100000.
6.940000000000001	2.387641353068182e7	100000.	100000.
6.95	2.381899332755682e7	100000.	100000.
6.959999999999999	2.377629631193182e7	100000.	100000.
6.970000000000001	2.371298706193182e7	100000.	100000.
6.98	2.366734495255682e7	100000.	100000.
6.99	2.3618758890056822e7	100000.	100000.
7.	2.3562812374431815e7	100000.	100000.
7.010000000000002	2.350097339005682e7	100000.	100000.
7.0200000000000005	2.3478888608806815e7	100000.	100000.
7.029999999999999	2.341263654630682e7	100000.	100000.
7.040000000000001	2.3362576796306815e7	100000.	100000.
7.050000000000001	2.331693468693182e7	100000.	100000.
7.0600000000000005	2.327571135880682e7	100000.	100000.
7.07	2.321534720255682e7	100000.	100000.
7.08	2.318590082755682e7	100000.	100000.
7.090000000000001	2.3118173936931822e7	100000.	100000.
7.1	2.3090200108806815e7	100000.	100000.
7.109999999999999	2.3016583030681815e7	100000.	100000.
7.120000000000001	2.298861034318182e7	100000.	100000.
7.13	2.293707918693182e7	100000.	100000.
7.140000000000001	2.2897327265056822e7	100000.	100000.
7.15	2.2829599233806822e7	100000.	100000.
7.16	2.2810461827556822e7	100000.	100000.
7.17	2.276040207755682e7	100000.	100000.
7.1800000000000015	2.2729482015056822e7	100000.	100000.
7.190000000000001	2.2649978171306815e7	100000.	100000.
7.2	2.261611643693182e7	100000.	100000.
7.209999999999999	2.2555752280681822e7	100000.	100000.
7.220000000000001	2.2533665218181815e7	100000.	100000.
7.23	2.246593946818182e7	100000.	100000.
7.24	2.243207659318182e7	100000.	100000.
7.25	2.2367293655681815e7	100000.	100000.
7.260000000000002	2.232607032755682e7	100000.	100000.
7.2700000000000005	2.225687089005682e7	100000.	100000.
7.279999999999999	2.2225955390056815e7	100000.	100000.
7.290000000000001	2.2165588952556822e7	100000.	100000.
7.300000000000001	2.210964015568182e7	100000.	100000.
7.3100000000000005	2.205369249943182e7	100000.	100000.
7.32	2.201246689005682e7	100000.	100000.
7.33	2.195063132755682e7	100000.	100000.
7.340000000000001	2.190940457755682e7	100000.	100000.
7.35	2.185346034318182e7	100000.	100000.
7.359999999999999	2.180045549943182e7	100000.	100000.
7.370000000000001	2.1743035296306822e7	100000.	100000.
7.38	2.169444923380682e7	100000.	100000.
7.390000000000001	2.165175335880682e7	100000.	100000.
7.4	2.160169360880682e7	100000.	100000.
7.41	2.153544040568182e7	100000.	100000.
7.42	2.1511881936931822e7	100000.	100000.
7.4300000000000015	2.1445629874431815e7	100000.	100000.
7.440000000000001	2.141176471818182e7	100000.	100000.
7.45	2.134403896818182e7	100000.	100000.
7.459999999999999	2.1310177233806822e7	100000.	100000.
7.470000000000001	2.125275589005682e7	100000.	100000.
7.48	2.1204169827556822e7	100000.	100000.
7.49	2.117913995255682e7	100000.	100000.
7.5	2.1152638671306822e7	100000.	100000.
7.510000000000002	2.107755132755682e7	100000.	100000.
7.5200000000000005	2.1055467686931815e7	100000.	100000.
7.529999999999999	2.1006879343181822e7	100000.	100000.
7.540000000000001	2.0964183468181822e7	100000.	100000.
7.550000000000001	2.091706881193182e7	100000.	100000.
7.5600000000000005	2.0881734530681822e7	100000.	100000.
7.57	2.082136923380682e7	100000.	100000.
7.58	2.080075814005682e7	100000.	100000.
7.590000000000001	2.0727141061931822e7	100000.	100000.
7.6	2.069916609318182e7	100000.	100000.
7.609999999999999	2.065205257755682e7	100000.	100000.
7.620000000000001	2.0618189702556815e7	100000.	100000.
7.630000000000001	2.056813109318182e7	100000.	100000.
7.640000000000001	2.0525434077556815e7	100000.	100000.
7.65	2.0481263374431815e7	100000.	100000.
7.66	2.044592795255682e7	100000.	100000.
7.67	2.039292653068182e7	100000.	100000.
7.6800000000000015	2.035611856193182e7	100000.	100000.
7.690000000000001	2.031342040568182e7	100000.	100000.
7.7	2.0278087265056822e7	100000.	100000.
7.71	2.022655496818182e7	100000.	100000.
7.719999999999998	2.020152509318182e7	100000.	100000.
7.7299999999999995	2.0151467624431815e7	100000.	100000.
7.740000000000001	2.0117603608806815e7	100000.	100000.
7.749999999999999	2.006460104630682e7	100000.	100000.
7.760000000000001	2.004693504630682e7	100000.	100000.
7.7700000000000005	1.999393020255682e7	100000.	100000.
7.78	1.997920587443182e7	100000.	100000.
7.790000000000002	1.990559221818182e7	100000.	100000.
7.8	1.987908865568182e7	100000.	100000.
7.81	1.9823140999431822e7	100000.	100000.
7.820000000000003	1.980252990568182e7	100000.	100000.
7.830000000000001	1.9746582249431822e7	100000.	100000.
7.840000000000001	1.973185792130682e7	100000.	100000.
7.8500000000000005	1.968768835880682e7	100000.	100000.
7.8599999999999985	1.9656771718181822e7	100000.	100000.
7.87	1.9611128468181822e7	100000.	100000.
7.88	1.9586098593181815e7	100000.	100000.
7.89	1.953456857755682e7	100000.	100000.
7.900000000000001	1.9511012390056822e7	100000.	100000.
7.910000000000001	1.945359104630682e7	100000.	100000.
7.920000000000001	1.943739645255682e7	100000.	100000.
7.930000000000002	1.9393226890056822e7	100000.	100000.
7.94	1.9374087202556822e7	100000.	100000.
7.95	1.933286159318182e7	100000.	100000.
7.96	1.9293109671306822e7	100000.	100000.
7.969999999999998	1.924010710880682e7	100000.	100000.
7.9799999999999995	1.921802232755682e7	100000.	100000.
7.990000000000001	1.918415831193182e7	100000.	100000.
7.999999999999999	1.9159128436931815e7	100000.	100000.
8.01	1.911201720255682e7	100000.	100000.
8.02	1.9086986186931822e7	100000.	100000.
8.03	1.902809343693182e7	100000.	100000.
8.040000000000001	1.900306470255682e7	100000.	100000.
8.049999999999999	1.8967730421306822e7	100000.	100000.
8.059999999999999	1.895595004630682e7	100000.	100000.
8.070000000000002	1.890883653068182e7	100000.	100000.
8.08	1.8902947483806815e7	100000.	100000.
8.09	1.8852887733806822e7	100000.	100000.
8.1	1.8832277780681822e7	100000.	100000.
8.109999999999998	1.878369057755682e7	100000.	100000.
8.12	1.8758660702556822e7	100000.	100000.
8.129999999999999	1.8711546046306822e7	100000.	100000.
8.139999999999999	1.869976909318182e7	100000.	100000.
8.15	1.8652655577556822e7	100000.	100000.
8.16	1.865559953068182e7	100000.	100000.
8.17	1.8601124421306822e7	100000.	100000.
8.180000000000001	1.859229028068182e7	100000.	100000.
8.19	1.854075912443182e7	100000.	100000.
8.2	1.853192498380682e7	100000.	100000.
8.209999999999999	1.8490700515056822e7	100000.	100000.
8.219999999999997	1.847892128068182e7	100000.	100000.
8.229999999999999	1.8431807765056822e7	100000.	100000.
8.24	1.842002853068182e7	100000.	100000.
8.249999999999998	1.8375858968181815e7	100000.	100000.
8.26	1.8365554561931815e7	100000.	100000.
8.27	1.832874659318182e7	100000.	100000.
8.28	1.831402226505682e7	100000.	100000.
8.290000000000001	1.827721657755682e7	100000.	100000.
8.299999999999999	1.8262491108806815e7	100000.	100000.
8.309999999999999	1.8209489686931822e7	100000.	100000.
8.320000000000002	1.820507090568182e7	100000.	100000.
8.33	1.816973662443182e7	100000.	100000.
8.34	1.813587374943182e7	100000.	100000.
8.35	1.812556706193182e7	100000.	100000.
8.359999999999998	1.8115261515056822e7	100000.	100000.
8.37	1.807403590568182e7	100000.	100000.
8.379999999999999	1.805784017130682e7	100000.	100000.
8.389999999999999	1.801808939005682e7	100000.	100000.
8.4	1.799453206193182e7	100000.	100000.
8.41	1.797833518693182e7	100000.	100000.
8.42	1.7944473452556822e7	100000.	100000.
8.430000000000001	1.792091612443182e7	100000.	100000.
8.44	1.7906192936931815e7	100000.	100000.
8.45	1.7870857515056815e7	100000.	100000.
8.459999999999999	1.785466292130682e7	100000.	100000.
8.469999999999997	1.781638126505682e7	100000.	100000.
8.479999999999999	1.7801659218181822e7	100000.	100000.
8.49	1.778104584318182e7	100000.	100000.
8.499999999999998	1.775454342130682e7	100000.	100000.
8.51	1.7720679405681822e7	100000.	100000.
8.52	1.770006945255682e7	100000.	100000.
8.53	1.766031753068182e7	100000.	100000.
8.540000000000001	1.7655901030681822e7	100000.	100000.
8.549999999999999	1.761909306193182e7	100000.	100000.
8.559999999999999	1.759700828068182e7	100000.	100000.
8.570000000000002	1.757050585880682e7	100000.	100000.
8.58	1.754105948380682e7	100000.	100000.
8.59	1.7523393483806822e7	100000.	100000.
8.6	1.750866801505682e7	100000.	100000.
8.609999999999998	1.7465973280681815e7	100000.	100000.
8.62	1.744977640568182e7	100000.	100000.
8.629999999999999	1.742180143693182e7	100000.	100000.
8.639999999999999	1.739235734318182e7	100000.	100000.
8.65	1.7379105561931815e7	100000.	100000.
8.66	1.735554937443182e7	100000.	100000.
8.67	1.733051949943182e7	100000.	100000.
8.680000000000001	1.7311378671306815e7	100000.	100000.
8.69	1.728487739005682e7	100000.	100000.
8.7	1.7259848655681822e7	100000.	100000.
8.709999999999999	1.7231874827556822e7	100000.	100000.
8.719999999999997	1.721126259318182e7	100000.	100000.
8.729999999999999	1.718476017130682e7	100000.	100000.
8.74	1.717003698380682e7	100000.	100000.
8.749999999999998	1.715237212443182e7	100000.	100000.
8.76	1.711703328068182e7	100000.	100000.
8.77	1.709200568693182e7	100000.	100000.
8.78	1.7084642952556815e7	100000.	100000.
8.790000000000001	1.7053725171306815e7	100000.	100000.
8.799999999999999	1.704047339005682e7	100000.	100000.
8.809999999999999	1.7009555608806822e7	100000.	100000.
8.820000000000002	1.699041478068182e7	100000.	100000.
8.83	1.695360795255682e7	100000.	100000.
8.84	1.693446712443182e7	100000.	100000.
8.85	1.691679884318182e7	100000.	100000.
8.859999999999998	1.689766029630682e7	100000.	100000.
8.87	1.687557551505682e7	100000.	100000.
8.879999999999999	1.6857906093181822e7	100000.	100000.
8.889999999999999	1.682404435880682e7	100000.	100000.
8.9	1.6815210218181822e7	100000.	100000.
8.91	1.679018148380682e7	100000.	100000.
8.92	1.6763679061931815e7	100000.	100000.
8.930000000000001	1.6747483327556819e7	100000.	100000.
8.94	1.6731289874431817e7	100000.	100000.
8.95	1.6703314905681819e7	100000.	100000.
8.959999999999999	1.6704786311931815e7	100000.	100000.
8.969999999999997	1.6659146483806822e7	100000.	100000.
8.979999999999999	1.6640005655681819e7	100000.	100000.
8.99	1.661792087443182e7	100000.	100000.
8.999999999999998	1.660172514005682e7	100000.	100000.
9.01	1.658553054630682e7	100000.	100000.
9.02	1.656933595255682e7	100000.	100000.
9.03	1.6541359843181819e7	100000.	100000.
9.040000000000001	1.651927620255682e7	100000.	100000.
9.049999999999999	1.6492773780681819e7	100000.	100000.
9.059999999999999	1.6500136515056817e7	100000.	100000.
9.070000000000002	1.646479995255682e7	100000.	100000.
9.08	1.6441243765056819e7	100000.	100000.
9.09	1.6425046890056822e7	100000.	100000.
9.1	1.6405906061931817e7	100000.	100000.
9.109999999999998	1.638087732755682e7	100000.	100000.
9.12	1.6367627827556817e7	100000.	100000.
9.129999999999999	1.6347015593181819e7	100000.	100000.
9.139999999999999	1.633670890568182e7	100000.	100000.
9.15	1.6307262530681819e7	100000.	100000.
9.16	1.628959539005682e7	100000.	100000.
9.17	1.6257203921306822e7	100000.	100000.
9.180000000000001	1.6236592827556819e7	100000.	100000.
9.19	1.6193895811931817e7	100000.	100000.
9.2	1.6177701218181824e7	100000.	100000.
9.209999999999999	1.6140893249431815e7	100000.	100000.
9.219999999999997	1.6127640327556819e7	100000.	100000.
9.229999999999999	1.6080527952556817e7	100000.	100000.
9.24	1.6095249999431819e7	100000.	100000.
9.249999999999998	1.607463776505682e7	100000.	100000.
9.26	1.6043721124431815e7	100000.	100000.
9.27	1.604077489005682e7	100000.	100000.
9.28	1.6027523108806819e7	100000.	100000.
9.290000000000001	1.601868896818182e7	100000.	100000.
9.299999999999999	1.6006912015056819e7	100000.	100000.
9.309999999999999	1.5973049140056819e7	100000.	100000.
9.320000000000002	1.5970102905681819e7	100000.	100000.
9.33	1.593624117130682e7	100000.	100000.
9.34	1.5930353265056819e7	100000.	100000.
9.35	1.591268384318182e7	100000.	100000.
9.359999999999998	1.5905322249431819e7	100000.	100000.
9.37	1.5874405608806819e7	100000.	100000.
9.379999999999999	1.5855262499431819e7	100000.	100000.
9.389999999999999	1.5831707452556817e7	100000.	100000.
9.4	1.581698426505682e7	100000.	100000.
9.41	1.578753789005682e7	100000.	100000.
9.42	1.5784592796306817e7	100000.	100000.
9.430000000000001	1.5761036608806817e7	100000.	100000.
9.44	1.5725698905681815e7	100000.	100000.
9.45	1.572422864005682e7	100000.	100000.
9.459999999999999	1.5715393358806817e7	100000.	100000.
9.469999999999997	1.5681529343181819e7	100000.	100000.
9.479999999999999	1.5678587671306817e7	100000.	100000.
9.49	1.5649140155681819e7	100000.	100000.
9.499999999999998	1.5647667608806817e7	100000.	100000.
9.51	1.5610860780681817e7	100000.	100000.
9.52	1.560497173380682e7	100000.	100000.
9.53	1.5569636311931819e7	100000.	100000.
9.540000000000001	1.555932848380682e7	100000.	100000.
9.549999999999999	1.553429974943182e7	100000.	100000.
9.559999999999999	1.5544606436931817e7	100000.	100000.
9.570000000000002	1.5506327061931819e7	100000.	100000.
9.58	1.549749292130682e7	100000.	100000.
9.59	1.5473934452556817e7	100000.	100000.
9.6	1.546657171818182e7	100000.	100000.
9.609999999999998	1.5444488077556819e7	100000.	100000.
9.62	1.5437126483806819e7	100000.	100000.
9.629999999999999	1.539884710880682e7	100000.	100000.
9.639999999999999	1.540473501505682e7	100000.	100000.
9.65	1.5367928186931822e7	100000.	100000.
9.66	1.5367929327556819e7	100000.	100000.
9.67	1.5347315952556819e7	100000.	100000.
9.680000000000001	1.533995549943182e7	100000.	100000.
9.69	1.530167384318182e7	100000.	100000.
9.7	1.529284198380682e7	100000.	100000.
9.709999999999999	1.5258977968181819e7	100000.	100000.
9.719999999999997	1.5281061608806817e7	100000.	100000.
9.729999999999999	1.5245727327556817e7	100000.	100000.
9.74	1.524130854630682e7	100000.	100000.
9.749999999999998	1.5203030311931822e7	100000.	100000.
9.76	1.5204502858806817e7	100000.	100000.
9.77	1.5172111390056819e7	100000.	100000.
9.78	1.5175055343181817e7	100000.	100000.
9.790000000000001	1.5136777108806819e7	100000.	100000.
9.799999999999999	1.5150025468181817e7	100000.	100000.
9.809999999999999	1.5102913093181817e7	100000.	100000.
9.820000000000002	1.5120579093181819e7	100000.	100000.
9.83	1.5069049077556819e7	100000.	100000.
9.84	1.507788435880682e7	100000.	100000.
9.85	1.5051381936931817e7	100000.	100000.
9.859999999999998	1.5044020343181819e7	100000.	100000.
9.87	1.5018990468181817e7	100000.	100000.
9.879999999999999	1.5018991608806822e7	100000.	100000.
9.889999999999999	1.4989545233806817e7	100000.	100000.
9.9	1.497482090568182e7	100000.	100000.
9.91	1.4958626311931819e7	100000.	100000.
9.92	1.4963042811931817e7	100000.	100000.
9.930000000000001	1.493359757755682e7	100000.	100000.
9.94	1.491298420255682e7	100000.	100000.
9.95	1.4887953186931819e7	100000.	100000.
9.959999999999999	1.4904150061931819e7	100000.	100000.
9.969999999999997	1.485703768693182e7	100000.	100000.
9.979999999999999	1.4848203546306819e7	100000.	100000.
9.99	1.4833480358806819e7	100000.	100000.
9.999999999999998	1.4839369405681819e7	100000.	100000.
10.01	1.480550539005682e7	100000.	100000.
10.02	1.4808449343181819e7	100000.	100000.
10.03	1.4777532702556819e7	100000.	100000.
10.040000000000001	1.4773116202556817e7	100000.	100000.
10.049999999999999	1.4748086327556815e7	100000.	100000.
10.059999999999999	1.4745141233806819e7	100000.	100000.
10.070000000000002	1.4728945499431817e7	100000.	100000.
10.08	1.4728945499431817e7	100000.	100000.
10.09	1.4700970530681815e7	100000.	100000.
10.1	1.4689193577556819e7	100000.	100000.
10.109999999999998	1.4665636249431819e7	100000.	100000.
10.12	1.4668581343181817e7	100000.	100000.
10.129999999999999	1.4637662421306819e7	100000.	100000.
10.139999999999999	1.4643551468181819e7	100000.	100000.
10.15	1.4625883186931819e7	100000.	100000.
10.16	1.4606743499431817e7	100000.	100000.
10.17	1.4581714765056819e7	100000.	100000.
10.180000000000001	1.458465985880682e7	100000.	100000.
10.19	1.456257507755682e7	100000.	100000.
10.2	1.456404648380682e7	100000.	100000.
10.209999999999999	1.4528711061931819e7	100000.	100000.
10.219999999999997	1.4533128702556819e7	100000.	100000.
10.229999999999999	1.4512515327556819e7	100000.	100000.
10.24	1.4521349468181817e7	100000.	100000.
10.249999999999998	1.4480126140056815e7	100000.	100000.
10.26	1.449779328068182e7	100000.	100000.
10.27	1.4455096265056819e7	100000.	100000.
10.28	1.4459512765056819e7	100000.	100000.
10.290000000000001	1.441975970255682e7	100000.	100000.
10.299999999999999	1.443890053068182e7	100000.	100000.
10.309999999999999	1.4402092561931819e7	100000.	100000.
10.320000000000002	1.4419758561931817e7	100000.	100000.
10.33	1.437853523380682e7	100000.	100000.
10.34	1.4396203515056817e7	100000.	100000.
10.35	1.4359395546306819e7	100000.	100000.
10.359999999999998	1.4349089999431817e7	100000.	100000.
10.37	1.4324061265056819e7	100000.	100000.
10.379999999999999	1.432700407755682e7	100000.	100000.
10.389999999999999	1.4307864390056819e7	100000.	100000.
10.4	1.4310808343181817e7	100000.	100000.
10.41	1.4266639921306819e7	100000.	100000.
10.42	1.4284309343181819e7	100000.	100000.
10.430000000000001	1.4263694827556822e7	100000.	100000.
10.44	1.427105642130682e7	100000.	100000.
10.45	1.4226886858806819e7	100000.	100000.
10.459999999999999	1.4241610046306819e7	100000.	100000.
10.469999999999997	1.4206275765056815e7	100000.	100000.
10.479999999999999	1.4222470358806815e7	100000.	100000.
10.49	1.4195969077556819e7	100000.	100000.
10.499999999999998	1.4204803218181819e7	100000.	100000.
10.51	1.4153272061931817e7	100000.	100000.
10.52	1.4179772202556819e7	100000.	100000.
10.53	1.4144437921306819e7	100000.	100000.
10.540000000000001	1.415179951505682e7	100000.	100000.
10.549999999999999	1.4103214593181819e7	100000.	100000.
10.559999999999999	1.4129714733806819e7	100000.	100000.
10.570000000000002	1.4103213452556819e7	100000.	100000.
10.58	1.4113520140056819e7	100000.	100000.
10.59	1.406493293693182e7	100000.	100000.
10.6	1.4088490265056819e7	100000.	100000.
10.609999999999998	1.4038432796306822e7	100000.	100000.
10.62	1.405609879630682e7	100000.	100000.
10.629999999999999	1.4022235921306817e7	100000.	100000.
10.639999999999999	1.402959751505682e7	100000.	100000.
10.65	1.4032542608806817e7	100000.	100000.
10.66	1.402518215568182e7	100000.	100000.
10.67	1.397806749943182e7	100000.	100000.
10.680000000000001	1.3994263233806822e7	100000.	100000.
10.69	1.3960400358806819e7	100000.	100000.
10.7	1.3969233358806817e7	100000.	100000.