0.	113955.67528409092	100000.	100000.
0.010000000000000009	358360.81590909086	100000.	100000.
0.020000000000000018	1.098932128409091e6	100000.	100000.
0.030000000000000027	1.583323628409091e6	100000.	100000.
0.040000000000000036	2.658109472159091e6	100000.	100000.
0.050000000000000044	3.573886487784091e6	100000.	100000.
0.05999999999999994	5.390717331534091e6	100000.	100000.
0.07000000000000006	6.83800278465909e6	100000.	100000.
0.07999999999999996	8.69752950340909e6	100000.	100000.
0.09000000000000008	1.0635090940909093e7	100000.	100000.
0.09999999999999998	1.289508881590909e7	199190.5789772728	100000.
0.1100000000000001	1.4689833737784088e7	876452.641477273	100000.
0.12	1.6019331409659088e7	2.051357985227273e6	123351.83295454549
0.13	1.7108842722159088e7	3.3779082821022733e6	120406.7392045455
0.14	1.7737517581534088e7	4.457114047727273e6	146909.1610795455
0.15000000000000002	1.805848147215909e7	5.288968438352272e6	161633.48920454548
0.16000000000000003	1.8216018894034088e7	6.039848719602273e6	174884.1298295455
0.17000000000000004	1.8269023737784088e7	6.662635672727272e6	177826.9423295455
0.18	1.827785787840909e7	6.995377657102274e6	177829.22357954553
0.19000000000000006	1.821749144090909e7	7.261866438352272e6	174882.98920454548
0.2	1.820865730028409e7	7.444432594602272e6	227885.55170454548
0.2099999999999999	1.815712842528409e7	7.610803016477273e6	244082.4267045455
0.22000000000000003	1.813651505028409e7	7.715337875852272e6	347143.5985795455
0.23000000000000015	1.807173439403409e7	7.809567188352272e6	434010.17670454556
0.24000000000000005	1.804817706590909e7	7.902321672727272e6	551794.5360795455
0.24999999999999994	1.7939225706534088e7	8.031886407102272e6	710804.5048295455
0.26000000000000006	1.790389028465909e7	8.096665922727272e6	868341.9267045456
0.2700000000000002	1.7809662112784088e7	8.142308032102273e6	1.0391299892045456e6
0.27999999999999997	1.7769910190909095e7	8.31456750085227e6	1.2467260204545455e6
0.29	1.773310222215909e7	8.508912891477272e6	1.4837672860795455e6
0.3	1.7749297956534088e7	8.757733391477272e6	1.7311163798295455e6
0.31	1.7713961394034095e7	9.062501547727272e6	2.025577848579546e6
0.32	1.773310222215909e7	9.356964157102272e6	2.426047864204546e6
0.33	1.7712491128409088e7	9.775100172727272e6	3.1327563017045455e6
0.34	1.771690648778409e7	1.017851414147727e7	3.982280114204546e6
0.35000000000000003	1.7709544894034088e7	1.0495060391477272e7	4.767020989204546e6
0.36000000000000004	1.772868458153409e7	1.0888167672727274e7	6.071489926704546e6
0.37000000000000005	1.7756659550284088e7	1.1181158875852272e7	7.3038131923295455e6
0.38000000000000006	1.7809662112784088e7	1.1596349797727272e7	8.729010442329545e6
0.39000000000000007	1.7905362831534088e7	1.2188217828977272e7	9.892137692329546e6
0.4000000000000001	1.798781062840909e7	1.3025964688352274e7	1.1196603207954546e7
0.41	1.8064371659659088e7	1.372383784460227e7	1.2311142114204545e7
0.4199999999999999	1.816007237840909e7	1.4492385266477272e7	1.3219559817329546e7
0.43	1.823663112840909e7	1.5308045063352272e7	1.3964548770454543e7
0.4400000000000001	1.8326442800284088e7	1.5833659891477276e7	1.4577029036079543e7
0.45	1.839417083153409e7	1.6301855657102272e7	1.4980440723579548e7
0.4599999999999999	1.845158989403409e7	1.6633126235227274e7	1.5360299645454545e7
0.47000000000000003	1.846778448778409e7	1.6949671344602272e7	1.5756350879829545e7
0.48000000000000015	1.850753755028409e7	1.7192603938352276e7	1.5950696270454548e7
0.49000000000000005	1.8497230862784088e7	1.7291249750852272e7	1.6153874661079545e7
0.49999999999999994	1.8507536409659088e7	1.7342777485227272e7	1.6231907098579545e7
0.5100000000000002	1.848692417528409e7	1.7372226141477276e7	1.6312884629829546e7
0.5200000000000002	1.848103626903409e7	1.7350140219602276e7	1.6359998145454546e7
0.53	1.8467784487784095e7	1.7283887016477272e7	1.6332023176704546e7
0.54	1.844422944090909e7	1.7217632672727272e7	1.6337914504829548e7
0.55	1.8403002690909088e7	1.7141071641477272e7	1.6301107676704546e7
0.56	1.8394170831534084e7	1.7060095250852272e7	1.6192152895454548e7
0.5700000000000001	1.8335276940909088e7	1.6961450578977276e7	1.6139152614204545e7
0.5800000000000001	1.8291107378409088e7	1.6853971766477272e7	1.6016949473579548e7
0.5900000000000001	1.822190908153409e7	1.6730298360227274e7	1.5872663832954546e7
0.6000000000000001	1.815565473778409e7	1.6550676157102278e7	1.5662122707954548e7
0.6100000000000001	1.804375942528409e7	1.6397556375852272e7	1.5451581582954546e7
0.6200000000000001	1.7945113612784088e7	1.6166405297727274e7	1.5210123817329546e7
0.6300000000000001	1.7836164534659088e7	1.5961752078977276e7	1.5015777286079548e7
0.6400000000000001	1.7711018581534088e7	1.5749737266477272e7	1.4800820801704545e7
0.6500000000000001	1.7534338050284088e7	1.5552449063352274e7	1.4581447817329546e7
0.6599999999999999	1.7356188394034088e7	1.5299212063352272e7	1.4357653770454548e7
0.6699999999999999	1.712209450340909e7	1.5091616032102274e7	1.4130919192329546e7
0.6800000000000002	1.6920387519034088e7	1.4864880313352274e7	1.3924794567329545e7
0.6900000000000002	1.6698068300284091e7	1.4654339188352276e7	1.3720143629829545e7
0.7	1.6509610815909091e7	1.4442327797727278e7	1.3475740770454546e7
0.71	1.6256374956534088e7	1.4214119532102274e7	1.3257838051704545e7
0.7199999999999998	1.6088531987784091e7	1.3997689360227274e7	1.3070855395454545e7
0.73	1.586326767528409e7	1.3765063453977274e7	1.2855897770454545e7
0.74	1.569542242528409e7	1.3567774110227274e7	1.2635051098579545e7
0.75	1.548488472215909e7	1.337048248522727e7	1.2453956348579545e7
0.7600000000000002	1.5334706612784091e7	1.3161415047727272e7	1.2261085786079545e7
0.77	1.511386222215909e7	1.2964126844602272e7	1.2029930145454545e7
0.78	1.495043575340909e7	1.2760948453977272e7	1.1840003536079545e7
0.79	1.476345081590909e7	1.2579851422727272e7	1.1635352598579543e7
0.7999999999999998	1.461327384715909e7	1.2364894938352274e7	1.1427756567329546e7
0.81	1.4411568003409093e7	1.2199997063352272e7	1.1267274051704543e7
0.8200000000000001	1.4280531862784091e7	1.2010069313352272e7	1.1062624254829545e7
0.8300000000000001	1.410385589403409e7	1.1830445969602272e7	1.0859444723579545e7
0.8400000000000003	1.3941900831534088e7	1.1641991907102272e7	1.0691599473579546e7
0.8500000000000001	1.378436455028409e7	1.1455009250852272e7	1.0451615395454546e7
0.8599999999999999	1.365774490965909e7	1.128274750085227e7	1.0277879957954545e7
0.8699999999999999	1.347370506590909e7	1.1132572813352272e7	1.0105621629829545e7
0.8799999999999999	1.3327948019034091e7	1.0948531828977274e7	9.933361020454545e6
0.8899999999999997	1.3205744878409091e7	1.0789521860227272e7	9.765516911079545e6
0.8999999999999999	1.3071764784659091e7	1.0640819719602272e7	9.603561848579546e6
0.9099999999999999	1.2936311003409091e7	1.0475920703977274e7	9.401854864204545e6
0.9199999999999999	1.2814111284659091e7	1.0338995516477272e7	9.278181457954546e6
0.9300000000000002	1.2712521519034091e7	1.018293178210227e7	9.102978036079545e6
0.94	1.261093061278409e7	1.0035699907102272e7	8.963107754829545e6
0.95	1.2488729753409091e7	9.93410900085227e6	8.795264786079546e6
0.96	1.2394502722159093e7	9.763322078977272e6	8.650979145454546e6
0.9699999999999998	1.2291441550284095e7	9.64406517272727e6	8.509635176704545e6
0.98	1.221782561278409e7	9.50125207897727e6	8.3756562235795455e6
0.99	1.2116236987784091e7	9.387884219602272e6	8.241676129829545e6
1.	1.204703755028409e7	9.25095789147727e6	8.098861895454547e6
1.0100000000000002	1.1963116065909093e7	9.156729719602272e6	7.963409254829545e6
1.02	1.1901278222159093e7	9.015386891477272e6	7.845624895454546e6
1.03	1.181294023778409e7	8.921159860227272e6	7.707228301704545e6
1.04	1.175993539403409e7	8.800429266477272e6	7.5864954267045455e6
1.0499999999999998	1.1686321737784091e7	8.710621016477272e6	7.452516473579546e6
1.06	1.164215331590909e7	8.604612469602274e6	7.334732114204546e6
1.07	1.1558229550284091e7	8.513331672727272e6	7.2184191610795455e6
1.08	1.1527311769034091e7	8.399962672727272e6	7.1256646767045455e6
1.0900000000000003	1.146400137840909e7	8.336653422727274e6	7.018185864204546e6
1.1	1.142424945653409e7	8.226230657102272e6	6.8930399110795455e6
1.1099999999999999	1.1381553581534091e7	8.155558672727272e6	6.800282004829545e6
1.1199999999999999	1.134768956590909e7	8.055441453977272e6	6.701637332954545e6
1.13	1.1288796815909091e7	7.984771750852271e6	6.6044663485795455e6
1.1399999999999997	1.1257876753409095e7	7.900850266477272e6	6.508765629829546e6
1.15	1.1215182019034091e7	7.843427782102273e6	6.4277880985795455e6
1.16	1.1196042331534091e7	7.753618391477271e6	6.312947692329546e6
1.17	1.1135678175284091e7	7.709448828977272e6	6.246693348579546e6
1.1800000000000002	1.1112118565909091e7	7.603440282102272e6	6.162773004829547e6
1.19	1.1066478737784091e7	7.559273000852272e6	6.062654645454546e6
1.2	1.105028186278409e7	7.495963750852272e6	5.9728452548295455e6
1.21	1.1010531081534091e7	7.434124766477272e6	5.8859775360795455e6
1.2199999999999998	1.0991391394034093e7	7.356095750852273e6	5.8270847860795455e6
1.23	1.0938386550284091e7	7.314870141477272e6	5.728441254829546e6
1.24	1.093102495653409e7	7.241253063352272e6	5.6695485048295455e6
1.25	1.0883911440909091e7	7.194138407102271e6	5.563541098579546e6
1.2600000000000002	1.0867716847159091e7	7.129356610227273e6	5.5090659892045455e6
1.27	1.0816184550284093e7	7.076356328977272e6	5.428088457954546e6
1.28	1.0820601050284091e7	7.008629438352272e6	5.364780348579546e6
1.29	1.0777906315909091e7	6.976237969602273e6	5.267607082954546e6
1.2999999999999998	1.0769072175284091e7	6.917344078977273e6	5.205769239204546e6
1.31	1.0724901472159091e7	6.871704250852274e6	5.1130158954545455e6
1.3200000000000003	1.0732264206534091e7	6.799560860227272e6	5.0585407860795455e6
1.33	1.0699871597159091e7	6.778948625852273e6	4.9819786142045455e6
1.3400000000000003	1.068073305028409e7	6.714166828977273e6	4.923085864204546e6
1.35	1.0652758081534091e7	6.668525860227272e6	4.8318039267045455e6
1.36	1.065128553465909e7	6.609631969602274e6	4.7787979423295455e6
1.3699999999999999	1.0607115972159091e7	6.575767953977273e6	4.706655692329546e6
1.38	1.0608589659659091e7	6.519820297727273e6	4.6433475829545455e6
1.3899999999999997	1.056294869090909e7	6.477124422727273e6	4.5461754579545455e6
1.4	1.0579143284659091e7	6.431482313352272e6	4.5005322079545455e6
1.4100000000000001	1.054527926903409e7	6.390255563352273e6	4.4210283642045455e6
1.42	1.0558532190909091e7	6.332837641477273e6	4.362134473579546e6
1.4300000000000002	1.0517305440909091e7	6.300446172727273e6	4.2841031767045455e6
1.44	1.0529084675284091e7	6.244498516477273e6	4.2281566610795455e6
1.45	1.0493750394034091e7	6.201801500852273e6	4.1486528173295455e6
1.46	1.0509944987784091e7	6.159105625852274e6	4.0956479735795464e6
1.4699999999999998	1.0474609565909091e7	6.125241610227273e6	4.023503442329546e6
1.48	1.0481971159659091e7	6.084018282102273e6	3.955779973579546e6
1.4899999999999998	1.0453996190909091e7	6.041320125852273e6	3.876272707954546e6
1.5	1.0474609565909091e7	5.998623110227273e6	3.8203261923295455e6
1.5100000000000002	1.042454981590909e7	5.947093094602273e6	3.730514520454546e6
1.52	1.0461358925284091e7	5.897034485227272e6	3.687818645454546e6
1.53	1.0423078409659091e7	5.872003469602273e6	3.6171455204545446e6
1.54	1.044369064403409e7	5.836668047727273e6	3.5479472235795455e6
1.5499999999999998	1.039215948778409e7	5.793973313352273e6	3.4654982860795455e6
1.56	1.042749376903409e7	5.742439875852273e6	3.408079223579546e6
1.5700000000000003	1.0398048534659093e7	5.689436172727272e6	3.3315181923295455e6
1.58	1.0408354081534091e7	5.651159078977274e6	3.274099129829545e6
1.5900000000000003	1.038185280028409e7	5.620240157102274e6	3.207843645454545e6
1.6	1.0406881534659091e7	5.573125500852273e6	3.1298123485795455e6
1.61	1.0365658206534093e7	5.520122938352273e6	3.056195270454545e6
1.6199999999999999	1.039657712840909e7	5.492149110227274e6	2.997303661079545e6
1.63	1.0362713112784093e7	5.446504719602273e6	2.913383317329546e6
1.6399999999999997	1.0387741847159093e7	5.420003438352273e6	2.858908207954546e6
1.65	1.0355353800284093e7	5.378780110227272e6	2.7838174423295455e6
1.6600000000000001	1.0386269300284091e7	5.315470860227272e6	2.701369645454545e6
1.67	1.0347991065909091e7	5.263939703977273e6	2.649838489204545e6
1.6800000000000002	1.0374492347159091e7	5.230075688352273e6	2.5835841454545455e6
1.69	1.0346516237784091e7	5.187379813352273e6	2.5084968017045455e6
1.7	1.0367129612784091e7	5.134376110227272e6	2.4289929579545455e6
1.7100000000000002	1.0334740425284093e7	5.084318641477273e6	2.364210020454545e6
1.72	1.0368603300284091e7	5.062235000852273e6	2.302374457954546e6
1.7300000000000006	1.0336211831534091e7	5.019535703977273e6	2.2213946454545455e6
1.7399999999999995	1.0367131894034091e7	4.976839828977273e6	2.1580853954545455e6
1.7500000000000002	1.0337684378409091e7	4.912055750852273e6	2.0741639110795455e6
1.76	1.0359768019034091e7	4.884085344602273e6	2.006438161079546e6
1.7699999999999998	1.0333266737784093e7	4.854636688352274e6	1.9416586454545453e6
1.78	1.0356824065909093e7	4.795745078977273e6	1.8842373017045453e6
1.7899999999999998	1.0321488644034091e7	4.744215063352273e6	1.7811738485795453e6
1.8	1.0359768019034091e7	4.720657735227274e6	1.7311152392045453e6
1.8099999999999998	1.0320016097159091e7	4.679433266477273e6	1.6442498017045455e6
1.8200000000000005	1.0345044831534093e7	4.636735110227273e6	1.5883032860795457e6
1.8299999999999994	1.0330320503409091e7	4.586676500852273e6	1.5058520673295455e6
1.84	1.0353878972159091e7	4.541033250852274e6	1.4572660048295453e6
1.8499999999999999	1.0309709409659091e7	4.490975782102274e6	1.3645115204545455e6
1.86	1.034062833153409e7	4.460058000852273e6	1.3144517704545453e6
1.8699999999999999	1.0312655644034091e7	4.390859703977272e6	1.2246412392045455e6
1.8800000000000001	1.0343574565909091e7	4.384969516477273e6	1.1834156298295455e6
1.89	1.032001495653409e7	4.315772360227274e6	1.1142173329545455e6
1.8999999999999997	1.0349462472159091e7	4.286324844602273e6	1.0523794892045455e6
1.9100000000000004	1.0322960050284091e7	4.236267375852272e6	966986.5985795457
1.9200000000000002	1.034062833153409e7	4.206819860227273e6	949317.1767045454
1.93	1.0327377690909091e7	4.170013032102274e6	891898.1142045454
1.9400000000000002	1.0358295472159091e7	4.128787422727274e6	862451.7392045455
1.95	1.0303820362784091e7	4.0802025008522733e6	774114.8954545455
1.9600000000000002	1.0343573425284091e7	4.055172625852273e6	759391.7079545455
1.97	1.0333266737784091e7	4.0183646571022724e6	700497.8173295455
1.9800000000000006	1.0358296612784091e7	3.983029235227273e6	668108.6298295454
1.9899999999999995	1.0328849097159091e7	3.9491675008522733e6	640134.8017045454
2.0000000000000004	1.0352407565909091e7	3.909414438352273e6	631299.5204545454
2.0100000000000002	1.032148864403409e7	3.8593546883522733e6	566516.5829545455
2.02	1.0359766878409091e7	3.8313820008522724e6	545906.6298295455
2.0300000000000002	1.0327377690909091e7	3.8019356258522724e6	489957.83295454556
2.04	1.0362714253409091e7	3.7651265164772724e6	478179.7392045456
2.0500000000000003	1.0331794190909091e7	3.7253734539772733e6	439899.2235795455
2.06	1.037154611278409e7	3.697403047727273e6	404564.9423295455
2.0700000000000007	1.0331794190909091e7	3.665010438352273e6	353033.7860795454
2.0799999999999996	1.0375964894034093e7	3.623785969602273e6	367755.8329545455
2.0900000000000003	1.0342100878409093e7	3.603173735227273e6	325059.9579545455
2.1	1.0375964894034091e7	3.570782266477273e6	310336.77045454545
2.1100000000000003	1.0339155784659093e7	3.5280852508522733e6	276473.8954545455
2.12	1.0375963753409093e7	3.5074730164772724e6	277945.3017045455
2.1300000000000003	1.0347989925284091e7	3.4633045946022733e6	251444.0204545455
2.14	1.0371547253409093e7	3.455943000852272e6	249971.4735795455
2.15	1.0345047112784091e7	3.4161910789772733e6	220523.9579545455
2.1600000000000006	1.0373020940909091e7	3.3720192352272724e6	221997.64545454548
2.1700000000000004	1.0361240565909093e7	3.3440465477272733e6	191078.7235795455
2.18	1.0381852800284093e7	3.311655078977273e6	207274.45795454553
2.1900000000000004	1.0355351519034091e7	3.285153797727273e6	161632.34857954553
2.2	1.0400993628409091e7	3.249819516477273e6	192551.27045454548
2.2100000000000004	1.038038139403409e7	3.1997586258522733e6	146910.30170454553
2.22	1.040393758153409e7	3.189454219602273e6	160159.8017045455
2.230000000000001	1.0371547253409093e7	3.1379230633522724e6	118935.3329545455
2.2399999999999998	1.038774184715909e7	3.1261449696022733e6	118935.3329545455
2.2500000000000004	1.0383324206534093e7	3.065779672727273e6	100000.
2.2600000000000002	1.039657712840909e7	3.0495850789772733e6	114519.9735795455
2.27	1.0384797894034093e7	2.990691188352273e6	100000.
2.2800000000000002	1.0405408987784091e7	2.9818570477272724e6	100000.
2.29	1.038921439403409e7	2.9435776727272733e6	100000.
2.3000000000000003	1.0414244269034093e7	2.920021485227273e6	100000.
2.31	1.039510344090909e7	2.8640738289772733e6	100000.
2.3200000000000007	1.042307726903409e7	2.837572547727273e6	100000.
2.3299999999999996	1.0408354081534091e7	2.799290891477272e6	100000.
2.3400000000000003	1.043043886278409e7	2.769844516477273e6	100000.
2.35	1.041424426903409e7	2.7271475008522724e6	100000.
2.3600000000000003	1.0431911409659091e7	2.699174813352273e6	100000.
2.37	1.0405411269034088e7	2.6299753758522724e6	100000.
2.3800000000000003	1.0433382815909091e7	2.622613782102273e6	100000.
2.39	1.041866190965909e7	2.562248485227273e6	100000.
2.4	1.0452523644034091e7	2.528387891477273e6	100000.
2.4100000000000006	1.042454981590909e7	2.490105094602273e6	100000.
2.4200000000000004	1.0436327909659091e7	2.4518257196022733e6	100000.
2.43	1.0430440003409093e7	2.4017671102272724e6	100000.
2.4400000000000004	1.0456940144034093e7	2.369376782102273e6	100000.
2.45	1.0427494909659091e7	2.310484032102273e6	100000.
2.4600000000000004	1.0442219237784091e7	2.279565110227273e6	100000.
2.47	1.0430438862784091e7	2.2265614071022724e6	100000.
2.480000000000001	1.0474608425284091e7	2.177976485227273e6	100000.
2.4899999999999998	1.0437801597159091e7	2.145586157102273e6	100000.
2.5000000000000004	1.0451051097159091e7	2.104361688352273e6	100000.
2.5100000000000002	1.046135892528409e7	2.0307434696022728e6	100000.
2.52	1.0490803019034091e7	2.010133516477273e6	100000.
2.5300000000000002	1.0453997331534093e7	1.9527133133522726e6	100000.
2.54	1.047313587840909e7	1.8894029227272728e6	100000.
2.5500000000000003	1.046135892528409e7	1.8452345008522728e6	100000.
2.56	1.050552848778409e7	1.801063797727273e6	100000.
2.5700000000000007	1.0467247972159091e7	1.7259775946022728e6	100000.
2.5799999999999996	1.0504053659659093e7	1.6994751727272728e6	100000.
2.5900000000000003	1.0477554659659091e7	1.6243878289772726e6	100000.
2.6	1.0509943847159091e7	1.594940313352273e6	100000.
2.6100000000000003	1.0483442565909091e7	1.5272145633522726e6	100000.
2.62	1.0527612128409093e7	1.4771548133522728e6	100000.
2.6300000000000003	1.0498166894034091e7	1.3991246571022728e6	100000.
2.64	1.0512887800284091e7	1.3593715946022728e6	100000.
2.65	1.0511415253409093e7	1.263670875852273e6	100000.
2.6600000000000006	1.0532028628409091e7	1.2253892196022728e6	100000.
2.6700000000000004	1.0526140722159091e7	1.1561920633522728e6	100000.
2.68	1.0545280409659093e7	1.1164401414772728e6	100000.
2.6900000000000004	1.0536447409659091e7	1.0604924852272728e6	100000.
2.7	1.0558532190909091e7	1.0030734227272728e6	100000.
2.7100000000000004	1.0523194487784093e7	910315.5164772727	100000.
2.72	1.0554115690909091e7	870565.8758522726	100000.
2.730000000000001	1.0536445128409091e7	798421.3446022727	100000.
2.7399999999999998	1.0576199331534091e7	748362.7352272728	100000.
2.7500000000000004	1.0549695769034091e7	683579.7977272728	100000.
2.7600000000000002	1.057031028465909e7	651190.6102272728	100000.
2.7700000000000005	1.0542336456534091e7	577574.6727272728	100000.
2.7800000000000002	1.057767187840909e7	546656.8914772727	100000.
2.79	1.0568836597159091e7	483345.36022727273	100000.
2.8000000000000003	1.0576199331534091e7	450955.0321022729	100000.
2.81	1.0574725644034091e7	377340.2352272728	100000.
2.8200000000000007	1.0592393925284093e7	342004.8133522728	100000.
2.8299999999999996	1.0582087237784093e7	321392.5789772728	100000.
2.8400000000000003	1.0605645706534091e7	288999.9696022728	100000.
2.85	1.0590922519034091e7	240415.04772727282	100000.
2.8600000000000003	1.061742380028409e7	227164.4071022728	100000.
2.87	1.0590921378409091e7	182993.7039772728	100000.
2.8800000000000003	1.0626259081534091e7	155019.87585227282	100000.
2.89	1.0605645706534091e7	128519.7352272728	100000.
2.9	1.0635089800284091e7	112324.0008522728	100000.
2.9100000000000006	1.0598282972159091e7	100000.	100000.
2.9200000000000004	1.063803489403409e7	100000.	100000.
2.93	1.061447870653409e7	100000.	100000.
2.940000000000001	1.064392622215909e7	100000.	100000.
2.95	1.0624784253409093e7	100000.	100000.
2.9600000000000004	1.0661593362784093e7	100000.	100000.
2.97	1.0638036034659091e7	100000.	100000.
2.980000000000001	1.066895381590909e7	100000.	100000.
2.9899999999999998	1.0651285534659091e7	100000.	100000.
3.0000000000000004	1.0680733050284093e7	100000.	100000.
3.0100000000000002	1.067778795653409e7	100000.	100000.
3.0200000000000005	1.0705762925284091e7	100000.	100000.
3.03	1.0679260503409091e7	100000.	100000.
3.04	1.0699872737784091e7	100000.	100000.
3.0500000000000003	1.0704290378409091e7	100000.	100000.
3.06	1.0736680706534091e7	100000.	100000.
3.0700000000000007	1.072637515965909e7	100000.	100000.
3.0799999999999996	1.0764654534659091e7	100000.	100000.
3.0900000000000003	1.0746987394034091e7	100000.	100000.
3.1	1.0799988815909091e7	100000.	100000.
3.1100000000000003	1.0776433769034093e7	100000.	100000.
3.1200000000000006	1.0842686972159093e7	100000.	100000.
3.1300000000000003	1.0829436331534091e7	100000.	100000.
3.14	1.0872134487784091e7	100000.	100000.
3.15	1.0858882706534091e7	100000.	100000.
3.1600000000000006	1.0925137050284091e7	100000.	100000.
3.1700000000000004	1.091482922215909e7	100000.	100000.
3.18	1.0969306612784091e7	100000.	100000.
3.190000000000001	1.0941330503409091e7	100000.	100000.
3.2	1.0994335347159091e7	100000.	100000.
3.2100000000000004	1.099727930028409e7	100000.	100000.
3.22	1.1037031222159088e7	100000.	100000.
3.230000000000001	1.1038504909659091e7	100000.	100000.
3.2399999999999998	1.1054700644034091e7	100000.	100000.
3.2500000000000004	1.1062062237784088e7	100000.	100000.
3.2600000000000002	1.1085618425284091e7	100000.	100000.
3.2700000000000005	1.1067950144034091e7	100000.	100000.
3.28	1.1115067081534091e7	100000.	100000.
3.29	1.109592397215909e7	100000.	100000.
3.3000000000000003	1.1118008753409093e7	100000.	100000.
3.31	1.1092980019034093e7	100000.	100000.
3.3200000000000007	1.1118008753409093e7	100000.	100000.
3.3299999999999996	1.109739651903409e7	100000.	100000.
3.3400000000000003	1.1115064800284091e7	100000.	100000.
3.35	1.1098869065909091e7	100000.	100000.
3.3600000000000003	1.1123898940909091e7	100000.	100000.
3.3700000000000006	1.1094453706534091e7	100000.	100000.
3.3800000000000003	1.1116537347159093e7	100000.	100000.
3.39	1.1104758112784091e7	100000.	100000.
3.4	1.1140093534659091e7	100000.	100000.
3.4100000000000006	1.1104758112784091e7	100000.	100000.
3.4200000000000004	1.1126842894034091e7	100000.	100000.
3.43	1.110770434715909e7	100000.	100000.
3.440000000000001	1.112831658153409e7	100000.	100000.
3.45	1.111653620653409e7	100000.	100000.
3.4600000000000004	1.1143038628409091e7	100000.	100000.
3.47	1.113420562840909e7	100000.	100000.
3.480000000000001	1.116365314403409e7	100000.	100000.
3.4899999999999998	1.1147456269034091e7	100000.	100000.
3.5000000000000004	1.1187209331534091e7	100000.	100000.
3.5100000000000002	1.1187208190909091e7	100000.	100000.
3.5200000000000005	1.1234320565909093e7	100000.	100000.
3.53	1.1224015019034093e7	100000.	100000.
3.54	1.1241682159659091e7	100000.	100000.
3.5500000000000003	1.1234320565909093e7	100000.	100000.
3.56	1.1277018722159091e7	100000.	100000.
3.5700000000000007	1.126965712840909e7	100000.	100000.
3.5799999999999996	1.131235528465909e7	100000.	100000.
3.5900000000000003	1.1297630956534093e7	100000.	100000.
3.6	1.1327076190909091e7	100000.	100000.
3.6100000000000003	1.132118828465909e7	100000.	100000.
3.6200000000000006	1.1357996253409091e7	100000.	100000.
3.6300000000000003	1.1349162112784093e7	100000.	100000.
3.64	1.1372718300284091e7	100000.	100000.
3.65	1.1360940206534091e7	100000.	100000.
3.6600000000000006	1.1400693269034091e7	100000.	100000.
3.6700000000000004	1.138744262840909e7	100000.	100000.
3.68	1.1405110909659093e7	100000.	100000.
3.690000000000001	1.1393331675284091e7	100000.	100000.
3.7	1.1428665956534093e7	100000.	100000.
3.709999999999999	1.1419830675284093e7	100000.	100000.
3.7200000000000006	1.144044405028409e7	100000.	100000.
3.7300000000000004	1.1424248315909093e7	100000.	100000.
3.74	1.146400137840909e7	100000.	100000.
3.75	1.143455614403409e7	100000.	100000.
3.7600000000000016	1.146989042528409e7	100000.	100000.
3.7700000000000005	1.1444860550284091e7	100000.	100000.
3.7799999999999994	1.147725315965909e7	100000.	100000.
3.79	1.145074959715909e7	100000.	100000.
3.8000000000000007	1.1483142206534091e7	100000.	100000.
3.8100000000000005	1.1453695831534091e7	100000.	100000.
3.8200000000000003	1.148903011278409e7	100000.	100000.
3.83	1.1469891565909093e7	100000.	100000.
3.84	1.149197520653409e7	100000.	100000.
3.8499999999999996	1.1472835519034091e7	100000.	100000.
3.8600000000000003	1.149933565965909e7	100000.	100000.
3.870000000000001	1.1471362972159091e7	100000.	100000.
3.88	1.1499339081534093e7	100000.	100000.
3.8900000000000006	1.1484615894034091e7	100000.	100000.
3.9000000000000004	1.1509643487784091e7	100000.	100000.
3.91	1.1474306925284091e7	100000.	100000.
3.92	1.1489031253409093e7	100000.	100000.
3.9300000000000006	1.1486087300284091e7	100000.	100000.
3.9400000000000013	1.1505225847159091e7	100000.	100000.
3.95	1.1486087300284091e7	100000.	100000.
3.959999999999999	1.150522584715909e7	100000.	100000.
3.9700000000000006	1.1496393987784091e7	100000.	100000.
3.9800000000000004	1.1508172081534091e7	100000.	100000.
3.99	1.1472835519034093e7	100000.	100000.
4.	1.150228189403409e7	100000.	100000.
4.010000000000002	1.1487559847159091e7	100000.	100000.
4.0200000000000005	1.1502281894034093e7	100000.	100000.
4.029999999999999	1.1472836659659091e7	100000.	100000.
4.04	1.150817094090909e7	100000.	100000.
4.050000000000001	1.1480198253409093e7	100000.	100000.
4.0600000000000005	1.1505225847159091e7	100000.	100000.
4.07	1.1487558706534091e7	100000.	100000.
4.08	1.1486087300284091e7	100000.	100000.
4.09	1.1480198253409093e7	100000.	100000.
4.1	1.150964348778409e7	100000.	100000.
4.11	1.147430806590909e7	100000.	100000.
4.120000000000001	1.1493448894034091e7	100000.	100000.
4.13	1.1468419019034091e7	100000.	100000.
4.140000000000001	1.1493446612784093e7	100000.	100000.
4.15	1.1478725706534091e7	100000.	100000.
4.16	1.1499337940909091e7	100000.	100000.
4.17	1.1462528831534091e7	100000.	100000.
4.180000000000001	1.1494920300284091e7	100000.	100000.
4.190000000000001	1.1462529972159091e7	100000.	100000.
4.2	1.149050380028409e7	100000.	100000.
4.209999999999999	1.146400365965909e7	100000.	100000.
4.220000000000001	1.1484613612784091e7	100000.	100000.
4.23	1.1459586019034091e7	100000.	100000.
4.24	1.1474306925284091e7	100000.	100000.
4.25	1.1468419019034091e7	100000.	100000.
4.260000000000002	1.147577947215909e7	100000.	100000.
4.2700000000000005	1.145516837840909e7	100000.	100000.
4.279999999999999	1.145958373778409e7	100000.	100000.
4.29	1.1437500097159091e7	100000.	100000.
4.300000000000001	1.1462529972159093e7	100000.	100000.
4.3100000000000005	1.1438972644034093e7	100000.	100000.
4.32	1.144780792528409e7	100000.	100000.
4.33	1.1430138503409091e7	100000.	100000.
4.34	1.1447805644034091e7	100000.	100000.
4.35	1.1433082456534091e7	100000.	100000.
4.36	1.1444861690909093e7	100000.	100000.
4.370000000000001	1.141688900340909e7	100000.	100000.
4.38	1.1425722003409091e7	100000.	100000.
4.390000000000001	1.1413943909659091e7	100000.	100000.
4.4	1.1421303222159091e7	100000.	100000.
4.41	1.1403638362784091e7	100000.	100000.
4.42	1.1409525128409091e7	100000.	100000.
4.430000000000001	1.139332939403409e7	100000.	100000.
4.440000000000001	1.1415414175284091e7	100000.	100000.
4.45	1.1385968940909091e7	100000.	100000.
4.459999999999999	1.139922072215909e7	100000.	100000.
4.470000000000001	1.1369773206534093e7	100000.	100000.
4.48	1.1375662253409091e7	100000.	100000.
4.49	1.1357996253409091e7	100000.	100000.
4.5	1.1366830394034091e7	100000.	100000.
4.510000000000002	1.1352107206534091e7	100000.	100000.
4.5200000000000005	1.1371248034659091e7	100000.	100000.
4.529999999999999	1.1344745612784091e7	100000.	100000.
4.54	1.1350633519034093e7	100000.	100000.
4.550000000000001	1.133443778465909e7	100000.	100000.
4.5600000000000005	1.133149497215909e7	100000.	100000.
4.57	1.1322661972159093e7	100000.	100000.
4.58	1.131677064403409e7	100000.	100000.
4.59	1.1312353003409093e7	100000.	100000.
4.6	1.131235528465909e7	100000.	100000.
4.61	1.1303521144034091e7	100000.	100000.
4.620000000000001	1.129763095653409e7	100000.	100000.
4.63	1.1275545034659093e7	100000.	100000.
4.640000000000001	1.1260822987784091e7	100000.	100000.
4.65	1.1257879034659091e7	100000.	100000.
4.66	1.1265240628409091e7	100000.	100000.
4.67	1.1235793112784093e7	100000.	100000.
4.680000000000001	1.1229904065909093e7	100000.	100000.
4.690000000000001	1.1221071065909091e7	100000.	100000.
4.7	1.1219598519034091e7	100000.	100000.
4.709999999999999	1.1197513737784091e7	100000.	100000.
4.720000000000001	1.1193096097159091e7	100000.	100000.
4.73	1.115334303465909e7	100000.	100000.
4.74	1.1148927675284091e7	100000.	100000.
4.75	1.112095498778409e7	100000.	100000.
4.760000000000002	1.112389894090909e7	100000.	100000.
4.7700000000000005	1.1088562378409091e7	100000.	100000.
4.779999999999999	1.1069422690909091e7	100000.	100000.
4.79	1.1038504909659091e7	100000.	100000.
4.800000000000001	1.103997745653409e7	100000.	100000.
4.8100000000000005	1.1001698081534091e7	100000.	100000.
4.82	1.0992862800284091e7	100000.	100000.
4.83	1.0939857956534093e7	100000.	100000.
4.84	1.0942803050284091e7	100000.	100000.
4.85	1.0895690675284093e7	100000.	100000.
4.86	1.088980162840909e7	100000.	100000.
4.870000000000001	1.083090773778409e7	100000.	100000.
4.88	1.0813241737784091e7	100000.	100000.
4.890000000000001	1.0752876440909091e7	100000.	100000.
4.9	1.0719011284659091e7	100000.	100000.
4.91	1.066011967528409e7	100000.	100000.
4.92	1.0613005019034091e7	100000.	100000.
4.930000000000001	1.0539391362784091e7	100000.	100000.
4.940000000000001	1.0490805300284091e7	100000.	100000.
4.95	1.0412771722159091e7	100000.	100000.
4.959999999999999	1.0364184519034091e7	100000.	100000.
4.970000000000001	1.0287624628409091e7	100000.	100000.
4.98	1.0221371425284091e7	100000.	100000.
4.99	1.0158061034659091e7	100000.	100000.
5.	1.0106532159659091e7	100000.	100000.
5.010000000000002	1.0018191894034091e7	100000.	100000.
5.0200000000000005	9.972550925284093e6	100000.	100000.
5.029999999999999	9.848875237784093e6	100000.	100000.
5.04	9.829736690909091e6	100000.	100000.
5.050000000000001	9.74139870653409e6	100000.	100000.
5.0600000000000005	9.66189258153409e6	100000.	100000.
5.07	9.597111925284091e6	100000.	100000.
5.08	9.541164269034093e6	100000.	100000.
5.09	9.467549472159091e6	100000.	100000.
5.1	9.408655581534091e6	100000.	100000.
5.11	9.31001205028409e6	100000.	100000.
5.120000000000001	9.261423706534091e6	100000.	100000.
5.13	9.161308769034093e6	100000.	100000.
5.140000000000001	9.10683137840909e6	100000.	100000.
5.15	9.01554830028409e6	100000.	100000.
5.16	8.997881159659093e6	100000.	100000.
5.17	8.884513300284093e6	100000.	100000.
5.180000000000001	8.840344878409091e6	100000.	100000.
5.190000000000001	8.747586972159093e6	100000.	100000.
5.2	8.694586690909093e6	100000.	100000.
5.209999999999999	8.581216550284091e6	100000.	100000.
5.220000000000001	8.52968653465909e6	100000.	100000.
5.23	8.44134626903409e6	100000.	100000.
5.24	8.404540581534091e6	100000.	100000.
5.25	8.304423362784092e6	100000.	100000.
5.260000000000002	8.263198894034092e6	100000.	100000.
5.2700000000000005	8.17044212840909e6	100000.	100000.
5.279999999999999	8.115968159659091e6	100000.	100000.
5.29	8.02615534715909e6	100000.	100000.
5.300000000000001	7.958430737784091e6	100000.	100000.
5.3100000000000005	7.884814800284091e6	100000.	100000.
5.32	7.811197722159091e6	100000.	100000.
5.33	7.744943378409091e6	100000.	100000.
5.34	7.696358456534091e6	100000.	100000.
5.35	7.60065773778409e6	100000.	100000.
5.36	7.55796072215909e6	100000.	100000.
5.370000000000001	7.484345925284091e6	100000.	100000.
5.38	7.415147628409091e6	100000.	100000.
5.390000000000001	7.343003097159091e6	100000.	100000.
5.4	7.276748753409092e6	100000.	100000.
5.41	7.195773503409092e6	100000.	100000.
5.42	7.13099170653409e6	100000.	100000.
5.430000000000001	7.0603197221590895e6	100000.	100000.
5.440000000000001	7.0087885659090895e6	100000.	100000.
5.45	6.932228675284091e6	100000.	100000.
5.459999999999999	6.86892056590909e6	100000.	100000.
5.470000000000001	6.795303487784091e6	100000.	100000.
5.48	6.71874359715909e6	100000.	100000.
5.49	6.66279594090909e6	100000.	100000.
5.5	6.60095809715909e6	100000.	100000.
5.510000000000002	6.540595081534091e6	100000.	100000.
5.5200000000000005	6.46697914403409e6	100000.	100000.
5.529999999999999	6.383056519034091e6	100000.	100000.
5.54	6.319748409659091e6	100000.	100000.
5.550000000000001	6.26527215965909e6	100000.	100000.
5.5600000000000005	6.20343545653409e6	100000.	100000.
5.57	6.1268732846590895e6	100000.	100000.
5.58	6.03706389403409e6	100000.	100000.
5.59	5.99436687840909e6	100000.	100000.
5.6	5.94283572215909e6	100000.	100000.
5.61	5.86774723778409e6	100000.	100000.
5.620000000000001	5.79854894090909e6	100000.	100000.
5.63	5.72640555028409e6	100000.	100000.
5.640000000000001	5.664569987784091e6	100000.	100000.
5.65	5.61156628465909e6	100000.	100000.
5.66	5.555618628409091e6	100000.	100000.
5.67	5.47022345653409e6	100000.	100000.
5.680000000000001	5.41427580028409e6	100000.	100000.
5.690000000000001	5.32004762840909e6	100000.	100000.
5.7	5.289130987784091e6	100000.	100000.
5.709999999999999	5.20962486278409e6	100000.	100000.
5.720000000000001	5.174290581534091e6	100000.	100000.
5.73	5.09920095653409e6	100000.	100000.
5.74	5.0403093471590895e6	100000.	100000.
5.75	4.974056144034091e6	100000.	100000.
5.760000000000002	4.91663365965909e6	100000.	100000.
5.7700000000000005	4.86804759715909e6	100000.	100000.
5.779999999999999	4.80915712840909e6	100000.	100000.
5.79	4.692843034659091e6	100000.	100000.
5.800000000000001	4.66487034715909e6	100000.	100000.
5.8100000000000005	4.598614862784091e6	100000.	100000.
5.82	4.54266834715909e6	100000.	100000.
5.83	4.4558017690340895e6	100000.	100000.
5.840000000000001	4.438133487784091e6	100000.	100000.
5.85	4.36010105028409e6	100000.	100000.
5.86	4.31593148778409e6	100000.	100000.
5.870000000000001	4.22023190965909e6	100000.	100000.
5.88	4.1819525346590905e6	100000.	100000.
5.890000000000001	4.137781831534091e6	100000.	100000.
5.9	4.1009761440340895e6	100000.	100000.
5.91	4.00822051903409e6	100000.	100000.
5.92	3.9566870815340905e6	100000.	100000.
5.930000000000001	3.8889613315340905e6	100000.	100000.
5.940000000000001	3.8609863627840914e6	100000.	100000.
5.95	3.7976782534090914e6	100000.	100000.
5.959999999999999	3.76528792528409e6	100000.	100000.
5.970000000000001	3.681366440909091e6	100000.	100000.
5.98	3.657810253409091e6	100000.	100000.
5.99	3.5783041284090905e6	100000.	100000.
6.	3.5414973002840905e6	100000.	100000.
6.010000000000002	3.4884935971590914e6	100000.	100000.
6.0200000000000005	3.4310733940340914e6	100000.	100000.
6.029999999999999	3.3839587377840905e6	100000.	100000.
6.04	3.3486244565340905e6	100000.	100000.
6.050000000000001	3.2750085190340905e6	100000.	100000.
6.0600000000000005	3.242617050284091e6	100000.	100000.
6.07	3.188140800284091e6	100000.	100000.
6.08	3.1631132065340914e6	100000.	100000.
6.090000000000001	3.0983325502840914e6	100000.	100000.
6.1	3.0468013940340914e6	100000.	100000.
6.109999999999999	2.9996855971590905e6	100000.	100000.
6.120000000000001	2.9614073627840905e6	100000.	100000.
6.13	2.912820159659091e6	100000.	100000.
6.140000000000001	2.8715945502840914e6	100000.	100000.
6.15	2.824482175284091e6	100000.	100000.
6.16	2.815648034659091e6	100000.	100000.
6.17	2.7346716440340905e6	100000.	100000.
6.1800000000000015	2.7052241284090905e6	100000.	100000.
6.190000000000001	2.6463313784090914e6	100000.	100000.
6.2	2.636025831534091e6	100000.	100000.
6.209999999999999	2.541797659659091e6	100000.	100000.
6.220000000000001	2.5403251127840905e6	100000.	100000.
6.23	2.491740190909091e6	100000.	100000.
6.24	2.4696542690340914e6	100000.	100000.
6.25	2.403399925284091e6	100000.	100000.
6.260000000000002	2.382787690909091e6	100000.	100000.
6.2700000000000005	2.3268400346590905e6	100000.	100000.
6.279999999999999	2.3032849877840905e6	100000.	100000.
6.290000000000001	2.2370283627840914e6	100000.	100000.
6.300000000000001	2.2178886752840914e6	100000.	100000.
6.3100000000000005	2.170775159659091e6	100000.	100000.
6.32	2.156053112784091e6	100000.	100000.
6.33	2.088326222159091e6	100000.	100000.
6.340000000000001	2.0721304877840914e6	100000.	100000.
6.35	2.0382676127840914e6	100000.	100000.
6.359999999999999	1.998513409659091e6	100000.	100000.
6.370000000000001	1.9543461284090912e6	100000.	100000.
6.38	1.9381503940340907e6	100000.	100000.
6.390000000000001	1.9028138315340905e6	100000.	100000.
6.4	1.8880906440340905e6	100000.	100000.
6.41	1.8218374409090912e6	100000.	100000.
6.42	1.785029472159091e6	100000.	100000.
6.4300000000000015	1.761472144034091e6	100000.	100000.
6.440000000000001	1.7349697221590907e6	100000.	100000.
6.45	1.690801300284091e6	100000.	100000.
6.459999999999999	1.670190206534091e6	100000.	100000.
6.470000000000001	1.624548097159091e6	100000.	100000.
6.48	1.606879815909091e6	100000.	100000.
6.49	1.5686004409090907e6	100000.	100000.
6.5	1.564181659659091e6	100000.	100000.
6.510000000000002	1.5052911909090912e6	100000.	100000.
6.5200000000000005	1.475842534659091e6	100000.	100000.
6.529999999999999	1.4640644409090907e6	100000.	100000.
6.540000000000001	1.434618065909091e6	100000.	100000.
6.550000000000001	1.396338690909091e6	100000.	100000.
6.5600000000000005	1.388978237784091e6	100000.	100000.
6.57	1.346280081534091e6	100000.	100000.
6.58	1.325670128409091e6	100000.	100000.
6.590000000000001	1.277082925284091e6	100000.	100000.
6.6	1.2770817846590907e6	100000.	100000.
6.609999999999999	1.2461640034090912e6	100000.	100000.
6.620000000000001	1.2358584565340912e6	100000.	100000.
6.63	1.193161440909091e6	100000.	100000.
6.640000000000001	1.175493159659091e6	100000.	100000.
6.65	1.1460467846590912e6	100000.	100000.
6.66	1.1475181909090907e6	100000.	100000.
6.67	1.109239956534091e6	100000.	100000.
6.6800000000000015	1.093044222159091e6	100000.	100000.
6.690000000000001	1.0635967065340907e6	100000.	100000.
6.7	1.063596706534091e6	100000.	100000.
6.709999999999999	1.0150106440340909e6	100000.	100000.
6.720000000000001	1.0076513315340912e6	100000.	100000.
6.73	972313.6284090909	100000.	100000.
6.74	956119.034659091	100000.	100000.
6.75	941395.8471590909	100000.	100000.
6.760000000000002	904587.878409091	100000.	100000.
6.7700000000000005	900170.2377840912	100000.	100000.
6.779999999999999	883974.5034090909	100000.	100000.
6.790000000000001	839806.0815340909	100000.	100000.
6.800000000000001	841277.4877840909	100000.	100000.
6.8100000000000005	825081.7534090909	100000.	100000.
6.82	807415.7534090909	100000.	100000.
6.83	780914.4721590908	100000.	100000.
6.840000000000001	780913.3315340909	100000.	100000.
6.85	735270.0815340908	100000.	100000.
6.859999999999999	719076.6284090909	100000.	100000.
6.870000000000001	702882.0346590909	100000.	100000.
6.88	702879.7534090908	100000.	100000.
6.890000000000001	677852.1596590909	100000.	100000.
6.9	667546.612784091	100000.	100000.
6.91	641045.3315340909	100000.	100000.
6.92	629266.097159091	100000.	100000.
6.9300000000000015	611597.815909091	100000.	100000.
6.940000000000001	599818.5815340909	100000.	100000.
6.95	554177.6127840908	100000.	100000.
6.959999999999999	557120.425284091	100000.	100000.
6.970000000000001	549761.1127840909	100000.	100000.
6.98	545343.4721590909	100000.	100000.
6.99	526203.784659091	100000.	100000.
7.	523258.6909090909	100000.	100000.
7.010000000000002	505591.550284091	100000.	100000.
7.0200000000000005	493813.4565340909	100000.	100000.
7.029999999999999	474672.628409091	100000.	100000.
7.040000000000001	474673.7690340909	100000.	100000.
7.050000000000001	445226.2534090909	100000.	100000.
7.0600000000000005	443755.9877840909	100000.	100000.
7.07	414308.4721590909	100000.	100000.
7.08	431976.7534090909	100000.	100000.
7.090000000000001	396641.3315340909	100000.	100000.
7.1	398113.8784090909	100000.	100000.
7.109999999999999	383389.5502840909	100000.	100000.
7.120000000000001	383389.5502840909	100000.	100000.
7.13	361305.9096590909	100000.	100000.
7.140000000000001	362776.1752840909	100000.	100000.
7.15	336274.8940340909	100000.	100000.
7.16	349526.6752840909	100000.	100000.
7.17	317136.3471590909	100000.	100000.
7.1800000000000015	323024.2534090909	100000.	100000.
7.190000000000001	297996.6596590909	100000.	100000.
7.2	300938.3315340909	100000.	100000.
7.209999999999999	268550.2846590909	100000.	100000.
7.220000000000001	271493.0971590909	100000.	100000.
7.23	244991.81590909095	100000.	100000.
7.24	247936.90965909092	100000.	100000.
7.25	206712.44090909092	100000.	100000.
7.260000000000002	218490.53465909092	100000.	100000.
7.2700000000000005	175794.65965909095	100000.	100000.
7.279999999999999	197880.58153409092	100000.	100000.
7.290000000000001	147819.69090909095	100000.	100000.
7.300000000000001	162542.8784090909	100000.	100000.
7.3100000000000005	131623.95653409092	100000.	100000.
7.32	128680.00340909092	100000.	100000.
7.33	119844.72215909092	100000.	100000.
7.340000000000001	121317.26903409092	100000.	100000.
7.35	119845.86278409092	100000.	100000.
7.359999999999999	100000.	100000.	100000.
7.370000000000001	100000.	100000.	100000.
7.38	100000.	100000.	100000.
7.390000000000001	100000.	100000.	100000.
7.4	100000.	100000.	100000.
7.41	100000.	100000.	100000.
7.42	100000.	100000.	100000.
7.4300000000000015	100000.	100000.	100000.
7.440000000000001	100000.	100000.	100000.
7.45	100000.	100000.	100000.
7.459999999999999	100000.	100000.	100000.
7.470000000000001	100000.	100000.	100000.
7.48	100000.	100000.	100000.
7.49	100000.	100000.	100000.
7.5	100000.	100000.	100000.
7.510000000000002	100000.	100000.	100000.
7.5200000000000005	100000.	100000.	100000.
7.529999999999999	100000.	100000.	100000.
7.540000000000001	100000.	100000.	100000.
7.550000000000001	100000.	100000.	100000.
7.5600000000000005	100000.	100000.	100000.
7.57	100000.	100000.	100000.
7.58	100000.	100000.	100000.
7.590000000000001	100000.	100000.	100000.
7.6	100000.	100000.	100000.
7.609999999999999	100000.	100000.	100000.
7.620000000000001	100000.	100000.	100000.
7.630000000000001	100000.	100000.	100000.
7.640000000000001	100000.	100000.	100000.
7.65	100000.	100000.	100000.
7.66	100000.	100000.	100000.
7.67	100000.	100000.	100000.
7.6800000000000015	100000.	100000.	100000.
7.690000000000001	100000.	100000.	100000.
7.7	100000.	100000.	100000.
7.71	100000.	100000.	100000.
7.719999999999998	100000.	100000.	100000.
7.7299999999999995	100000.	100000.	100000.
7.740000000000001	100000.	100000.	100000.
7.749999999999999	100000.	100000.	100000.
7.760000000000001	100000.	100000.	100000.
7.7700000000000005	100000.	100000.	100000.
7.78	100000.	100000.	100000.
7.790000000000002	100000.	100000.	100000.
7.8	100000.	100000.	100000.
7.81	100000.	100000.	100000.
7.820000000000003	100000.	100000.	100000.
7.830000000000001	100000.	100000.	100000.
7.840000000000001	100000.	100000.	100000.
7.8500000000000005	100000.	100000.	100000.
7.8599999999999985	100000.	100000.	100000.
7.87	100000.	100000.	100000.
7.88	100000.	100000.	100000.
7.89	100000.	100000.	100000.
7.900000000000001	100000.	100000.	100000.
7.910000000000001	100000.	100000.	100000.
7.920000000000001	100000.	100000.	100000.
7.930000000000002	100000.	100000.	100000.
7.94	100000.	100000.	100000.
7.95	100000.	100000.	100000.
7.96	100000.	100000.	100000.
7.969999999999998	100000.	100000.	100000.
7.9799999999999995	100000.	100000.	100000.
7.990000000000001	100000.	100000.	100000.
7.999999999999999	100000.	100000.	100000.
8.01	100000.	100000.	100000.
8.02	100000.	100000.	100000.
8.03	100000.	100000.	100000.
8.040000000000001	100000.	100000.	100000.
8.049999999999999	100000.	100000.	100000.
8.059999999999999	100000.	100000.	100000.
8.070000000000002	100000.	100000.	100000.
8.08	100000.	100000.	100000.
8.09	100000.	100000.	100000.
8.1	100000.	100000.	100000.
8.109999999999998	100000.	100000.	100000.
8.12	100000.	100000.	100000.
8.129999999999999	100000.	100000.	100000.
8.139999999999999	100000.	100000.	100000.
8.15	100000.	100000.	100000.
8.16	100000.	100000.	100000.
8.17	100000.	100000.	100000.
8.180000000000001	100000.	100000.	100000.
8.19	100000.	100000.	100000.
8.2	100000.	100000.	100000.
8.209999999999999	100000.	100000.	100000.
8.219999999999997	100000.	100000.	100000.
8.229999999999999	100000.	100000.	100000.
8.24	100000.	100000.	100000.
8.249999999999998	100000.	100000.	100000.
8.26	100000.	100000.	100000.
8.27	100000.	100000.	100000.
8.28	100000.	100000.	100000.
8.290000000000001	100000.	100000.	100000.
8.299999999999999	100000.	100000.	100000.
8.309999999999999	100000.	100000.	100000.
8.320000000000002	100000.	100000.	100000.
8.33	100000.	100000.	100000.
8.34	100000.	100000.	100000.
8.35	100000.	100000.	100000.
8.359999999999998	100000.	100000.	100000.
8.37	100000.	100000.	100000.
8.379999999999999	100000.	100000.	100000.
8.389999999999999	100000.	100000.	100000.
8.4	100000.	100000.	100000.
8.41	100000.	100000.	100000.
8.42	100000.	100000.	100000.
8.430000000000001	100000.	100000.	100000.
8.44	100000.	100000.	100000.
8.45	100000.	100000.	100000.
8.459999999999999	100000.	100000.	100000.
8.469999999999997	100000.	100000.	100000.
8.479999999999999	100000.	100000.	100000.
8.49	100000.	100000.	100000.
8.499999999999998	100000.	100000.	100000.
8.51	100000.	100000.	100000.
8.52	100000.	100000.	100000.
8.53	100000.	100000.	100000.
8.540000000000001	100000.	100000.	100000.
8.549999999999999	100000.	100000.	100000.
8.559999999999999	100000.	100000.	100000.
8.570000000000002	100000.	100000.	100000.
8.58	100000.	100000.	100000.
8.59	100000.	100000.	100000.
8.6	100000.	100000.	100000.
8.609999999999998	100000.	100000.	100000.
8.62	100000.	100000.	100000.
8.629999999999999	100000.	100000.	100000.
8.639999999999999	100000.	100000.	100000.
8.65	100000.	100000.	100000.
8.66	100000.	100000.	100000.
8.67	100000.	100000.	100000.
8.680000000000001	100000.	100000.	100000.
8.69	100000.	100000.	100000.
8.7	100000.	100000.	100000.
8.709999999999999	100000.	100000.	100000.
8.719999999999997	100000.	100000.	100000.
8.729999999999999	100000.	100000.	100000.
8.74	100000.	100000.	100000.
8.749999999999998	100000.	100000.	100000.
8.76	100000.	100000.	100000.
8.77	100000.	100000.	100000.
8.78	100000.	100000.	100000.
8.790000000000001	100000.	100000.	100000.
8.799999999999999	100000.	100000.	100000.
8.809999999999999	100000.	100000.	100000.
8.820000000000002	100000.	100000.	100000.
8.83	100000.	100000.	100000.
8.84	100000.	100000.	100000.
8.85	100000.	100000.	100000.
8.859999999999998	100000.	100000.	100000.
8.87	100000.	100000.	100000.
8.879999999999999	100000.	100000.	100000.
8.889999999999999	100000.	100000.	100000.
8.9	100000.	100000.	100000.
8.91	100000.	100000.	100000.
8.92	100000.	100000.	100000.
8.930000000000001	100000.	100000.	100000.
8.94	100000.	100000.	100000.
8.95	100000.	100000.	100000.
8.959999999999999	100000.	100000.	100000.
8.969999999999997	100000.	100000.	100000.
8.979999999999999	100000.	100000.	100000.
8.99	100000.	100000.	100000.
8.999999999999998	100000.	100000.	100000.
9.01	100000.	100000.	100000.
9.02	100000.	100000.	100000.
9.03	100000.	100000.	100000.
9.040000000000001	100000.	100000.	100000.
9.049999999999999	100000.	100000.	100000.
9.059999999999999	100000.	100000.	100000.
9.070000000000002	100000.	100000.	100000.
9.08	100000.	100000.	100000.
9.09	100000.	100000.	100000.
9.1	100000.	100000.	100000.
9.109999999999998	100000.	100000.	100000.
9.12	100000.	100000.	100000.
9.129999999999999	100000.	100000.	100000.
9.139999999999999	100000.	100000.	100000.
9.15	100000.	100000.	100000.
9.16	100000.	100000.	100000.
9.17	100000.	100000.	100000.
9.180000000000001	100000.	100000.	100000.
9.19	100000.	100000.	100000.
9.2	100000.	100000.	100000.
9.209999999999999	100000.	100000.	100000.
9.219999999999997	100000.	100000.	100000.
9.229999999999999	100000.	100000.	100000.
9.24	100000.	100000.	100000.
9.249999999999998	100000.	100000.	100000.
9.26	100000.	100000.	100000.
9.27	100000.	100000.	100000.
9.28	100000.	100000.	100000.
9.290000000000001	100000.	100000.	100000.
9.299999999999999	100000.	100000.	100000.
9.309999999999999	100000.	100000.	100000.
9.320000000000002	100000.	100000.	100000.
9.33	100000.	100000.	100000.
9.34	100000.	100000.	100000.
9.35	100000.	100000.	100000.
9.359999999999998	100000.	100000.	100000.
9.37	100000.	100000.	100000.
9.379999999999999	100000.	100000.	100000.
9.389999999999999	100000.	100000.	100000.
9.4	100000.	100000.	100000.
9.41	100000.	100000.	100000.
9.42	100000.	100000.	100000.
9.430000000000001	100000.	100000.	100000.
9.44	100000.	100000.	100000.
9.45	100000.	100000.	100000.
9.459999999999999	100000.	100000.	100000.
9.469999999999997	100000.	100000.	100000.
9.479999999999999	100000.	100000.	100000.
9.49	100000.	100000.	100000.
9.499999999999998	100000.	100000.	100000.
9.51	100000.	100000.	100000.
9.52	100000.	100000.	100000.
9.53	100000.	100000.	100000.
9.540000000000001	100000.	100000.	100000.
9.549999999999999	100000.	100000.	100000.
9.559999999999999	100000.	100000.	100000.
9.570000000000002	100000.	100000.	100000.
9.58	100000.	100000.	100000.
9.59	100000.	100000.	100000.
9.6	100000.	100000.	100000.
9.609999999999998	100000.	100000.	100000.
9.62	100000.	100000.	100000.
9.629999999999999	100000.	100000.	100000.
9.639999999999999	100000.	100000.	100000.
9.65	100000.	100000.	100000.
9.66	100000.	100000.	100000.
9.67	100000.	100000.	100000.
9.680000000000001	100000.	100000.	100000.
9.69	100000.	100000.	100000.
9.7	100000.	100000.	100000.
9.709999999999999	100000.	100000.	100000.
9.719999999999997	100000.	100000.	100000.
9.729999999999999	100000.	100000.	100000.
9.74	100000.	100000.	100000.
9.749999999999998	100000.	100000.	100000.
9.76	100000.	100000.	100000.
9.77	100000.	100000.	100000.
9.78	100000.	100000.	100000.
9.790000000000001	100000.	100000.	100000.
9.799999999999999	100000.	100000.	100000.
9.809999999999999	100000.	100000.	100000.
9.820000000000002	100000.	100000.	100000.
9.83	100000.	100000.	100000.
9.84	100000.	100000.	100000.
9.85	100000.	100000.	100000.
9.859999999999998	100000.	100000.	100000.
9.87	100000.	100000.	100000.
9.879999999999999	100000.	100000.	100000.
9.889999999999999	100000.	100000.	100000.
9.9	100000.	100000.	100000.
9.91	100000.	100000.	100000.
9.92	100000.	100000.	100000.
9.930000000000001	100000.	100000.	100000.
9.94	100000.	100000.	100000.
9.95	100000.	100000.	100000.
9.959999999999999	100000.	100000.	100000.
9.969999999999997	100000.	100000.	100000.
9.979999999999999	100000.	100000.	100000.
9.99	100000.	100000.	100000.
9.999999999999998	100000.	100000.	100000.
10.01	100000.	100000.	100000.
10.02	100000.	100000.	100000.
10.03	100000.	100000.	100000.
10.040000000000001	100000.	100000.	100000.
10.049999999999999	100000.	100000.	100000.
10.059999999999999	100000.	100000.	100000.
10.070000000000002	100000.	100000.	100000.
10.08	100000.	100000.	100000.
10.09	100000.	100000.	100000.
10.1	100000.	100000.	100000.
10.109999999999998	100000.	100000.	100000.
10.12	100000.	100000.	100000.
10.129999999999999	100000.	100000.	100000.
10.139999999999999	100000.	100000.	100000.
10.15	100000.	100000.	100000.
10.16	100000.	100000.	100000.
10.17	100000.	100000.	100000.
10.180000000000001	100000.	100000.	100000.
10.19	100000.	100000.	100000.
10.2	100000.	100000.	100000.
10.209999999999999	100000.	100000.	100000.
10.219999999999997	100000.	100000.	100000.
10.229999999999999	100000.	100000.	100000.
10.24	100000.	100000.	100000.
10.249999999999998	100000.	100000.	100000.
10.26	100000.	100000.	100000.
10.27	100000.	100000.	100000.
10.28	100000.	100000.	100000.
10.290000000000001	100000.	100000.	100000.
10.299999999999999	100000.	100000.	100000.
10.309999999999999	100000.	100000.	100000.
10.320000000000002	100000.	100000.	100000.
10.33	100000.	100000.	100000.
10.34	100000.	100000.	100000.
10.35	100000.	100000.	100000.
10.359999999999998	100000.	100000.	100000.
10.37	100000.	100000.	100000.
10.379999999999999	100000.	100000.	100000.
10.389999999999999	100000.	100000.	100000.
10.4	100000.	100000.	100000.
10.41	100000.	100000.	100000.
10.42	100000.	100000.	100000.
10.430000000000001	100000.	100000.	100000.
10.44	100000.	100000.	100000.
10.45	100000.	100000.	100000.
10.459999999999999	100000.	100000.	100000.
10.469999999999997	100000.	100000.	100000.
10.479999999999999	100000.	100000.	100000.
10.49	100000.	100000.	100000.
10.499999999999998	100000.	100000.	100000.
10.51	100000.	100000.	100000.
10.52	100000.	100000.	100000.
10.53	100000.	100000.	100000.
10.540000000000001	100000.	100000.	100000.
10.549999999999999	100000.	100000.	100000.
10.559999999999999	100000.	100000.	100000.
10.570000000000002	100000.	100000.	100000.
10.58	100000.	100000.	100000.
10.59	100000.	100000.	100000.
10.6	100000.	100000.	100000.
10.609999999999998	100000.	100000.	100000.
10.62	100000.	100000.	100000.
10.629999999999999	100000.	100000.	100000.
10.639999999999999	100000.	100000.	100000.
10.65	100000.	100000.	100000.
10.66	100000.	100000.	100000.
10.67	100000.	100000.	100000.
10.680000000000001	100000.	100000.	100000.
10.69	100000.	100000.	100000.
10.7	100000.	100000.	100000.