0.	100000.	100000.	100000.
0.010000000000000009	227164.759659091	100000.	100000.
0.020000000000000018	777808.3221590911	100000.	100000.
0.030000000000000027	1.416791009659091e6	100000.	100000.
0.040000000000000036	2.205950665909091e6	100000.	100000.
0.050000000000000044	3.594339947159091e6	100000.	100000.
0.05999999999999994	4.53956447840909e6	100000.	100000.
0.07000000000000006	6.06340411903409e6	100000.	100000.
0.07999999999999996	7.618164962784089e6	100000.	100000.
0.09000000000000008	9.69854177528409e6	100000.	100000.
0.09999999999999998	1.191878544715909e7	385289.665625	100000.
0.1100000000000001	1.378714858778409e7	1.52780468125e6	100000.
0.12	1.5559811009659085e7	2.7836852750000004e6	103623.9355113637
0.13	1.6562454603409091e7	3.6405695406250004e6	105096.4823863637
0.14	1.760632380653409e7	4.731552259374999e6	138959.3573863637
0.15000000000000002	1.804065555653409e7	5.525127275e6	168406.8730113637
0.16000000000000003	1.837045130653409e7	5.977128446874999e6	169878.27926136367
0.17000000000000004	1.842934519715909e7	6.361399306249999e6	180183.82613636367
0.18	1.8511795275284085e7	6.6985612125e6	203741.1542613637
0.19000000000000006	1.847057080653409e7	6.90468355625e6	181657.51363636364
0.2	1.846909711903409e7	7.0916673531249985e6	212575.29488636367
0.2099999999999999	1.841462086903409e7	7.194728525e6	256744.85738636367
0.22000000000000003	1.839989996278409e7	7.313986571874998e6	321526.65426136367
0.23000000000000015	1.834100607215909e7	7.393491556249999e6	449617.70113636367
0.24000000000000005	1.832186638465909e7	7.437658837499999e6	549733.7792613637
0.24999999999999994	1.823647235340909e7	7.4936087749999985e6	726412.0292613637
0.26000000000000006	1.823794375965909e7	7.534833243750001e6	923700.2323863637
0.2700000000000002	1.817316310340909e7	7.593724853124999e6	1.129823716761364e6
0.27999999999999997	1.818641260340909e7	7.668813337499999e6	1.328587888636364e6
0.29	1.815696850965909e7	7.7748184624999985e6	1.7334721230113634e6
0.3	1.822174802528409e7	7.948552759374999e6	1.9690419823863637e6
0.31	1.8190831384659093e7	8.156145368749999e6	2.549131919886364e6
0.32	1.825119440028409e7	8.32104780625e6	3.1998927011363646e6
0.33	1.821880407215909e7	8.463859759374999e6	4.133339138636364e6
0.34	1.8293892556534093e7	8.596368446874999e6	5.492282044886364e6
0.35000000000000003	1.836898104090909e7	8.759794915624999e6	6.468424357386363e6
0.36000000000000004	1.8616328994034093e7	8.96444699375e6	8.236670279261365e6
0.37000000000000005	1.880478305653409e7	9.316328665625e6	9.816458716761366e6
0.38000000000000006	1.9100718212784093e7	9.740353728124999e6	1.1539062529261366e7
0.39000000000000007	1.942462833778409e7	1.0058373665625e7	1.3485458107386362e7
0.4000000000000001	1.9773564915909093e7	1.0678215525e7	1.4336453326136366e7
0.41	2.0094526525284093e7	1.1386396509374999e7	1.5738094388636364e7
0.4199999999999999	2.050383068153409e7	1.2029797978125002e7	1.6862941123011366e7
0.43	2.076884691590909e7	1.325770474375e7	1.766976563863636e7
0.4400000000000001	2.110306030653409e7	1.3809820853124997e7	1.8308748326136366e7
0.45	2.1398995462784093e7	1.4812465587500002e7	1.882553129488637e7
0.4599999999999999	2.166106774403409e7	1.54411415875e7	1.923777712301136e7
0.47000000000000003	2.1784742290909085e7	1.6119878478125002e7	1.949690316988636e7
0.48000000000000015	2.192608283778409e7	1.6579238962500004e7	1.971627843551136e7
0.49000000000000005	2.1977612853409093e7	1.7109272571875002e7	1.984731457613636e7
0.49999999999999994	2.2064480572159093e7	1.7378704165625e7	1.9948904341761366e7
0.5100000000000002	2.205122993153409e7	1.7642246712500002e7	1.9973933076136366e7
0.5200000000000002	2.2099815994034093e7	1.7851315290625e7	2.001810149801136e7
0.53	2.205417502528409e7	1.8032410040625002e7	2.000485199801137e7
0.54	2.2088037900284093e7	1.81148578375e7	1.9997489263636366e7
0.55	2.2036506744034093e7	1.819730905625e7	1.996215498238636e7
0.56	2.2073313572159093e7	1.8245893978125e7	1.9937126248011366e7
0.5700000000000001	2.199969877528409e7	1.8272395259375002e7	1.9897373185511366e7
0.5800000000000001	2.2035034197159093e7	1.8265033665625002e7	1.9864980576136366e7
0.5900000000000001	2.1967308447159093e7	1.826797761875e7	1.980020106051136e7
0.6000000000000001	2.197761513465909e7	1.8256200665625002e7	1.975014016988637e7
0.6100000000000001	2.1929029072159093e7	1.8262090853125e7	1.969566506051136e7
0.6200000000000001	2.193933575965909e7	1.8226753150000002e7	1.962646790426137e7
0.6300000000000001	2.1876025369034093e7	1.8201725556250002e7	1.956462891988636e7
0.6400000000000001	2.1877497915909093e7	1.8167862681249995e7	1.9504265904261366e7
0.6500000000000001	2.181860516590909e7	1.8141360259375006e7	1.9432122513636366e7
0.6599999999999999	2.1833328353409085e7	1.81016083375e7	1.9333477841761366e7
0.6699999999999999	2.176707286903409e7	1.808246865e7	1.9270167451136366e7
0.6800000000000002	2.1792103884659093e7	1.8036826540625e7	1.918477227926136e7
0.6900000000000002	2.1721431900284093e7	1.8013270353125e7	1.9097906841761366e7
0.7	2.1708180119034093e7	1.79794063375e7	1.9006623763636366e7
0.71	2.166106774403409e7	1.7963210603125e7	1.8927119919886366e7
0.7199999999999998	2.1669900744034093e7	1.794259836875e7	1.882700270113636e7
0.73	2.1606590353409093e7	1.7902846446875e7	1.872541407613636e7
0.74	2.1603648681534093e7	1.7898429946875002e7	1.862824081051136e7
0.75	2.1552117525284093e7	1.78925409e7	1.8529596138636366e7
0.7600000000000002	2.155948025965909e7	1.7864567071875002e7	1.8464814341761366e7
0.77	2.1487335728409093e7	1.7833648150000002e7	1.8357335529261366e7
0.78	2.1485863181534093e7	1.7810089681250002e7	1.8255745763636366e7
0.79	2.143138693153409e7	1.7795366493750002e7	1.8143850451136366e7
0.7999999999999998	2.141371979090909e7	1.7770338900000002e7	1.8065816873011366e7
0.81	2.1365132587784093e7	1.7735004618750002e7	1.7958338060511366e7
0.8200000000000001	2.137838322840909e7	1.7708502196875002e7	1.7874416576136366e7
0.8300000000000001	2.132096302528409e7	1.76923064625e7	1.776104985738636e7
0.8400000000000003	2.1319492759659093e7	1.7668747993750002e7	1.7697740607386366e7
0.8500000000000001	2.126796046278409e7	1.7630468618750002e7	1.7575538607386366e7
0.8599999999999999	2.1276794603409085e7	1.7603966196875002e7	1.7518117263636366e7
0.8699999999999999	2.120906885340909e7	1.7567159368750002e7	1.742389023238636e7
0.8799999999999999	2.1237042681534093e7	1.7548020821875002e7	1.7329662060511366e7
0.8899999999999997	2.1164898150284093e7	1.7500903884375e7	1.7254574716761366e7
0.8999999999999999	2.1181093884659093e7	1.7490599478125e7	1.7169179544886366e7
0.9099999999999999	2.111925718153409e7	1.7449373868750002e7	1.7074952513636366e7
0.9199999999999999	2.1138398009659093e7	1.7433180415625002e7	1.7033728044886366e7
0.9300000000000002	2.1089810806534093e7	1.7397842712500006e7	1.693361082613636e7
0.94	2.109128335340909e7	1.7371342571875002e7	1.685557838863636e7
0.95	2.102797296278409e7	1.7344840150000002e7	1.6774601998011367e7
0.96	2.106036443153409e7	1.7310976134375002e7	1.6711291607386364e7
0.9699999999999998	2.100294422840909e7	1.7266806571875e7	1.6630314076136362e7
0.98	2.1013250915909093e7	1.7246195478125e7	1.6558171826136366e7
0.99	2.096024949403409e7	1.7213804009375e7	1.6483084482386364e7
1.	2.097644294715909e7	1.7172579540625002e7	1.6409468544886366e7
1.0100000000000002	2.092491179090909e7	1.7131356212500002e7	1.6362352748011364e7
1.02	2.0949940525284093e7	1.7106325196875002e7	1.6271070810511366e7
1.03	2.0886631275284093e7	1.7078352509375002e7	1.6206289013636366e7
1.04	2.091755019715909e7	1.70371269e7	1.6126784029261362e7
1.0499999999999998	2.086454649403409e7	1.7000320071875002e7	1.6075254013636364e7
1.06	2.0896939103409093e7	1.6972345103125006e7	1.6010472216761367e7
1.07	2.082332316590909e7	1.6948788915625002e7	1.5954525701136362e7
1.08	2.086160254090909e7	1.690462049375e7	1.5877963529261362e7
1.0900000000000003	2.0783570103409085e7	1.6897257759375002e7	1.5801404779261364e7
1.1	2.082773852528409e7	1.6836893603125002e7	1.5736620701136362e7
1.1099999999999999	2.0770320603409093e7	1.6814807681250002e7	1.5677729091761364e7
1.1199999999999999	2.080859883778409e7	1.6786834993750002e7	1.5615893529261366e7
1.13	2.073792913465909e7	1.6752972118749999e7	1.5551110591761367e7
1.1399999999999997	2.078209983778409e7	1.6711746509375e7	1.5505468482386362e7
1.15	2.0742345634659093e7	1.6686717774999999e7	1.5437742732386364e7
1.16	2.076001277528409e7	1.6636658025000002e7	1.535382124801136e7
1.17	2.070259257215909e7	1.6617519478125e7	1.5297872451136364e7
1.1800000000000002	2.0742345634659093e7	1.6586600556250004e7	1.5250760076136364e7
1.19	2.0686399119034093e7	1.6549791446874999e7	1.5191867326136362e7
1.2	2.072026085340909e7	1.6487954743750002e7	1.5115306294886366e7
1.21	2.0652533962784093e7	1.6474705243750002e7	1.5056414685511367e7
1.2199999999999998	2.070406625965909e7	1.644967536875e7	1.4998993341761364e7
1.23	2.065106255653409e7	1.64172839e7	1.4940102873011364e7
1.24	2.069670352528409e7	1.6389310071875002e7	1.4894460763636364e7
1.25	2.0648117462784093e7	1.6356920884375004e7	1.4828206419886362e7
1.2600000000000002	2.0676091290909093e7	1.6323056868749997e7	1.4732505701136366e7
1.27	2.0612782040909093e7	1.62862489e7	1.4700115373011366e7
1.28	2.0658424150284093e7	1.624502215e7	1.4650057904261366e7
1.29	2.061425572840909e7	1.623177265e7	1.4592636560511366e7
1.2999999999999998	2.066578460340909e7	1.6200853728124997e7	1.4533743810511364e7
1.31	2.0602477634659093e7	1.6161101806249999e7	1.4457182779261366e7
1.3200000000000003	2.0633394275284093e7	1.6112516884375e7	1.4414485763636364e7
1.33	2.0584808212784093e7	1.6080125415625002e7	1.4354121607386362e7
1.3400000000000003	2.0636339369034093e7	1.6062457134375002e7	1.4302590451136364e7
1.35	2.0595114900284093e7	1.602417661875e7	1.4230447060511364e7
1.36	2.063192286903409e7	1.598589724375e7	1.4165667544886366e7
1.3699999999999999	2.057008616590909e7	1.5960868509375e7	1.4120024294886366e7
1.38	2.061425344715909e7	1.5922586853124999e7	1.4059658998011366e7
1.3899999999999997	2.056566738465909e7	1.5876945884375e7	1.4006655294886364e7
1.4	2.0615727134659093e7	1.5856334790625e7	1.3937456998011364e7
1.4100000000000001	2.055536297840909e7	1.5813637774999999e7	1.3877092841761366e7
1.42	2.060100394715909e7	1.5785662806249997e7	1.3816727544886366e7
1.4300000000000002	2.055977833778409e7	1.5757688978125e7	1.3765197529261366e7
1.44	2.058333566590909e7	1.5723826103125e7	1.3697470638636366e7
1.45	2.0537695837784093e7	1.5687019275e7	1.3642994388636364e7
1.46	2.0577446619034093e7	1.565462780625e7	1.3563490544886364e7
1.4699999999999998	2.053033310340909e7	1.5607514290625004e7	1.3519323263636366e7
1.48	2.0578919165909097e7	1.557953818125e7	1.3445705044886366e7
1.4899999999999998	2.0525917744034093e7	1.55442039e7	1.3397118982386366e7
1.5	2.0568613619034093e7	1.5516230071875002e7	1.3314668904261364e7
1.5100000000000002	2.052591660340909e7	1.5451449415625e7	1.3267555388636367e7
1.52	2.056125202528409e7	1.54411415875e7	1.3210136326136364e7
1.53	2.051561105653409e7	1.5399919400000002e7	1.3143881982386366e7
1.54	2.0574502665909085e7	1.5345444290625e7	1.3065849544886364e7
1.5499999999999998	2.0514137369034093e7	1.5305690087500002e7	1.3006957935511362e7
1.56	2.0562723431534093e7	1.5283605306250002e7	1.2934814544886367e7
1.5700000000000003	2.0500885587784085e7	1.524532593125e7	1.2889172435511366e7
1.58	2.055830693153409e7	1.5209989368750002e7	1.2800833310511367e7
1.5900000000000003	2.051855500965909e7	1.51628747125e7	1.2749302154261364e7
1.6	2.055977833778409e7	1.5133429478124997e7	1.2675687357386366e7
1.61	2.0509722009659085e7	1.5092205009375e7	1.2616793466761364e7
1.6199999999999999	2.055683552528409e7	1.5058342134375004e7	1.2537288482386362e7
1.63	2.050235813465909e7	1.501122861875e7	1.2478396873011364e7
1.6399999999999997	2.055830579090909e7	1.4971476696875e7	1.2407726029261364e7
1.65	2.050235927528409e7	1.4931722493749999e7	1.2347361873011364e7
1.6600000000000001	2.054947165028409e7	1.4874302290624999e7	1.2261968982386364e7
1.67	2.0492053728409085e7	1.4841911962499999e7	1.2198658591761364e7
1.6800000000000002	2.0559779478409093e7	1.4799216087500004e7	1.2125043794886364e7
1.69	2.0508247181534093e7	1.4755045384375002e7	1.2060260857386366e7
1.7	2.0556835525284093e7	1.4704985634375004e7	1.1979285607386364e7
1.7100000000000002	2.050677691590909e7	1.4659343524999999e7	1.1905668529261362e7
1.72	2.0550945337784093e7	1.4628425743750002e7	1.1826164685511366e7
1.7300000000000006	2.0508247181534093e7	1.4579840821875002e7	1.1762854294886366e7
1.7399999999999995	2.0552416744034085e7	1.4526838259374999e7	1.1664208482386364e7
1.7500000000000002	2.049499654090909e7	1.4490028009375e7	1.1584705779261366e7
1.76	2.054358488465909e7	1.4445860728125e7	1.1497838060511366e7
1.7699999999999998	2.049352627528409e7	1.4378132696875e7	1.1434529951136364e7
1.78	2.053769355653409e7	1.4341324728125e7	1.1353552419886364e7
1.7899999999999998	2.049646908778409e7	1.4304519040625e7	1.1271102341761367e7
1.8	2.053916838465909e7	1.4255932978125e7	1.1187179716761364e7
1.8099999999999998	2.0499413040909093e7	1.4192623728125002e7	1.1110622107386364e7
1.8200000000000005	2.053474846278409e7	1.4142563978125004e7	1.1023754388636364e7
1.8299999999999994	2.0478800806534093e7	1.409250536875e7	1.0933942716761366e7
1.84	2.055094419715909e7	1.4057168806249999e7	1.0855911419886366e7
1.8499999999999999	2.049058004090909e7	1.400563993125e7	1.0777878982386366e7
1.86	2.0548000244034093e7	1.3937913040625e7	1.0667455076136364e7
1.8699999999999999	2.049058118153409e7	1.3887853290625002e7	1.0586477544886364e7
1.8800000000000001	2.0553890431534093e7	1.3836324415624999e7	1.0499612107386364e7
1.89	2.0496470228409093e7	1.37789042125e7	1.0412744388636364e7
1.8999999999999997	2.0542111197159093e7	1.373178955625e7	1.0293487482386366e7
1.9100000000000004	2.049205372840909e7	1.3659645025e7	1.0216927591761366e7
1.9200000000000002	2.0545056290909093e7	1.3628728384375e7	1.0115338966761366e7
1.93	2.048616354090909e7	1.3550695946874999e7	1.0029944935511366e7
1.9400000000000002	2.0528861697159085e7	1.3507997790625e7	9.929827716761364e6
1.95	2.048763608778409e7	1.344763249375e7	9.826765404261364e6
1.9600000000000002	2.053033310340909e7	1.3390212290625e7	9.714868951136366e6
1.97	2.048469099403409e7	1.33180689e7	9.635365107386366e6
1.9800000000000006	2.0543583744034093e7	1.3281263212499999e7	9.499912466761364e6
1.9899999999999995	2.049352513465909e7	1.3201758228125002e7	9.404212888636364e6
2.0000000000000004	2.053769469715909e7	1.3156114978124999e7	9.298206623011364e6
2.0100000000000002	2.046702385340909e7	1.3066303306249999e7	9.209866357386364e6
2.02	2.053622215028409e7	1.301477443125e7	9.064108169886364e6
2.0300000000000002	2.0493523994034093e7	1.2941157353124999e7	8.991964779261364e6
2.04	2.0552417884659093e7	1.2894042696874999e7	8.855039591761366e6
2.0500000000000003	2.049058118153409e7	1.28071784e7	8.753450966761366e6
2.06	2.0533278197159093e7	1.2745341696874999e7	8.616526919886364e6
2.0700000000000007	2.0494997681534093e7	1.2684977540624999e7	8.535548248011362e6
2.0799999999999996	2.053769469715909e7	1.2596637274999997e7	8.373594326136365e6
2.0900000000000003	2.0481747040909093e7	1.2542162165624997e7	8.266115513636363e6
2.1	2.0556833244034093e7	1.2452350493749999e7	8.127720060511363e6
2.1100000000000003	2.050971858778409e7	1.2394930290625e7	8.0305456542613655e6
2.12	2.0559779478409085e7	1.230659230625e7	7.875954466761364e6
2.1300000000000003	2.049646908778409e7	1.2250643509374999e7	7.783197701136364e6
2.14	2.0550945337784093e7	1.2163779212499999e7	7.630077919886365e6
2.15	2.051119113465909e7	1.2090162134374999e7	7.507877060511365e6
2.1600000000000006	2.056419711903409e7	1.2004769243749999e7	7.348867091761364e6
2.1700000000000004	2.050677691590909e7	1.1935568665624999e7	7.239916873011365e6
2.18	2.056566738465909e7	1.1850174634374999e7	7.086793669886364e6
2.1900000000000004	2.0512664822159093e7	1.1772143337499999e7	6.941036623011364e6
2.2	2.057008502528409e7	1.16808614e7	6.790860794886364e6
2.2100000000000004	2.0514137369034093e7	1.1604300368750002e7	6.646574013636365e6
2.22	2.057744775965909e7	1.1511543603124999e7	6.486091498011363e6
2.230000000000001	2.053033424403409e7	1.1445290399999997e7	6.355055357386364e6
2.2399999999999998	2.057302897840909e7	1.1356951275e7	6.193101435511365e6
2.2500000000000004	2.0533278197159093e7	1.1262724243749999e7	6.034091466761364e6
2.2600000000000002	2.0583335665909085e7	1.1180274165625e7	5.854470404261364e6
2.27	2.0533277056534093e7	1.1090463634374999e7	5.727851904261364e6
2.2800000000000002	2.0589224712784093e7	1.0984456228125e7	5.518784466761365e6
2.29	2.053916724403409e7	1.0906424931249999e7	5.381856998011365e6
2.3000000000000003	2.059216980653409e7	1.0801891212499997e7	5.203710763636363e6
2.31	2.0539166103409093e7	1.0701772853124999e7	5.052061248011364e6
2.3200000000000007	2.060100394715909e7	1.0606073274999999e7	4.850354263636363e6
2.3299999999999996	2.0558304650284085e7	1.0519206696875e7	4.695760794886364e6
2.3400000000000003	2.0617199681534085e7	1.0416144384375e7	4.479331763636364e6
2.35	2.056713993153409e7	1.031013811875e7	4.320322935511364e6
2.3600000000000003	2.0608364400284093e7	1.0190881212499999e7	4.1112543573863627e6
2.37	2.0562723431534093e7	1.0106959728124999e7	3.937522341761363e6
2.3800000000000003	2.0626032681534093e7	9.996536962499999e6	3.7328702636363637e6
2.39	2.0567141072159097e7	9.8831679625e6	3.5723888886363627e6
2.4	2.063781191590909e7	9.783051884374999e6	3.3441806230113637e6
2.4100000000000006	2.058186311903409e7	9.666740071875e6	3.170447466761363e6
2.4200000000000004	2.063634050965909e7	9.551898524999999e6	2.9613800292613637e6
2.43	2.0583336806534093e7	9.453253853125e6	2.790590826136364e6
2.4400000000000004	2.0639283322159093e7	9.335468353125e6	2.5152690448863637e6
2.45	2.059511375965909e7	9.2132652125e6	2.381288951136364e6
2.4600000000000004	2.067020338465909e7	9.074869759375e6	2.1486630448863637e6
2.47	2.059953254090909e7	8.954141446874999e6	1.9852377167613634e6
2.480000000000001	2.0658423009659093e7	8.824576712499999e6	1.7614448105113637e6
2.4899999999999998	2.061572713465909e7	8.699429618749999e6	1.624520763636364e6
2.5000000000000004	2.0687869384659093e7	8.578702446875e6	1.4007289980113637e6
2.5100000000000002	2.062014363465909e7	8.425580384375e6	1.2564433573863637e6
2.52	2.068639683778409e7	8.2989618843749985e6	1.0989059355113637e6
2.5300000000000002	2.063339313465909e7	8.1561465093749985e6	987010.6230113637
2.54	2.069817607215909e7	8.01186086875e6	788247.5917613637
2.5500000000000003	2.064370210340909e7	7.835184899999999e6	735245.0292613636
2.56	2.0708482759659093e7	7.71592799375e6	567402.0605113637
2.5700000000000007	2.0673146197159093e7	7.543667384374999e6	480534.3417613637
2.5799999999999996	2.073056754090909e7	7.387600228124999e6	373056.66988636367
2.5900000000000003	2.068345402528409e7	7.212396806249999e6	309746.2792613637
2.6	2.0714371806534097e7	7.1019728999999985e6	196379.56051136364
2.6100000000000003	2.0699648619034093e7	6.9208792906249985e6	178711.27926136367
2.62	2.0760013915909093e7	6.754507728125e6	122763.62301136367
2.6300000000000003	2.0690815619034085e7	6.583719665624999e6	108041.57613636368
2.64	2.075265232215909e7	6.435015243749999e6	100000.
2.65	2.070259371278409e7	6.252449087499999e6	100000.
2.6600000000000006	2.0777682197159093e7	6.072826884374999e6	100000.
2.6700000000000004	2.0732038947159085e7	5.906456462499999e6	100000.
2.68	2.078062500965909e7	5.72683311875e6	100000.
2.6900000000000004	2.0751179775284093e7	5.531016321875e6	100000.
2.7	2.0796821884659093e7	5.354340353124999e6	100000.
2.7100000000000004	2.0755596275284093e7	5.1894413375e6	100000.
2.72	2.082774080653409e7	5.042209462499999e6	100000.
2.730000000000001	2.077326455653409e7	4.853754259375e6	100000.
2.7399999999999998	2.083362643153409e7	4.671189243749999e6	100000.
2.7500000000000004	2.0782097556534093e7	4.475371306249999e6	100000.
2.7600000000000002	2.0840989165909085e7	4.323722931249999e6	100000.
2.7700000000000005	2.079682074403409e7	4.1485183687499994e6	100000.
2.7800000000000002	2.086012999403409e7	3.95270043125e6	100000.
2.79	2.0815962712784093e7	3.8231368375e6	100000.
2.8000000000000003	2.0874853181534093e7	3.64498718125e6	100000.
2.81	2.082037807215909e7	3.4962838999999994e6	100000.
2.8200000000000007	2.0886631275284093e7	3.3210770562499994e6	100000.
2.8299999999999996	2.083215730653409e7	3.167958415625e6	100000.
2.8400000000000003	2.0896939103409093e7	3.0266155875000004e6	100000.
2.85	2.084393540028409e7	2.869078165625e6	100000.
2.8600000000000003	2.088515986903409e7	2.72332111875e6	100000.
2.87	2.084982444715909e7	2.586394790625e6	100000.
2.8800000000000003	2.090282815028409e7	2.443581696875e6	100000.
2.89	2.087190808778409e7	2.3051839625000004e6	100000.
2.9	2.091607879090909e7	2.174147821875e6	100000.
2.9100000000000006	2.086601790028409e7	2.0460579156250006e6	100000.
2.9200000000000004	2.093521847840909e7	1.9444681500000001e6	100000.
2.93	2.0870436681534093e7	1.80459786875e6	100000.
2.940000000000001	2.0929329431534093e7	1.703008103125e6	100000.
2.95	2.088515986903409e7	1.58669743125e6	100000.
2.9600000000000004	2.0941107525284093e7	1.48805161875e6	100000.
2.97	2.0886632415909085e7	1.3982410875e6	100000.
2.980000000000001	2.094552516590909e7	1.2922336812500001e6	100000.
2.9899999999999998	2.089546541590909e7	1.208312196875e6	100000.
3.0000000000000004	2.094846911903409e7	1.118500525e6	100000.
3.0100000000000002	2.0892522603409093e7	1.0478296812500001e6	100000.
3.0200000000000005	2.0955830712784093e7	988938.0718750001	100000.
3.03	2.0919023884659085e7	913849.5875	100000.
3.04	2.096319230653409e7	826984.1500000001	100000.
3.0500000000000003	2.0908717197159093e7	779869.49375	100000.
3.06	2.096908135340909e7	728337.1968750001	100000.
3.0700000000000007	2.090577210340909e7	670919.2749999999	100000.
3.0799999999999996	2.096760994715909e7	609081.4312499999	100000.
3.0900000000000003	2.0908716056534093e7	564913.009375	100000.
3.1	2.0970553900284093e7	513381.8531250001	100000.
3.1100000000000003	2.091313369715909e7	495713.57187499997	100000.
3.1200000000000006	2.097644294715909e7	448598.91562499997	100000.
3.1300000000000003	2.091460510340909e7	425042.7281249999	100000.
3.14	2.0974971540909093e7	391178.7124999999	100000.
3.15	2.0921967837784093e7	388232.478125	100000.
3.1600000000000006	2.098086058778409e7	364677.43125	100000.
3.1700000000000004	2.0926384337784093e7	351426.79062499997	100000.
3.18	2.0991167275284093e7	341121.24374999997	100000.
3.190000000000001	2.093374707215909e7	326396.915625	100000.
3.2	2.097791663465909e7	286647.27499999997	100000.
3.2100000000000004	2.092049529090909e7	283699.9	100000.
3.22	2.098822104090909e7	258672.30625	100000.
3.230000000000001	2.0942580072159093e7	233642.43124999994	100000.
3.2399999999999998	2.1004416775284093e7	210085.10312499994	100000.
3.2500000000000004	2.0926384337784093e7	189472.86874999997	100000.
3.2600000000000002	2.0988222181534093e7	168860.634375	100000.
3.2700000000000005	2.092785574403409e7	145304.44687499994	100000.
3.28	2.099999913465909e7	130581.25937499995	100000.
3.29	2.093816357215909e7	118800.88437499997	100000.
3.3000000000000003	2.099852772840909e7	105551.38437499997	100000.
3.31	2.0955830712784085e7	100000.	100000.
3.3200000000000007	2.0995583775284093e7	100000.	100000.
3.3299999999999996	2.0961719759659093e7	100000.	100000.
3.3400000000000003	2.1004416775284093e7	100000.	100000.
3.35	2.0949941665909085e7	100000.	100000.
3.3600000000000003	2.1016194869034093e7	100000.	100000.
3.3700000000000006	2.0961719759659093e7	100000.	100000.
3.3800000000000003	2.1007360728409085e7	100000.	100000.
3.39	2.0961719759659085e7	100000.	100000.
3.4	2.101619600965909e7	100000.	100000.
3.4100000000000006	2.095877466590909e7	100000.	100000.
3.4200000000000004	2.100883441590909e7	100000.	100000.
3.43	2.095877580653409e7	100000.	100000.
3.440000000000001	2.102061136903409e7	100000.	100000.
3.45	2.096466257215909e7	100000.	100000.
3.4600000000000004	2.103680710340909e7	100000.	100000.
3.47	2.0982333134659093e7	100000.	100000.
3.480000000000001	2.102208505653409e7	100000.	100000.
3.4899999999999998	2.097644180653409e7	100000.	100000.
3.5000000000000004	2.103828193153409e7	100000.	100000.
3.5100000000000002	2.0994110087784085e7	100000.	100000.
3.5200000000000005	2.1035335697159093e7	100000.	100000.
3.53	2.0998527728409085e7	100000.	100000.
3.54	2.1054475384659093e7	100000.	100000.
3.5500000000000003	2.100000027528409e7	100000.	100000.
3.56	2.1050058884659085e7	100000.	100000.
3.5700000000000007	2.1005889322159093e7	100000.	100000.
3.5799999999999996	2.1060363290909093e7	100000.	100000.
3.5900000000000003	2.099852772840909e7	100000.	100000.
3.6	2.107361621278409e7	100000.	100000.
3.6100000000000003	2.102208505653409e7	100000.	100000.
3.6200000000000006	2.107361507215909e7	100000.	100000.
3.6300000000000003	2.1026502697159093e7	100000.	100000.
3.64	2.1072142525284085e7	100000.	100000.
3.65	2.104122588465909e7	100000.	100000.
3.6600000000000006	2.1086866853409093e7	100000.	100000.
3.6700000000000004	2.1039753337784093e7	100000.	100000.
3.68	2.1091284494034093e7	100000.	100000.
3.690000000000001	2.1045642384659093e7	100000.	100000.
3.7	2.1094227306534093e7	100000.	100000.
3.709999999999999	2.104122360340909e7	100000.	100000.
3.7200000000000006	2.110600654090909e7	100000.	100000.
3.7300000000000004	2.105153029090909e7	100000.	100000.
3.74	2.110747908778409e7	100000.	100000.
3.75	2.1054475384659093e7	100000.	100000.
3.7600000000000016	2.110011749403409e7	100000.	100000.
3.7700000000000005	2.106036443153409e7	100000.	100000.
3.7799999999999994	2.109864494715909e7	100000.	100000.
3.79	2.1057420478409093e7	100000.	100000.
3.8000000000000007	2.109864494715909e7	100000.	100000.
3.8100000000000005	2.106183811903409e7	100000.	100000.
3.8200000000000003	2.110895163465909e7	100000.	100000.
3.83	2.106036443153409e7	100000.	100000.
3.84	2.111189672840909e7	100000.	100000.
3.8499999999999996	2.1055947931534093e7	100000.	100000.
3.8600000000000003	2.110600540028409e7	100000.	100000.
3.870000000000001	2.1047112650284093e7	100000.	100000.
3.88	2.1111894447159093e7	100000.	100000.
3.8900000000000006	2.103975219715909e7	100000.	100000.
3.9000000000000004	2.110306144715909e7	100000.	100000.
3.91	2.105005660340909e7	100000.	100000.
3.92	2.109569985340909e7	100000.	100000.
3.9300000000000006	2.1061835837784097e7	100000.	100000.
3.9400000000000013	2.1103061447159093e7	100000.	100000.
3.95	2.1051530290909093e7	100000.	100000.
3.959999999999999	2.109422730653409e7	100000.	100000.
3.9700000000000006	2.104416755653409e7	100000.	100000.
3.9800000000000004	2.109422844715909e7	100000.	100000.
3.99	2.1058893025284093e7	100000.	100000.
4.	2.108686685340909e7	100000.	100000.
4.010000000000002	2.1045640103409093e7	100000.	100000.
4.0200000000000005	2.1094227306534093e7	100000.	100000.
4.029999999999999	2.104858633778409e7	100000.	100000.
4.04	2.108686685340909e7	100000.	100000.
4.050000000000001	2.104122588465909e7	100000.	100000.
4.0600000000000005	2.108539316590909e7	100000.	100000.
4.07	2.105889188465909e7	100000.	100000.
4.08	2.108392061903409e7	100000.	100000.
4.09	2.1036807103409093e7	100000.	100000.
4.1	2.1075086478409085e7	100000.	100000.
4.11	2.103974991590909e7	100000.	100000.
4.120000000000001	2.1089810806534085e7	100000.	100000.
4.13	2.101766969715909e7	100000.	100000.
4.140000000000001	2.106183697840909e7	100000.	100000.
4.15	2.102355760340909e7	100000.	100000.
4.16	2.106478093153409e7	100000.	100000.
4.17	2.102355874403409e7	100000.	100000.
4.180000000000001	2.1066253478409093e7	100000.	100000.
4.190000000000001	2.1013250915909093e7	100000.	100000.
4.2	2.105005888465909e7	100000.	100000.
4.209999999999999	2.099705518153409e7	100000.	100000.
4.220000000000001	2.104711379090909e7	100000.	100000.
4.23	2.101030582215909e7	100000.	100000.
4.24	2.1038279650284093e7	100000.	100000.
4.25	2.098233199403409e7	100000.	100000.
4.260000000000002	2.1019139962784093e7	100000.	100000.
4.2700000000000005	2.0974970400284093e7	100000.	100000.
4.279999999999999	2.1016194869034093e7	100000.	100000.
4.29	2.097791549403409e7	100000.	100000.
4.300000000000001	2.101766741590909e7	100000.	100000.
4.3100000000000005	2.0967608806534093e7	100000.	100000.
4.32	2.100000027528409e7	100000.	100000.
4.33	2.0958775806534093e7	100000.	100000.
4.34	2.101030582215909e7	100000.	100000.
4.35	2.094110752528409e7	100000.	100000.
4.36	2.099116613465909e7	100000.	100000.
4.370000000000001	2.0932273384659085e7	100000.	100000.
4.38	2.097644294715909e7	100000.	100000.
4.390000000000001	2.0930801978409093e7	100000.	100000.
4.4	2.0963193447159093e7	100000.	100000.
4.41	2.092638433778409e7	100000.	100000.
4.42	2.0954358165909093e7	100000.	100000.
4.430000000000001	2.089988305653409e7	100000.	100000.
4.440000000000001	2.092344152528409e7	100000.	100000.
4.45	2.0885159869034085e7	100000.	100000.
4.459999999999999	2.092638319715909e7	100000.	100000.
4.470000000000001	2.087338291590909e7	100000.	100000.
4.48	2.0905772103409085e7	100000.	100000.
4.49	2.085571349403409e7	100000.	100000.
4.5	2.089840936903409e7	100000.	100000.
4.510000000000002	2.0857186040909093e7	100000.	100000.
4.5200000000000005	2.0879270822159093e7	100000.	100000.
4.529999999999999	2.083362757215909e7	100000.	100000.
4.54	2.086160140028409e7	100000.	100000.
4.550000000000001	2.081449016590909e7	100000.	100000.
4.5600000000000005	2.084246285340909e7	100000.	100000.
4.57	2.079829443153409e7	100000.	100000.
4.58	2.084246285340909e7	100000.	100000.
4.59	2.078945915028409e7	100000.	100000.
4.6	2.0823322025284093e7	100000.	100000.
4.61	2.076884691590909e7	100000.	100000.
4.620000000000001	2.0804181197159093e7	100000.	100000.
4.63	2.0752651181534093e7	100000.	100000.
4.640000000000001	2.077768105653409e7	100000.	100000.
4.65	2.072762358778409e7	100000.	100000.
4.66	2.0751179775284093e7	100000.	100000.
4.67	2.070406511903409e7	100000.	100000.
4.680000000000001	2.0742344494034093e7	100000.	100000.
4.690000000000001	2.068197919715909e7	100000.	100000.
4.7	2.0705537665909085e7	100000.	100000.
4.709999999999999	2.064958886903409e7	100000.	100000.
4.720000000000001	2.0671674790909085e7	100000.	100000.
4.73	2.0618669947159093e7	100000.	100000.
4.74	2.063928446278409e7	100000.	100000.
4.75	2.057450038465909e7	100000.	100000.
4.760000000000002	2.0581863119034093e7	100000.	100000.
4.7700000000000005	2.0511193415909085e7	100000.	100000.
4.779999999999999	2.052444405653409e7	100000.	100000.
4.79	2.0459661119034093e7	100000.	100000.
4.800000000000001	2.0480274494034093e7	100000.	100000.
4.8100000000000005	2.040224319715909e7	100000.	100000.
4.82	2.0405186009659085e7	100000.	100000.
4.83	2.035807249403409e7	100000.	100000.
4.84	2.0355128540909093e7	100000.	100000.
4.85	2.028004119715909e7	100000.	100000.
4.86	2.027562241590909e7	100000.	100000.
4.870000000000001	2.019759111903409e7	100000.	100000.
4.88	2.0213785712784093e7	100000.	100000.
4.890000000000001	2.012103122840909e7	100000.	100000.
4.9	2.0121030087784093e7	100000.	100000.
4.91	2.004299650965909e7	100000.	100000.
4.92	2.0053304337784093e7	100000.	100000.
4.930000000000001	1.9962021259659093e7	100000.	100000.
4.940000000000001	1.994729693153409e7	100000.	100000.
4.95	1.987515468153409e7	100000.	100000.
4.959999999999999	1.9861904040909093e7	100000.	100000.
4.970000000000001	1.976767586903409e7	100000.	100000.
4.98	1.973234044715909e7	100000.	100000.
4.99	1.9623387947159097e7	100000.	100000.
5.	1.957480188465909e7	100000.	100000.
5.010000000000002	1.944818566590909e7	100000.	100000.
5.0200000000000005	1.939370941590909e7	100000.	100000.
5.029999999999999	1.9227337853409093e7	100000.	100000.
5.04	1.9187585931534093e7	100000.	100000.
5.050000000000001	1.9038882650284085e7	100000.	100000.
5.0600000000000005	1.8985878947159085e7	100000.	100000.
5.07	1.883128547840909e7	100000.	100000.
5.08	1.876944991590909e7	100000.	100000.
5.09	1.863546868153409e7	100000.	100000.
5.1	1.856332529090909e7	100000.	100000.
5.11	1.840284391590909e7	100000.	100000.
5.120000000000001	1.836014575965909e7	100000.	100000.
5.13	1.8208499665909093e7	100000.	100000.
5.140000000000001	1.8137828822159093e7	100000.	100000.
5.15	1.799059694715909e7	100000.	100000.
5.16	1.7914037056534097e7	100000.	100000.
5.17	1.776533263465909e7	100000.	100000.
5.180000000000001	1.7702024525284093e7	100000.	100000.
5.190000000000001	1.7565099337784085e7	100000.	100000.
5.2	1.751209449403409e7	100000.	100000.
5.209999999999999	1.732805579090909e7	100000.	100000.
5.220000000000001	1.727947086903409e7	100000.	100000.
5.23	1.7126348806534093e7	100000.	100000.
5.24	1.705567910340909e7	100000.	100000.
5.25	1.692169900965909e7	100000.	100000.
5.260000000000002	1.685838861903409e7	100000.	100000.
5.2700000000000005	1.6684656603409093e7	100000.	100000.
5.279999999999999	1.661251435340909e7	100000.	100000.
5.29	1.6490312353409087e7	100000.	100000.
5.300000000000001	1.6397557869034087e7	100000.	100000.
5.3100000000000005	1.626946340028409e7	100000.	100000.
5.32	1.6204682744034091e7	100000.	100000.
5.33	1.6057450869034093e7	100000.	100000.
5.34	1.5992670212784087e7	100000.	100000.
5.35	1.5839550431534091e7	100000.	100000.
5.36	1.577918513465909e7	100000.	100000.
5.370000000000001	1.5623120259659091e7	100000.	100000.
5.38	1.557453419715909e7	100000.	100000.
5.390000000000001	1.540963632215909e7	100000.	100000.
5.4	1.5353686384659091e7	100000.	100000.
5.41	1.5203511697159091e7	100000.	100000.
5.42	1.5154924494034087e7	100000.	100000.
5.430000000000001	1.5006221212784091e7	100000.	100000.
5.440000000000001	1.4944384509659091e7	100000.	100000.
5.45	1.4791264728409091e7	100000.	100000.
5.459999999999999	1.4735315931534091e7	100000.	100000.
5.470000000000001	1.4580724744034091e7	100000.	100000.
5.48	1.453361008778409e7	100000.	100000.
5.49	1.4377545212784091e7	100000.	100000.
5.5	1.4339264697159091e7	100000.	100000.
5.510000000000002	1.4180255869034091e7	100000.	100000.
5.5200000000000005	1.4144919306534091e7	100000.	100000.
5.529999999999999	1.399327207215909e7	100000.	100000.
5.54	1.3931435369034093e7	100000.	100000.
5.550000000000001	1.380334318153409e7	100000.	100000.
5.5600000000000005	1.374739552528409e7	100000.	100000.
5.57	1.3603109884659091e7	100000.	100000.
5.58	1.3564829369034091e7	100000.	100000.
5.59	1.3416124947159093e7	100000.	100000.
5.6	1.336165097840909e7	100000.	100000.
5.61	1.3226198337784093e7	100000.	100000.
5.620000000000001	1.319675082215909e7	100000.	100000.
5.63	1.303774199403409e7	100000.	100000.
5.640000000000001	1.2992101025284091e7	100000.	100000.
5.65	1.2858119790909091e7	100000.	100000.
5.66	1.2805117228409087e7	100000.	100000.
5.67	1.2671137134659091e7	100000.	100000.
5.680000000000001	1.2640218212784091e7	100000.	100000.
5.690000000000001	1.2488569837784091e7	100000.	100000.
5.7	1.2445872822159093e7	100000.	100000.
5.709999999999999	1.2310420181534087e7	100000.	100000.
5.720000000000001	1.2272140806534091e7	100000.	100000.
5.73	1.2138160712784093e7	100000.	100000.
5.74	1.205276668153409e7	100000.	100000.
5.75	1.1960011056534091e7	100000.	100000.
5.760000000000002	1.192320194715909e7	100000.	100000.
5.7700000000000005	1.178922185340909e7	100000.	100000.
5.779999999999999	1.172738629090909e7	100000.	100000.
5.79	1.1618434931534091e7	100000.	100000.
5.800000000000001	1.1572792822159091e7	100000.	100000.
5.8100000000000005	1.144617318153409e7	100000.	100000.
5.82	1.1418199353409087e7	100000.	100000.
5.83	1.1294525947159091e7	100000.	100000.
5.840000000000001	1.124888497840909e7	100000.	100000.
5.85	1.1126682978409091e7	100000.	100000.
5.86	1.1089873869034087e7	100000.	100000.
5.870000000000001	1.0952949822159091e7	100000.	100000.
5.88	1.0923503447159091e7	100000.	100000.
5.890000000000001	1.0807190494034091e7	100000.	100000.
5.9	1.075713302528409e7	100000.	100000.
5.91	1.065407299403409e7	100000.	100000.
5.92	1.0624623197159091e7	100000.	100000.
5.930000000000001	1.0495063025284091e7	100000.	100000.
5.940000000000001	1.0462670415909091e7	100000.	100000.
5.95	1.0343411228409093e7	100000.	100000.
5.959999999999999	1.031985732215909e7	100000.	100000.
5.970000000000001	1.0182932134659091e7	100000.	100000.
5.98	1.014759557215909e7	100000.	100000.
5.99	1.0054839947159091e7	100000.	100000.
6.	1.002097593153409e7	100000.	100000.
6.010000000000002	9.895831119034091e6	100000.	100000.
6.0200000000000005	9.87374633778409e6	100000.	100000.
6.029999999999999	9.75595969715909e6	100000.	100000.
6.04	9.729459556534091e6	100000.	100000.
6.050000000000001	9.617563103409091e6	100000.	100000.
6.0600000000000005	9.583701369034091e6	100000.	100000.
6.07	9.480640197159091e6	100000.	100000.
6.08	9.445303634659091e6	100000.	100000.
6.090000000000001	9.340769915909091e6	100000.	100000.
6.1	9.328991822159091e6	100000.	100000.
6.109999999999999	9.214150275284091e6	100000.	100000.
6.120000000000001	9.18912040028409e6	100000.	100000.
6.13	9.084587822159091e6	100000.	100000.
6.140000000000001	9.053667759659091e6	100000.	100000.
6.15	8.96827600965909e6	100000.	100000.
6.16	8.95355168153409e6	100000.	100000.
6.17	8.834294775284091e6	100000.	100000.
6.1800000000000015	8.803375853409091e6	100000.	100000.
6.190000000000001	8.70914882215909e6	100000.	100000.
6.2	8.68264525965909e6	100000.	100000.
6.209999999999999	8.579582947159091e6	100000.	100000.
6.220000000000001	8.55602904090909e6	100000.	100000.
6.23	8.47946686903409e6	100000.	100000.
6.24	8.451493040909091e6	100000.	100000.
6.25	8.358738556534091e6	100000.	100000.
6.260000000000002	8.329291040909089e6	100000.	100000.
6.2700000000000005	8.258621337784092e6	100000.	100000.
6.279999999999999	8.243898150284089e6	100000.	100000.
6.290000000000001	8.14819743153409e6	100000.	100000.
6.300000000000001	8.127586337784091e6	100000.	100000.
6.3100000000000005	8.036302119034088e6	100000.	100000.
6.32	8.008328290909091e6	100000.	100000.
6.33	7.921460572159091e6	100000.	100000.
6.340000000000001	7.912627572159091e6	100000.	100000.
6.35	7.81840054090909e6	100000.	100000.
6.359999999999999	7.824288447159088e6	100000.	100000.
6.370000000000001	7.715338228409089e6	100000.	100000.
6.38	7.69030949403409e6	100000.	100000.
6.390000000000001	7.61080336903409e6	100000.	100000.
6.4	7.60638686903409e6	100000.	100000.
6.41	7.515103790909091e6	100000.	100000.
6.42	7.510687290909089e6	100000.	100000.
6.4300000000000015	7.407626119034089e6	100000.	100000.
6.440000000000001	7.40173479090909e6	100000.	100000.
6.45	7.322230947159089e6	100000.	100000.
6.459999999999999	7.316341900284091e6	100000.	100000.
6.470000000000001	7.23094786903409e6	100000.	100000.
6.48	7.202974040909091e6	100000.	100000.
6.49	7.129358103409091e6	100000.	100000.
6.5	7.126413009659092e6	100000.	100000.
6.510000000000002	7.052798212784091e6	100000.	100000.
6.5200000000000005	7.03071343153409e6	100000.	100000.
6.529999999999999	6.955626087784091e6	100000.	100000.
6.540000000000001	6.942375447159091e6	100000.	100000.
6.550000000000001	6.862870462784091e6	100000.	100000.
6.5600000000000005	6.859925369034089e6	100000.	100000.
6.57	6.777475290909091e6	100000.	100000.
6.58	6.774532478409092e6	100000.	100000.
6.590000000000001	6.69650004090909e6	100000.	100000.
6.6	6.683247119034092e6	100000.	100000.
6.609999999999999	6.616993915909091e6	100000.	100000.
6.620000000000001	6.597854228409091e6	100000.	100000.
6.63	6.51834924403409e6	100000.	100000.
6.640000000000001	6.52129319715909e6	100000.	100000.
6.65	6.432955212784092e6	100000.	100000.
6.66	6.432955212784091e6	100000.	100000.
6.67	6.354921634659092e6	100000.	100000.
6.6800000000000015	6.35639532215909e6	100000.	100000.
6.690000000000001	6.278362884659091e6	100000.	100000.
6.7	6.278364025284091e6	100000.	100000.
6.709999999999999	6.197384212784091e6	100000.	100000.
6.720000000000001	6.20180299403409e6	100000.	100000.
6.73	6.117881509659092e6	100000.	100000.
6.74	6.114936415909092e6	100000.	100000.
6.75	6.047210665909091e6	100000.	100000.
6.760000000000002	6.05309857215909e6	100000.	100000.
6.7700000000000005	5.973594728409092e6	100000.	100000.
6.779999999999999	5.96476058778409e6	100000.	100000.
6.790000000000001	5.883781915909091e6	100000.	100000.
6.800000000000001	5.90439529090909e6	100000.	100000.
6.8100000000000005	5.817528712784092e6	100000.	100000.
6.82	5.821946353409092e6	100000.	100000.
6.83	5.742442509659091e6	100000.	100000.
6.840000000000001	5.738024869034092e6	100000.	100000.
6.85	5.67177052528409e6	100000.	100000.
6.859999999999999	5.67324307215909e6	100000.	100000.
6.870000000000001	5.59521177528409e6	100000.	100000.
6.88	5.599627134659092e6	100000.	100000.
6.890000000000001	5.53337279090909e6	100000.	100000.
6.9	5.527484884659091e6	100000.	100000.
6.91	5.464174494034092e6	100000.	100000.
6.92	5.471536087784091e6	100000.	100000.
6.9300000000000015	5.38614319715909e6	100000.	100000.
6.940000000000001	5.389087150284091e6	100000.	100000.
6.95	5.316942619034091e6	100000.	100000.
6.959999999999999	5.31694490028409e6	100000.	100000.
6.970000000000001	5.24627177528409e6	100000.	100000.
6.98	5.244801509659092e6	100000.	100000.
6.99	5.172655837784091e6	100000.	100000.
7.	5.184435072159091e6	100000.	100000.
7.010000000000002	5.116709322159091e6	100000.	100000.
7.0200000000000005	5.12259950965909e6	100000.	100000.
7.029999999999999	5.046038478409091e6	100000.	100000.
7.040000000000001	5.063705619034092e6	100000.	100000.
7.050000000000001	4.981256681534092e6	100000.	100000.
7.0600000000000005	4.97536763465909e6	100000.	100000.
7.07	4.915003478409091e6	100000.	100000.
7.08	4.922362790909091e6	100000.	100000.
7.090000000000001	4.85758213465909e6	100000.	100000.
7.1	4.864944869034091e6	100000.	100000.
7.109999999999999	4.792801478409091e6	100000.	100000.
7.120000000000001	4.81046747840909e6	100000.	100000.
7.13	4.741270322159092e6	100000.	100000.
7.140000000000001	4.730963634659092e6	100000.	100000.
7.15	4.685321525284091e6	100000.	100000.
7.16	4.686795212784091e6	100000.	100000.
7.17	4.607289087784092e6	100000.	100000.
7.1800000000000015	4.617595775284092e6	100000.	100000.
7.190000000000001	4.543980978409091e6	100000.	100000.
7.2	4.549867744034091e6	100000.	100000.
7.209999999999999	4.471837587784091e6	100000.	100000.
7.220000000000001	4.464474853409091e6	100000.	100000.
7.23	4.396749103409092e6	100000.	100000.
7.24	4.380554509659091e6	100000.	100000.
7.25	4.308409978409092e6	100000.	100000.
7.260000000000002	4.312828759659091e6	100000.	100000.
7.2700000000000005	4.23332263465909e6	100000.	100000.
7.279999999999999	4.225962181534091e6	100000.	100000.
7.290000000000001	4.1449846502840905e6	100000.	100000.
7.300000000000001	4.1346779627840905e6	100000.	100000.
7.3100000000000005	4.078729165909091e6	100000.	100000.
7.32	4.04044865028409e6	100000.	100000.
7.33	3.991863728409091e6	100000.	100000.
7.340000000000001	3.971250353409091e6	100000.	100000.
7.35	3.9079422440340905e6	100000.	100000.
7.359999999999999	3.8961641502840905e6	100000.	100000.
7.370000000000001	3.822548212784091e6	100000.	100000.
7.38	3.8122426659090905e6	100000.	100000.
7.390000000000001	3.751877369034091e6	100000.	100000.
7.4	3.732736540909091e6	100000.	100000.
7.41	3.6620668377840915e6	100000.	100000.
7.42	3.6635382440340915e6	100000.	100000.
7.4300000000000015	3.578144212784092e6	100000.	100000.
7.440000000000001	3.5648924315340915e6	100000.	100000.
7.45	3.5074733690340915e6	100000.	100000.
7.459999999999999	3.4853885877840905e6	100000.	100000.
7.470000000000001	3.436801384659091e6	100000.	100000.
7.48	3.420605650284091e6	100000.	100000.
7.49	3.357298681534091e6	100000.	100000.
7.5	3.351409634659091e6	100000.	100000.
7.510000000000002	3.2895706502840905e6	100000.	100000.
7.5200000000000005	3.263070509659091e6	100000.	100000.
7.529999999999999	3.195343619034091e6	100000.	100000.
7.540000000000001	3.2027063534090905e6	100000.	100000.
7.550000000000001	3.1335080565340905e6	100000.	100000.
7.5600000000000005	3.1261441815340915e6	100000.	100000.
7.57	3.0613635252840915e6	100000.	100000.
7.58	3.0378061971590905e6	100000.	100000.
7.590000000000001	2.984802494034091e6	100000.	100000.
7.6	2.9583023534090905e6	100000.	100000.
7.609999999999999	2.921493244034091e6	100000.	100000.
7.620000000000001	2.921492103409091e6	100000.	100000.
7.630000000000001	2.850822400284091e6	100000.	100000.
7.640000000000001	2.8316838534090905e6	100000.	100000.
7.65	2.772788822159091e6	100000.	100000.
7.66	2.772791103409091e6	100000.	100000.
7.67	2.718313712784091e6	100000.	100000.
7.6800000000000015	2.7197874002840915e6	100000.	100000.
7.690000000000001	2.671199056534091e6	100000.	100000.
7.7	2.640282415909091e6	100000.	100000.
7.71	2.5887512596590915e6	100000.	100000.
7.719999999999998	2.581388525284091e6	100000.	100000.
7.7299999999999995	2.5224957752840915e6	100000.	100000.
7.740000000000001	2.531329915909091e6	100000.	100000.
7.749999999999999	2.456243712784091e6	100000.	100000.
7.760000000000001	2.451827212784091e6	100000.	100000.
7.7700000000000005	2.401767462784091e6	100000.	100000.
7.78	2.400293775284091e6	100000.	100000.
7.790000000000002	2.339930759659091e6	100000.	100000.
7.8	2.3325691659090915e6	100000.	100000.
7.81	2.288398462784091e6	100000.	100000.
7.820000000000003	2.2736764159090905e6	100000.	100000.
7.830000000000001	2.2339233534090905e6	100000.	100000.
7.840000000000001	2.217728759659091e6	100000.	100000.
7.8500000000000005	2.1750328846590905e6	100000.	100000.
7.8599999999999985	2.1868098377840905e6	100000.	100000.
7.87	2.1220291815340915e6	100000.	100000.
7.88	2.120556634659091e6	100000.	100000.
7.89	2.0852223534090908e6	100000.	100000.
7.900000000000001	2.0808035721590917e6	100000.	100000.
7.910000000000001	2.0204394159090908e6	100000.	100000.
7.920000000000001	2.0130766815340908e6	100000.	100000.
7.930000000000002	1.993938134659091e6	100000.	100000.
7.94	1.998353494034091e6	100000.	100000.
7.95	1.945352072159091e6	100000.	100000.
7.96	1.952713665909091e6	100000.	100000.
7.969999999999998	1.9070715565340915e6	100000.	100000.
7.9799999999999995	1.9100155096590912e6	100000.	100000.
7.990000000000001	1.859956900284091e6	100000.	100000.
7.999999999999999	1.8599580409090908e6	100000.	100000.
8.01	1.8275677127840908e6	100000.	100000.
8.02	1.8216763846590908e6	100000.	100000.
8.03	1.7760365565340908e6	100000.	100000.
8.040000000000001	1.7789793690340912e6	100000.	100000.
8.049999999999999	1.7436450877840908e6	100000.	100000.
8.059999999999999	1.7539506346590912e6	100000.	100000.
8.070000000000002	1.7024206190340908e6	100000.	100000.
8.08	1.7053645721590912e6	100000.	100000.
8.09	1.6729731034090908e6	100000.	100000.
8.1	1.6832820721590905e6	100000.	100000.
8.109999999999998	1.640582775284091e6	100000.	100000.
8.12	1.642055322159091e6	100000.	100000.
8.129999999999999	1.593469259659091e6	100000.	100000.
8.139999999999999	1.627332134659091e6	100000.	100000.
8.15	1.568440525284091e6	100000.	100000.
8.16	1.605247353409091e6	100000.	100000.
8.17	1.5360490565340908e6	100000.	100000.
8.180000000000001	1.564021744034091e6	100000.	100000.
8.19	1.516909369034091e6	100000.	100000.
8.2	1.5404655565340912e6	100000.	100000.
8.209999999999999	1.5007124940340905e6	100000.	100000.
8.219999999999997	1.4992410877840915e6	100000.	100000.
8.229999999999999	1.459489165909091e6	100000.	100000.
8.24	1.483045353409091e6	100000.	100000.
8.249999999999998	1.437405525284091e6	100000.	100000.
8.26	1.4594903065340912e6	100000.	100000.
8.27	1.393234822159091e6	100000.	100000.
8.28	1.425626290909091e6	100000.	100000.
8.290000000000001	1.3902897284090908e6	100000.	100000.
8.299999999999999	1.400595275284091e6	100000.	100000.
8.309999999999999	1.3667335409090908e6	100000.	100000.
8.320000000000002	1.393234822159091e6	100000.	100000.
8.33	1.326980478409091e6	100000.	100000.
8.34	1.354955447159091e6	100000.	100000.
8.35	1.307840790909091e6	100000.	100000.
8.359999999999998	1.344649900284091e6	100000.	100000.
8.37	1.284283462784091e6	100000.	100000.
8.379999999999999	1.296062697159091e6	100000.	100000.
8.389999999999999	1.2798669627840908e6	100000.	100000.
8.4	1.2872285565340908e6	100000.	100000.
8.41	1.235697400284091e6	100000.	100000.
8.42	1.2666163221590912e6	100000.	100000.
8.430000000000001	1.226864400284091e6	100000.	100000.
8.44	1.2445315409090912e6	100000.	100000.
8.45	1.2077235721590908e6	100000.	100000.
8.459999999999999	1.2298083534090908e6	100000.	100000.
8.469999999999997	1.182694837784091e6	100000.	100000.
8.479999999999999	1.203308212784091e6	100000.	100000.
8.49	1.160610056534091e6	100000.	100000.
8.499999999999998	1.178278337784091e6	100000.	100000.
8.51	1.1517759159090912e6	100000.	100000.
8.52	1.1547210096590912e6	100000.	100000.
8.53	1.129691134659091e6	100000.	100000.
8.540000000000001	1.144413181534091e6	100000.	100000.
8.549999999999999	1.1061326659090912e6	100000.	100000.
8.559999999999999	1.113495400284091e6	100000.	100000.
8.570000000000002	1.086991837784091e6	100000.	100000.
8.58	1.129691134659091e6	100000.	100000.
8.59	1.0840501659090908e6	100000.	100000.
8.6	1.079631384659091e6	100000.	100000.
8.609999999999998	1.053130103409091e6	100000.	100000.
8.62	1.060491697159091e6	100000.	100000.
8.629999999999999	1.0354641034090908e6	100000.	100000.
8.639999999999999	1.067854431534091e6	100000.	100000.
8.65	1.0236848690340911e6	100000.	100000.
8.66	1.0384069159090911e6	100000.	100000.
8.67	1.010435369034091e6	100000.	100000.
8.680000000000001	1.0192683690340909e6	100000.	100000.
8.69	988349.4471590909	100000.	100000.
8.7	989820.8534090911	100000.	100000.
8.709999999999999	967737.212784091	100000.	100000.
8.719999999999997	986878.0409090911	100000.	100000.
8.729999999999999	941237.0721590909	100000.	100000.
8.74	975097.665909091	100000.	100000.
8.749999999999998	933874.3377840909	100000.	100000.
8.76	948597.5252840909	100000.	100000.
8.77	930929.244034091	100000.	100000.
8.78	942706.1971590909	100000.	100000.
8.790000000000001	897065.2284090909	100000.	100000.
8.799999999999999	920622.556534091	100000.	100000.
8.809999999999999	913262.103409091	100000.	100000.
8.820000000000002	917678.6034090909	100000.	100000.
8.83	882342.040909091	100000.	100000.
8.84	894121.275284091	100000.	100000.
8.85	866146.3065340911	100000.	100000.
8.859999999999998	880870.6346590909	100000.	100000.
8.87	849951.712784091	100000.	100000.
8.879999999999999	861730.947159091	100000.	100000.
8.889999999999999	839645.0252840911	100000.	100000.
8.9	852896.806534091	100000.	100000.
8.91	821977.884659091	100000.	100000.
8.92	833755.9784090909	100000.	100000.
8.930000000000001	799893.1034090909	100000.	100000.
8.94	829339.4784090909	100000.	100000.
8.95	795476.603409091	100000.	100000.
8.959999999999999	817559.1034090911	100000.	100000.
8.969999999999997	779282.009659091	100000.	100000.
8.979999999999999	807255.8377840909	100000.	100000.
8.99	763085.134659091	100000.	100000.
8.999999999999998	785169.9159090911	100000.	100000.
9.01	766030.2284090911	100000.	100000.
9.02	783697.369034091	100000.	100000.
9.03	741000.353409091	100000.	100000.
9.040000000000001	761613.7284090911	100000.	100000.
9.049999999999999	743945.4471590909	100000.	100000.
9.059999999999999	751307.0409090909	100000.	100000.
9.070000000000002	730693.665909091	100000.	100000.
9.08	749836.7752840911	100000.	100000.
9.09	723333.212784091	100000.	100000.
9.1	729223.4002840909	100000.	100000.
9.109999999999998	718917.8534090909	100000.	100000.
9.12	723333.212784091	100000.	100000.
9.129999999999999	699777.0252840909	100000.	100000.
9.139999999999999	715970.478409091	100000.	100000.
9.15	699777.025284091	100000.	100000.
9.16	710082.572159091	100000.	100000.
9.17	682107.6034090909	100000.	100000.
9.180000000000001	698305.6190340909	100000.	100000.
9.19	670329.5096590909	100000.	100000.
9.2	680636.197159091	100000.	100000.
9.209999999999999	665911.869034091	100000.	100000.
9.219999999999997	654136.0565340909	100000.	100000.
9.229999999999999	649717.275284091	100000.	100000.
9.24	658551.4159090909	100000.	100000.
9.249999999999998	626159.947159091	100000.	100000.
9.26	648245.869034091	100000.	100000.
9.27	617328.087784091	100000.	100000.
9.28	648245.869034091	100000.	100000.
9.290000000000001	608492.8065340911	100000.	100000.
9.299999999999999	611436.7596590909	100000.	100000.
9.309999999999999	608492.806534091	100000.	100000.
9.320000000000002	626161.087784091	100000.	100000.
9.33	599659.806534091	100000.	100000.
9.34	587880.572159091	100000.	100000.
9.35	592298.2127840911	100000.	100000.
9.359999999999998	590825.6659090911	100000.	100000.
9.37	559905.603409091	100000.	100000.
9.379999999999999	576102.4784090909	100000.	100000.
9.389999999999999	590825.6659090909	100000.	100000.
9.4	590824.5252840911	100000.	100000.
9.41	568739.744034091	100000.	100000.
9.42	577573.884659091	100000.	100000.
9.430000000000001	543711.009659091	100000.	100000.
9.44	573157.3846590909	100000.	100000.
9.45	564323.244034091	100000.	100000.
9.459999999999999	556961.6502840909	100000.	100000.
9.469999999999997	517210.86903409095	100000.	100000.
9.479999999999999	520153.681534091	100000.	100000.
9.49	523099.915909091	100000.	100000.
9.499999999999998	536350.556534091	100000.	100000.
9.51	514265.775284091	100000.	100000.
9.52	534876.869034091	100000.	100000.
9.53	505430.494034091	100000.	100000.
9.540000000000001	518683.41590909107	100000.	100000.
9.549999999999999	508375.58778409095	100000.	100000.
9.559999999999999	499541.447159091	100000.	100000.
9.570000000000002	502487.68153409107	100000.	100000.
9.58	503957.947159091	100000.	100000.
9.59	501015.13465909095	100000.	100000.
9.6	509849.27528409095	100000.	100000.
9.609999999999998	492179.853409091	100000.	100000.
9.62	506903.040909091	100000.	100000.
9.629999999999999	487764.49403409107	100000.	100000.
9.639999999999999	487763.353409091	100000.	100000.
9.65	481875.44715909095	100000.	100000.
9.66	490708.447159091	100000.	100000.
9.67	474511.5721590911	100000.	100000.
9.680000000000001	475987.540909091	100000.	100000.
9.69	448012.572159091	100000.	100000.
9.7	475984.11903409107	100000.	100000.
9.709999999999999	446538.884659091	100000.	100000.
9.719999999999997	453900.478409091	100000.	100000.
9.729999999999999	452427.931534091	100000.	100000.
9.74	436233.337784091	100000.	100000.
9.749999999999998	437705.88465909107	100000.	100000.
9.76	437704.74403409107	100000.	100000.
9.77	415619.96278409095	100000.	100000.
9.78	437704.744034091	100000.	100000.
9.790000000000001	421509.009659091	100000.	100000.
9.799999999999999	415621.103409091	100000.	100000.
9.809999999999999	405314.415909091	100000.	100000.
9.820000000000002	409732.056534091	100000.	100000.
9.83	417093.650284091	100000.	100000.
9.84	422981.55653409095	100000.	100000.
9.85	395007.72840909107	100000.	100000.
9.859999999999998	393536.322159091	100000.	100000.
9.87	389118.681534091	100000.	100000.
9.879999999999999	405314.415909091	100000.	100000.
9.889999999999999	396479.134659091	100000.	100000.
9.9	395007.728409091	100000.	100000.
9.91	383228.494034091	100000.	100000.
9.92	390590.08778409107	100000.	100000.
9.930000000000001	380284.54090909095	100000.	100000.
9.94	378811.994034091	100000.	100000.
9.95	359672.306534091	100000.	100000.
9.959999999999999	383229.634659091	100000.	100000.
9.969999999999997	369977.85340909107	100000.	100000.
9.979999999999999	368506.44715909095	100000.	100000.
9.99	368505.30653409095	100000.	100000.
9.999999999999998	369980.134659091	100000.	100000.
10.01	361145.99403409095	100000.	100000.
10.02	371451.540909091	100000.	100000.
10.03	361143.71278409095	100000.	100000.
10.040000000000001	371451.540909091	100000.	100000.
10.049999999999999	361145.994034091	100000.	100000.
10.059999999999999	334643.57215909095	100000.	100000.
10.070000000000002	356728.35340909095	100000.	100000.
10.08	368506.44715909095	100000.	100000.
10.09	349366.75965909095	100000.	100000.
10.1	337588.66590909095	100000.	100000.
10.109999999999998	339058.93153409095	100000.	100000.
10.12	349365.61903409095	100000.	100000.
10.129999999999999	350838.165909091	100000.	100000.
10.139999999999999	337587.52528409095	100000.	100000.
10.15	347894.212784091	100000.	100000.
10.16	337587.525284091	100000.	100000.
10.17	328753.38465909107	100000.	100000.
10.180000000000001	321392.931534091	100000.	100000.
10.19	324336.884659091	100000.	100000.
10.2	308141.15028409095	100000.	100000.
10.209999999999999	328752.24403409095	100000.	100000.
10.219999999999997	319920.384659091	100000.	100000.
10.229999999999999	322863.19715909095	100000.	100000.
10.24	321394.072159091	100000.	100000.
10.249999999999998	308141.15028409107	100000.	100000.
10.26	299309.2909090909	100000.	100000.
10.27	294890.509659091	100000.	100000.
10.28	302250.962784091	100000.	100000.
10.290000000000001	305197.197159091	100000.	100000.
10.299999999999999	306668.60340909095	100000.	100000.
10.309999999999999	312557.650284091	100000.	100000.
10.320000000000002	306669.74403409095	100000.	100000.
10.33	296363.05653409095	100000.	100000.
10.34	286057.50965909095	100000.	100000.
10.35	294890.509659091	100000.	100000.
10.359999999999998	296361.91590909107	100000.	100000.
10.37	293417.962784091	100000.	100000.
10.379999999999999	284583.82215909095	100000.	100000.
10.389999999999999	280167.32215909095	100000.	100000.
10.4	280167.32215909095	100000.	100000.
10.41	291946.55653409095	100000.	100000.
10.42	274279.415909091	100000.	100000.
10.430000000000001	269860.63465909107	100000.	100000.
10.44	283113.556534091	100000.	100000.
10.45	272804.587784091	100000.	100000.
10.459999999999999	278697.056534091	100000.	100000.
10.469999999999997	287531.1971590909	100000.	100000.
10.479999999999999	268389.22840909095	100000.	100000.
10.49	280167.32215909095	100000.	100000.
10.499999999999998	281639.869034091	100000.	100000.
10.51	262500.181534091	100000.	100000.
10.52	263972.72840909095	100000.	100000.
10.53	261027.63465909095	100000.	100000.
10.540000000000001	272805.72840909095	100000.	100000.
10.549999999999999	265444.13465909107	100000.	100000.
10.559999999999999	244831.90028409095	100000.	100000.
10.570000000000002	255139.72840909098	100000.	100000.
10.58	259553.94715909098	100000.	100000.
10.59	266916.681534091	100000.	100000.
10.6	249248.40028409098	100000.	100000.
10.609999999999998	252193.49403409098	100000.	100000.
10.62	253666.04090909095	100000.	100000.
10.629999999999999	246304.44715909104	100000.	100000.
10.639999999999999	255137.44715909098	100000.	100000.
10.65	235998.90028409098	100000.	100000.
10.66	241889.087784091	100000.	100000.
10.67	246305.58778409098	100000.	100000.
10.680000000000001	247775.85340909098	100000.	100000.
10.69	230108.71278409098	100000.	100000.
10.7	222748.259659091	100000.	100000.