0.	104265.58892045458	100000.	100000.
0.010000000000000009	485595.91704545444	100000.	100000.
0.020000000000000018	914037.4795454546	100000.	100000.
0.030000000000000027	1.641358151420455e6	100000.	100000.
0.040000000000000036	2.564496760795455e6	100000.	100000.
0.050000000000000044	3.712900823295455e6	100000.	100000.
0.05999999999999994	5.575373776420455e6	100000.	100000.
0.07000000000000006	6.8445050107954545e6	100000.	100000.
0.07999999999999996	8.854210979545455e6	100000.	100000.
0.09000000000000008	1.0554731151420455e7	100000.	100000.
0.09999999999999998	1.2536458729545454e7	325487.090909091	100000.
0.1100000000000001	1.4953995167045454e7	1.447387590909091e6	100000.
0.12	1.6445445620170457e7	2.896143309659091e6	111387.7965909091
0.13	1.747459163579545e7	3.995957887784091e6	121693.3434659091
0.14	1.8531709198295455e7	5.182641325284091e6	167334.31221590907
0.15000000000000002	1.9036712932670455e7	5.874626575284091e6	139361.62471590907
0.16000000000000003	1.925019915142045e7	6.553361184659091e6	143779.26534090907
0.17000000000000004	1.934884268267046e7	7.101061934659091e6	158501.3122159091
0.18	1.939301110454546e7	7.473558122159092e6	189421.3747159091
0.19000000000000006	1.9385649510795448e7	7.68115187215909e6	167333.17159090913
0.2	1.9362094463920455e7	7.965308934659092e6	185002.59346590907
0.2099999999999999	1.933706458892045e7	8.097816481534091e6	202669.73409090907
0.22000000000000003	1.931056102642045e7	8.255356184659091e6	316037.593465909
0.23000000000000015	1.9310562167045455e7	8.44969929403409e6	410265.76534090907
0.24000000000000005	1.9365037276420455e7	8.76183018465909e6	569276.8747159091
0.24999999999999994	1.960060713579545e7	9.094572169034094e6	809262.093465909
0.26000000000000006	1.991862707329546e7	9.45676052840909e6	1.0198032184659089e6
0.2700000000000002	2.031615199517046e7	9.817475200284092e6	1.289235952840909e6
0.27999999999999997	2.0834404088920455e7	1.037842659090909e7	1.5910590153409091e6
0.29	2.147486046392045e7	1.1068939294034092e7	1.9576650153409091e6
0.3	2.223015496392045e7	1.2131948184659092e7	2.4096639059659084e6
0.31	2.341830980767045e7	1.3689655262784092e7	2.9308622340909094e6
0.32	2.512766297954545e7	1.4910200434659092e7	5.0568788747159075e6
0.33	2.6470410151420455e7	1.6341285590909092e7	7.230011312215908e6
0.34	2.8400611135795455e7	1.8870713919034094e7	1.059571395284091e7
0.35000000000000003	2.959612757329545e7	2.0397502075284094e7	1.403503139034091e7
0.36000000000000004	3.105665682329545e7	2.270314091903409e7	1.8172225405965906e7
0.37000000000000005	3.1892933417045455e7	2.4742292122159094e7	2.119487823409091e7
0.38000000000000006	3.2708592073295448e7	2.644870020028409e7	2.307207665596591e7
0.39000000000000007	3.3453582167045455e7	2.793426388778409e7	2.482118174971591e7
0.4000000000000001	3.4241269276420444e7	2.919897862215909e7	2.6029947687215906e7
0.41	3.484638794829546e7	3.0183953934659086e7	2.709884676534091e7
0.4199999999999999	3.560021104204546e7	3.134413495028409e7	2.8151548968465906e7
0.43	3.622888932329545e7	3.200372873153409e7	2.904524120284091e7
0.4400000000000001	3.695031980767045e7	3.286503177840909e7	3.023928623409091e7
0.45	3.754071757329545e7	3.3922151622159086e7	3.124487378096591e7
0.4599999999999999	3.819883880767045e7	3.460972037215909e7	3.2125317655965917e7
0.47000000000000003	3.872445477642046e7	3.5423908762784086e7	3.2951282999715906e7
0.48000000000000015	3.926626533892045e7	3.6046696856534086e7	3.367860481221591e7
0.49000000000000005	3.9671150713920444e7	3.6662121075284086e7	3.436911865596591e7
0.49999999999999994	4.002892257329545e7	3.70935088721591e7	3.49609878278409e7
0.5100000000000002	4.033516327642045e7	3.753667590340909e7	3.543507149971591e7
0.5200000000000002	4.057514963579545e7	3.789444548153409e7	3.588854521846591e7
0.53	4.073857724517045e7	3.8199214778409086e7	3.630667895284091e7
0.54	4.088728052642045e7	3.8483371840909086e7	3.66158647497159e7
0.55	4.097561851079545e7	3.868802163778408e7	3.688824371846591e7
0.56	4.110223815142046e7	3.885880970028409e7	3.711939365596591e7
0.5700000000000001	4.114346147954546e7	3.900456788778409e7	3.729459935909091e7
0.5800000000000001	4.123032805767045e7	3.91414919346591e7	3.746686110909091e7
0.5900000000000001	4.126271952642045e7	3.9212165059659086e7	3.760378743721591e7
0.6000000000000001	4.129216590142045e7	3.9299030497159086e7	3.772157065596591e7
0.6100000000000001	4.131424954204546e7	3.9380009169034086e7	3.778782385909092e7
0.6200000000000001	4.134222451079545e7	3.944626237215909e7	3.787616412471591e7
0.6300000000000001	4.135105751079546e7	3.9466875747159086e7	3.79203314059659e7
0.6400000000000001	4.136725438579545e7	3.9518404622159086e7	3.798511320284091e7
0.6500000000000001	4.136136305767045e7	3.9530183856534086e7	3.800867053096591e7
0.6599999999999999	4.137314343267045e7	3.956993691903409e7	3.804547964034092e7
0.6699999999999999	4.137167088579545e7	3.955668627840908e7	3.806020168721591e7
0.6800000000000002	4.138492152642047e7	3.9583187559659086e7	3.80734523278409e7
0.6900000000000002	4.137608738579546e7	3.959349538778408e7	3.806167423409091e7
0.7	4.137755993267046e7	3.9597911887784086e7	3.809259201534091e7
0.71	4.137755993267046e7	3.9586131512784086e7	3.808228532784092e7
0.7199999999999998	4.138786547954545e7	3.9590549153409086e7	3.809406456221591e7
0.73	4.139228197954546e7	3.956846437215909e7	3.806314678096591e7
0.74	4.139228197954546e7	3.958907660653409e7	3.809406456221591e7
0.75	4.138050502642046e7	3.956404787215909e7	3.807050837471592e7
0.7600000000000002	4.1393754526420444e7	3.957288201278409e7	3.80719797809659e7
0.77	4.137166974517045e7	3.953754545028409e7	3.80440059528409e7
0.78	4.137903133892046e7	3.95640467315341e7	3.806756214034092e7
0.79	4.136578069829546e7	3.953460263778409e7	3.80454796403409e7
0.7999999999999998	4.137903133892046e7	3.953165526278409e7	3.805872914034092e7
0.81	4.136872465142046e7	3.9515460669034086e7	3.801455957784091e7
0.8200000000000001	4.138933916704546e7	3.9518404622159086e7	3.80248662653409e7
0.8300000000000001	4.136136419829545e7	3.949632212215909e7	3.80071991247159e7
0.8400000000000003	4.138639293267045e7	3.949779352840909e7	3.799983639034091e7
0.8500000000000001	4.135989165142045e7	3.946981855965909e7	3.798953084346592e7
0.8599999999999999	4.138639407329546e7	3.9488959387784086e7	3.800278262471591e7
0.8699999999999999	4.137019719829545e7	3.9437428231534086e7	3.797039115596591e7
0.8799999999999999	4.139375452642046e7	3.945215027840909e7	3.796597351534091e7
0.8899999999999997	4.137314343267045e7	3.942712154403409e7	3.794830751534091e7
0.8999999999999999	4.137314343267045e7	3.94374282315341e7	3.794536242159091e7
0.9099999999999999	4.136430929204546e7	3.939620262215909e7	3.792033254659091e7
0.9199999999999999	4.137608738579546e7	3.9410926950284086e7	3.792180509346592e7
0.9300000000000002	4.136725438579545e7	3.9363812294034086e7	3.789677407784091e7
0.94	4.137608852642045e7	3.9375591528409086e7	3.791591490596591e7
0.95	4.137314229204546e7	3.9349089106534086e7	3.787469043721591e7
0.96	4.137461483892045e7	3.9362339747159086e7	3.787174534346591e7
0.9699999999999998	4.135547401079546e7	3.9325532919034086e7	3.786438374971591e7
0.98	4.138344783892045e7	3.934025610653409e7	3.785113424971591e7
0.99	4.136136419829545e7	3.930492182528409e7	3.783640992159091e7
1.	4.138050502642045e7	3.931228113778409e7	3.781874164034091e7
1.0100000000000002	4.136283560454545e7	3.927989080965909e7	3.777604462471591e7
1.02	4.138344897954545e7	3.9285778715909086e7	3.77878238590909e7
1.03	4.136136419829545e7	3.924308398153409e7	3.77701567184659e7
1.04	4.137461483892045e7	3.9248973028409086e7	3.774512798409091e7
1.0499999999999998	4.135694769829546e7	3.923719379403409e7	3.773629384346591e7
1.06	4.1380502745170444e7	3.922247174715909e7	3.77274597028409e7
1.07	4.135841910454545e7	3.9198914419034086e7	3.77039012340909e7
1.08	4.135841910454545e7	3.919744187215908e7	3.770831887471591e7
1.0900000000000003	4.135105751079546e7	3.9170940590909086e7	3.767887478096591e7
1.1	4.138492266704546e7	3.917241199715909e7	3.767445714034091e7
1.1099999999999999	4.135989279204545e7	3.915916135653409e7	3.764206681221591e7
1.1199999999999999	4.135841910454545e7	3.9142965622159086e7	3.764206567159091e7
1.13	4.134075082329546e7	3.91046851065341e7	3.762292712471591e7
1.1399999999999997	4.137608738579545e7	3.9113519247159086e7	3.760231260909092e7
1.15	4.135547401079546e7	3.908849051278409e7	3.759200820284091e7
1.16	4.136725324517046e7	3.907671241903409e7	3.755961445284091e7
1.17	4.1355474010795444e7	3.9056101325284086e7	3.754342214034092e7
1.1800000000000002	4.137608738579546e7	3.903695935653408e7	3.75331154528409e7
1.19	4.135694769829546e7	3.902076362215909e7	3.749778003096591e7
1.2	4.136872579204546e7	3.902665380965909e7	3.748305570284091e7
1.21	4.135841910454545e7	3.898690188778408e7	3.74712776090909e7
1.2199999999999998	4.137166974517045e7	3.898248424715909e7	3.745213678096591e7
1.23	4.135989165142045e7	3.894862023153408e7	3.743446964034091e7
1.24	4.136578069829545e7	3.8961873153409086e7	3.740944090596591e7
1.25	4.135400260454546e7	3.891034085653409e7	3.73829396247159e7
1.2600000000000002	4.136430815142046e7	3.8914758497159086e7	3.73696901247159e7
1.27	4.136578069829545e7	3.8872061481534086e7	3.73358238278409e7
1.28	4.137608624517045e7	3.8866171294034086e7	3.731521273409092e7
1.29	4.1367252104545444e7	3.8838198606534086e7	3.72916554059659e7
1.2999999999999998	4.137756107329546e7	3.8833779825284086e7	3.726515184346591e7
1.31	4.136136419829545e7	3.8802863184659086e7	3.724306934346591e7
1.3200000000000003	4.138786547954545e7	3.8786666309659086e7	3.722245710909091e7
1.33	4.138050388579546e7	3.876458266903409e7	3.719300959346591e7
1.3400000000000003	4.138197643267046e7	3.8741024200284086e7	3.71635643590909e7
1.35	4.137608624517045e7	3.871157896590909e7	3.713706421846592e7
1.36	4.1381975292045444e7	3.8704218512784086e7	3.711939479659092e7
1.3699999999999999	4.139228312017045e7	3.8664465450284086e7	3.707964173409091e7
1.38	4.138786547954546e7	3.8662994044034086e7	3.704725254659091e7
1.3899999999999997	4.137755879204546e7	3.8621767294034086e7	3.700602693721592e7
1.4	4.138786662017045e7	3.86188244815341e7	3.695744087471591e7
1.4100000000000001	4.137608738579546e7	3.855993059090909e7	3.693977373409092e7
1.42	4.138492266704546e7	3.855845804403409e7	3.69088559528409e7
1.4300000000000002	4.137756107329545e7	3.8531957903409086e7	3.685290715596591e7
1.44	4.137755993267046e7	3.8515761028409086e7	3.68249321872159e7
1.45	4.137314115142045e7	3.8468647512784086e7	3.677340331221591e7
1.46	4.140111726079546e7	3.8458340825284086e7	3.673217884346591e7
1.4699999999999998	4.138786547954545e7	3.84112284502841e7	3.668948068721592e7
1.48	4.139081057329545e7	3.839650412215909e7	3.66379495309659e7
1.4899999999999998	4.137903133892046e7	3.833908505965909e7	3.658200187471592e7
1.5	4.140111726079545e7	3.8318472825284086e7	3.65157475309659e7
1.5100000000000002	4.138050502642045e7	3.8289027590909086e7	3.64627449684659e7
1.52	4.139669962017045e7	3.82595800752841e7	3.638323884346591e7
1.53	4.138197757329546e7	3.8208048919034086e7	3.632434723409091e7
1.54	4.140995140142045e7	3.817860254403409e7	3.62389532028409e7
1.5499999999999998	4.138197643267046e7	3.8131489028409086e7	3.617417254659091e7
1.56	4.140258752642045e7	3.811971093465908e7	3.610497424971591e7
1.5700000000000003	4.138197643267046e7	3.8069650044034086e7	3.60254669840909e7
1.58	4.141584044829545e7	3.8037260856534086e7	3.593565645284091e7
1.5900000000000003	4.139817216704545e7	3.7978368106534086e7	3.58723494840909e7
1.6	4.1411422807670444e7	3.794892059090909e7	3.576781348409091e7
1.61	4.1396700760795444e7	3.7884139934659086e7	3.570156028096591e7
1.6199999999999999	4.141583930767046e7	3.7863527700284086e7	3.558966382784091e7
1.63	4.140111612017046e7	3.7813470231534086e7	3.553371731221591e7
1.6399999999999997	4.140700402642045e7	3.7761937934659086e7	3.54291824528409e7
1.65	4.139669962017046e7	3.76942110440341e7	3.533937078096591e7
1.6600000000000001	4.142173063579546e7	3.765887676278409e7	3.525986807784091e7
1.67	4.140995140142045e7	3.759851146590909e7	3.516711017159091e7
1.6800000000000002	4.143056363579545e7	3.755434190340908e7	3.50596336403409e7
1.69	4.142025580767046e7	3.749545029403409e7	3.497865268721591e7
1.7	4.142172721392045e7	3.7435084997159086e7	3.48741212497159e7
1.7100000000000002	4.142320318267045e7	3.739091543465909e7	3.47828381715909e7
1.72	4.1433506448295444e7	3.7339385419034086e7	3.468860999971591e7
1.7300000000000006	4.140995140142045e7	3.726724202840909e7	3.45899653278409e7
1.7399999999999995	4.142172721392045e7	3.721423718465909e7	3.447512492159092e7
1.7500000000000002	4.140995140142046e7	3.7164180856534086e7	3.436911865596591e7
1.76	4.144234058892045e7	3.7115593653409086e7	3.425722334346592e7
1.7699999999999998	4.142025580767045e7	3.702872707528409e7	3.41659379840909e7
1.78	4.143350758892046e7	3.6991919106534086e7	3.402018093721591e7
1.7899999999999998	4.141584044829545e7	3.6905053669034086e7	3.39392022653409e7
1.8	4.142909108892046e7	3.683732791903409e7	3.380963867159091e7
1.8099999999999998	4.143497899517045e7	3.6794629762784086e7	3.370363468721591e7
1.8200000000000005	4.143203390142046e7	3.6718071012784086e7	3.357848645284091e7
1.8299999999999994	4.142614599517046e7	3.662678565340909e7	3.3465118593465902e7
1.84	4.145706491704545e7	3.655464340340908e7	3.3335556140340906e7
1.8499999999999999	4.144086804204546e7	3.649280670028409e7	3.3226605921590917e7
1.86	4.144528568267046e7	3.642655235653409e7	3.3091153280965906e7
1.8699999999999999	4.144528454204545e7	3.6349992465909086e7	3.2957172046590913e7
1.8800000000000001	4.146295282329545e7	3.627196002840909e7	3.2808468765340913e7
1.89	4.143792294829545e7	3.6190982497159086e7	3.2699517405965906e7
1.8999999999999997	4.145411982329546e7	3.6107061012784086e7	3.2565538452840906e7
1.9100000000000004	4.1460008870170444e7	3.602166470028409e7	3.2410943843465917e7
1.9200000000000002	4.146884301079546e7	3.5955412637784086e7	3.2234267874715913e7
1.93	4.144823077642045e7	3.5865602106534086e7	3.21429836559659e7
1.9400000000000002	4.147325837017046e7	3.578756966903409e7	3.1988391327840913e7
1.95	4.147767601079546e7	3.568009085653409e7	3.1835271546590906e7
1.9600000000000002	4.148651015142045e7	3.5602058419034086e7	3.1701290312215906e7
1.97	4.147767715142045e7	3.5519609481534086e7	3.1555533265340913e7
1.9800000000000006	4.147914855767046e7	3.5454828825284086e7	3.1380326421590913e7
1.9899999999999995	4.147767487017045e7	3.5328206903409086e7	3.123015059346591e7
2.0000000000000004	4.151154002642046e7	3.525606579403409e7	3.1052002077840906e7
2.0100000000000002	4.150712124517046e7	3.5150058387784086e7	3.091213179659091e7
2.02	4.150859493267045e7	3.507055340340909e7	3.0731038187215906e7
2.0300000000000002	4.148651015142045e7	3.4942463497159086e7	3.0564667765340902e7
2.04	4.151448397954545e7	3.4864431059659086e7	3.036296078096591e7
2.0500000000000003	4.150859607329545e7	3.474958951278409e7	3.0226035593465906e7
2.06	4.153951385454545e7	3.4655361340909086e7	3.0044940843465906e7
2.0700000000000007	4.153656990142046e7	3.4516965887784086e7	2.986090099971591e7
2.0799999999999996	4.1536568760795444e7	3.444776530965909e7	2.9660667702840906e7
2.0900000000000003	4.152626321392045e7	3.430200826278409e7	2.948104549971591e7
2.1	4.154834799517046e7	3.4229863731534086e7	2.9245475640340906e7
2.1100000000000003	4.154393035454546e7	3.4091465997159086e7	2.9090884452840913e7
2.12	4.157043163579545e7	3.399429501278409e7	2.887003664034091e7
2.1300000000000003	4.154981940142045e7	3.3850009372159086e7	2.868305398409091e7
2.14	4.157043163579545e7	3.3746947059659086e7	2.845779081221591e7
2.15	4.156601513579545e7	3.361738346590909e7	2.8263444280965913e7
2.1600000000000006	4.159987915142046e7	3.3506959559659086e7	2.8021985374715902e7
2.1700000000000004	4.156012608892045e7	3.3358255137784086e7	2.7848253359090913e7
2.18	4.160871329204546e7	3.3241942184659086e7	2.757440298409091e7
2.1900000000000004	4.1588099917045444e7	3.3093238903409086e7	2.7360919046590913e7
2.2	4.161312979204545e7	3.2963677590909094e7	2.7117986452840906e7
2.2100000000000004	4.159398896392045e7	3.281644571590909e7	2.6922169655965906e7
2.22	4.163226947954546e7	3.2683938169034086e7	2.6651265515340906e7
2.230000000000001	4.162490788579546e7	3.2535232606534086e7	2.6439251843465906e7
2.2399999999999998	4.164552126079545e7	3.2398309700284086e7	2.618601370284091e7
2.2500000000000004	4.163226833892045e7	3.2243716231534086e7	2.5929832749715906e7
2.2600000000000002	4.165582566704545e7	3.2092067856534094e7	2.562947995284091e7
2.27	4.165288057329545e7	3.1933059028409086e7	2.5445441249715906e7
2.2800000000000002	4.167349394829546e7	3.1759328153409086e7	2.515686996846591e7
2.29	4.168527204204545e7	3.159295430965909e7	2.490068673409091e7
2.3000000000000003	4.169999522954547e7	3.1450141215909086e7	2.460033393721591e7
2.31	4.169263363579547e7	3.1270519012784086e7	2.436329381221591e7
2.3200000000000007	4.172208001079545e7	3.1098258403409086e7	2.4012883546590913e7
2.3299999999999996	4.172060746392045e7	3.0911275747159094e7	2.3777313687215906e7
2.3400000000000003	4.174416479204545e7	3.0727234762784094e7	2.349904795284091e7
2.35	4.1733858104545444e7	3.0559395215909094e7	2.320016656221591e7
2.3600000000000003	4.175299665142046e7	3.0366520090909086e7	2.2854175077840902e7
2.37	4.176035938579545e7	3.0183953934659086e7	2.258179724971591e7
2.3800000000000003	4.177655626079546e7	2.997782930965909e7	2.225788940596591e7
2.39	4.178686180767045e7	2.9793792887784086e7	2.1970788390340902e7
2.4	4.179127944829545e7	2.9575890169034094e7	2.163951667159091e7
2.4100000000000006	4.181189168267046e7	2.933737407528409e7	2.133180342159091e7
2.4200000000000004	4.183692041704546e7	2.9166588294034086e7	2.097992289034091e7
2.43	4.1833975323295444e7	2.893396238778409e7	2.0666321734090902e7
2.4400000000000004	4.185164360454546e7	2.8749923684659086e7	2.0329160968465906e7
2.45	4.187667233892046e7	2.8473128215909094e7	1.996255496846591e7
2.4600000000000004	4.188403507329547e7	2.8274366325284094e7	1.963570317159091e7
2.47	4.189139552642045e7	2.805646246590909e7	1.927793131221591e7
2.480000000000001	4.191936935454546e7	2.779881124715909e7	1.8970218062215906e7
2.4899999999999998	4.192673208892046e7	2.7564712794034086e7	1.857416568721591e7
2.5000000000000004	4.194145527642046e7	2.7342392434659097e7	1.821786637471591e7
2.5100000000000002	4.194881572954545e7	2.707737734090909e7	1.7870400062215906e7
2.52	4.198562369829545e7	2.6869781309659097e7	1.7465516968465906e7
2.5300000000000002	4.198562483892045e7	2.6531150278409094e7	1.714160684346591e7
2.54	4.201801402642045e7	2.634122252840909e7	1.6748500702840907e7
2.5500000000000003	4.201948543267046e7	2.606148310653409e7	1.640839598409091e7
2.56	4.204598899517046e7	2.5762603997159094e7	1.5993203921590907e7
2.5700000000000007	4.205776708892046e7	2.5502004262784094e7	1.566340817159091e7
2.5799999999999996	4.208574091704546e7	2.5267908090909094e7	1.5268829484090907e7
2.5900000000000003	4.208721346392045e7	2.4939581465909094e7	1.489927839034091e7
2.6	4.212107519829547e7	2.469370605965909e7	1.4519420609090907e7
2.6100000000000003	4.213580066704546e7	2.4384520262784094e7	1.413956624971591e7
2.62	4.215641062017045e7	2.4115088669034094e7	1.368314971846591e7
2.6300000000000003	4.216966354204545e7	2.3777929044034094e7	1.337249251534091e7
2.64	4.219469227642045e7	2.353352618465909e7	1.297938523409091e7
2.65	4.219469113579545e7	2.3205201840909086e7	1.257744381221591e7
2.6600000000000006	4.222855515142045e7	2.292398987215909e7	1.220053226534091e7
2.6700000000000004	4.224622229204546e7	2.2583886294034094e7	1.1839814171590911e7
2.68	4.229922485454546e7	2.2312978731534094e7	1.1395178015340911e7
2.6900000000000004	4.229628204204545e7	2.1978765340909094e7	1.1068325077840911e7
2.7	4.234634065142045e7	2.170785891903409e7	1.067669034346591e7
2.7100000000000004	4.235959015142046e7	2.136481138778409e7	1.0304195296590907e7
2.72	4.240228830767045e7	2.1070348778409094e7	9.874280046590911e6
2.730000000000001	4.243173468267046e7	2.0736134247159094e7	9.54742710909091e6
2.7399999999999998	4.247443055767045e7	2.0437255137784097e7	9.12340090596591e6
2.7500000000000004	4.249945815142046e7	2.0089789965909094e7	8.73029476534091e6
2.7600000000000002	4.255688063579545e7	1.978649435653409e7	8.378414234090911e6
2.7700000000000005	4.258632701079545e7	1.9490559200284097e7	8.053032702840911e6
2.7800000000000002	4.264374607329545e7	1.9148984215909094e7	7.603977765340908e6
2.79	4.267319244829546e7	1.8861880919034097e7	7.294791968465909e6
2.8000000000000003	4.273208633892045e7	1.852177962215909e7	6.900213280965909e6
2.81	4.276742062017045e7	1.8183146309659094e7	6.568943843465908e6
2.8200000000000007	4.282778591704545e7	1.789015738778409e7	6.190558609090908e6
2.8299999999999996	4.284103655767046e7	1.7567722090909094e7	5.822478921590909e6
2.8400000000000003	4.290729090142045e7	1.727767598153409e7	5.447042202840908e6
2.85	4.293968122954546e7	1.696701877840909e7	5.148164234090908e6
2.8600000000000003	4.299563002642046e7	1.6621025012784092e7	4.818365062215908e6
2.87	4.303096430767045e7	1.6323617309659095e7	4.485621937215909e6
2.8800000000000003	4.308543941704545e7	1.603504374715909e7	4.1440446715909094e6
2.89	4.312224852642046e7	1.5693468762784092e7	3.8701954372159094e6
2.9	4.317377854204546e7	1.5407838012784092e7	3.522731405965909e6
2.9100000000000006	4.321794924517045e7	1.5085403856534095e7	3.2709669528409084e6
2.9200000000000004	4.325622862017045e7	1.4798303981534094e7	2.9691427497159084e6
2.93	4.327831340142046e7	1.4490591872159092e7	2.7262112965909094e6
2.940000000000001	4.333867755767046e7	1.4235881184659092e7	2.443526780965909e6
2.95	4.337106788579545e7	1.3906084294034092e7	2.171148952840909e6
2.9600000000000004	4.342259904204545e7	1.3633705325284092e7	1.947358327840909e6
2.97	4.344763005767045e7	1.332157557528409e7	1.7544854840909087e6
2.980000000000001	4.350504912017046e7	1.3062448387784092e7	1.4997770778409091e6
2.9899999999999998	4.352271740142047e7	1.272823385653409e7	1.3275153278409091e6
3.0000000000000004	4.357277372954545e7	1.2483832137784094e7	1.1405326715909091e6
3.0100000000000002	4.360074869829545e7	1.219084207528409e7	1.0418879997159089e6
3.0200000000000005	4.364786221392046e7	1.1919936794034092e7	859319.562215909
3.03	4.368025254204546e7	1.157983321590909e7	778343.1715909091
3.04	4.370970005767045e7	1.132659621590909e7	645836.765340909
3.0500000000000003	4.373914643267045e7	1.0932015247159092e7	554553.6872159091
3.06	4.377301044829545e7	1.057865988778409e7	432350.5465909091
3.0700000000000007	4.379951287017045e7	1.0116355450284092e7	392598.62471590907
3.0799999999999996	4.3828956963920444e7	9.68938529403409e6	292480.26534090907
3.0900000000000003	4.385104174517046e7	9.263887684659092e6	242421.65596590907
3.1	4.389962780767046e7	8.920839012784092e6	152611.12471590907
3.1100000000000003	4.389962780767046e7	8.543927465909092e6	100000.
3.1200000000000006	4.393938087017046e7	8.262715497159091e6	100000.
3.1300000000000003	4.391876749517047e7	7.949113200284092e6	100000.
3.14	4.395263037017045e7	7.687042059659091e6	100000.
3.15	4.394674246392045e7	7.416136778409092e6	100000.
3.1600000000000006	4.394968755767045e7	7.12167416903409e6	100000.
3.1700000000000004	4.394085455767045e7	6.891994497159092e6	100000.
3.18	4.394526991704545e7	6.668202731534091e6	100000.
3.190000000000001	4.394821387017046e7	6.439994465909091e6	100000.
3.2	4.392318399517045e7	6.226509387784091e6	100000.
3.2100000000000004	4.391582354204546e7	6.007135262784091e6	100000.
3.22	4.389226621392045e7	5.846652747159091e6	100000.
3.230000000000001	4.389373990142046e7	5.63464135653409e6	100000.
3.2399999999999998	4.387312652642045e7	5.466798387784092e6	100000.
3.2500000000000004	4.386281983892046e7	5.278342044034092e6	100000.
3.2600000000000002	4.384368015142045e7	5.116386981534091e6	100000.
3.2700000000000005	4.383779224517045e7	4.90584585653409e6	100000.
3.28	4.383042951079545e7	4.776283403409092e6	100000.
3.29	4.381128868267046e7	4.617274575284091e6	100000.
3.3000000000000003	4.378331599517045e7	4.461209700284091e6	100000.
3.31	4.377889835454545e7	4.318395465909091e6	100000.
3.3200000000000007	4.377300930767046e7	4.175580090909091e6	100000.
3.3299999999999996	4.377006535454545e7	3.99743043465909e6	100000.
3.3400000000000003	4.375681471392046e7	3.860507528409091e6	100000.
3.35	4.3725896932670444e7	3.7456659815340904e6	100000.
3.3600000000000003	4.371706165142045e7	3.6028517471590913e6	100000.
3.3700000000000006	4.369350546392045e7	3.435007637784091e6	100000.
3.3800000000000003	4.3696447135795444e7	3.337835512784091e6	100000.
3.39	4.366700190142046e7	3.192077325284091e6	100000.
3.4	4.367289322954546e7	3.0698764659090904e6	100000.
3.4100000000000006	4.3659641448295444e7	2.9300073252840904e6	100000.
3.4200000000000004	4.364786221392046e7	2.8210559659090904e6	100000.
3.43	4.363461157329546e7	2.6929637784090913e6	100000.
3.440000000000001	4.361988838579546e7	2.5663452784090904e6	100000.
3.45	4.361694443267046e7	2.435309137784091e6	100000.
3.4600000000000004	4.361841583892046e7	2.335190778409091e6	100000.
3.47	4.361547188579546e7	2.215933872159091e6	100000.
3.480000000000001	4.3597803604545444e7	2.1158177940340904e6	100000.
3.4899999999999998	4.360074869829545e7	1.9847816534090908e6	100000.
3.5000000000000004	4.359633105767046e7	1.9067480752840906e6	100000.
3.5100000000000002	4.358160672954545e7	1.768351481534091e6	100000.
3.5200000000000005	4.355216377642046e7	1.7006268721590908e6	100000.
3.53	4.353154926079546e7	1.5666456377840908e6	100000.
3.54	4.355069008892045e7	1.5136419346590908e6	100000.
3.5500000000000003	4.352713390142046e7	1.3855520284090913e6	100000.
3.56	4.350799307329546e7	1.329603231534091e6	100000.
3.5700000000000007	4.349032593267046e7	1.2221244190340908e6	100000.
3.5799999999999996	4.349179619829546e7	1.1676481690340913e6	100000.
3.5900000000000003	4.3482964338920444e7	1.0586979502840913e6	100000.
3.6	4.347265765142045e7	1.0233636690340908e6	100000.
3.6100000000000003	4.346235096392045e7	909994.6690340909	100000.
3.6200000000000006	4.346529833892045e7	851101.9190340909	100000.
3.6300000000000003	4.343290572954545e7	773069.4815340908	100000.
3.64	4.342701668267045e7	746567.0596590908	100000.
3.65	4.342259904204545e7	674423.669034091	100000.
3.6600000000000006	4.341376718267045e7	640561.9346590909	100000.
3.6700000000000004	4.339462635454545e7	571363.6377840909	100000.
3.68	4.339609890142047e7	533085.4034090909	100000.
3.690000000000001	4.337254157329545e7	484497.0596590908	100000.
3.7	4.335928979204546e7	463884.82528409094	100000.
3.709999999999999	4.335340188579546e7	397630.48153409106	100000.
3.7200000000000006	4.332689832329546e7	391741.43465909094	100000.
3.7300000000000004	4.333278965142046e7	344625.637784091	100000.
3.74	4.331806532329545e7	328431.0440340909	100000.
3.75	4.330775863579545e7	296040.71590909094	100000.
3.7600000000000016	4.330186844829545e7	269539.43465909094	100000.
3.7700000000000005	4.326947812017046e7	247455.79403409097	100000.
3.7799999999999994	4.326947812017045e7	248928.34090909097	100000.
3.79	4.325033843267046e7	216535.731534091	100000.
3.8000000000000007	4.324297797954545e7	226842.41903409094	100000.
3.8100000000000005	4.324150543267045e7	179727.76278409094	100000.
3.8200000000000003	4.3226782245170444e7	188563.04403409097	100000.
3.83	4.320764255767045e7	151755.07528409097	100000.
3.84	4.320911510454545e7	148809.98153409094	100000.
3.8499999999999996	4.319586446392046e7	125252.65340909093	100000.
3.8600000000000003	4.318114241704545e7	141448.38778409094	100000.
3.870000000000001	4.316494440142045e7	113474.55965909093	100000.
3.88	4.316494440142046e7	125253.79403409096	100000.
3.8900000000000006	4.315316630767045e7	100000.	100000.
3.9000000000000004	4.313255407329546e7	109056.91903409093	100000.
3.91	4.312077597954546e7	100000.	100000.
3.92	4.311046929204546e7	100000.	100000.
3.9300000000000006	4.309869005767045e7	100000.	100000.
3.9400000000000013	4.309869119829546e7	100000.	100000.
3.95	4.307660527642046e7	100000.	100000.
3.959999999999999	4.308102177642046e7	100000.	100000.
3.9700000000000006	4.305451935454545e7	100000.	100000.
3.9800000000000004	4.304716004204546e7	100000.	100000.
3.99	4.303243799517045e7	100000.	100000.
4.	4.302507412017045e7	100000.	100000.
4.010000000000002	4.301035321392046e7	100000.	100000.
4.0200000000000005	4.300004538579545e7	100000.	100000.
4.029999999999999	4.298090569829546e7	100000.	100000.
4.04	4.297796288579546e7	100000.	100000.
4.050000000000001	4.295587696392046e7	100000.	100000.
4.0600000000000005	4.294998791704545e7	100000.	100000.
4.07	4.293968008892046e7	100000.	100000.
4.08	4.293231963579545e7	100000.	100000.
4.09	4.290287440142045e7	100000.	100000.
4.1	4.289698307329545e7	100000.	100000.
4.11	4.287048293267046e7	100000.	100000.
4.120000000000001	4.286753897954546e7	100000.	100000.
4.13	4.283661891704546e7	100000.	100000.
4.140000000000001	4.283220241704545e7	100000.	100000.
4.15	4.282778477642045e7	100000.	100000.
4.16	4.280128349517046e7	100000.	100000.
4.17	4.279097680767045e7	100000.	100000.
4.180000000000001	4.277772730767046e7	100000.	100000.
4.190000000000001	4.275858762017046e7	100000.	100000.
4.2	4.274091933892045e7	100000.	100000.
4.209999999999999	4.273208519829545e7	100000.	100000.
4.220000000000001	4.2702638823295444e7	100000.	100000.
4.23	4.268644422954546e7	100000.	100000.
4.24	4.266288690142045e7	100000.	100000.
4.25	4.264080326079545e7	100000.	100000.
4.260000000000002	4.262902402642045e7	100000.	100000.
4.2700000000000005	4.260988319829546e7	100000.	100000.
4.279999999999999	4.259663255767045e7	100000.	100000.
4.29	4.256865872954546e7	100000.	100000.
4.300000000000001	4.254068604204545e7	100000.	100000.
4.3100000000000005	4.251712757329545e7	100000.	100000.
4.32	4.249504393267046e7	100000.	100000.
4.33	4.246265246392045e7	100000.	100000.
4.34	4.245087551079546e7	100000.	100000.
4.35	4.241995658892046e7	100000.	100000.
4.36	4.239198162017046e7	100000.	100000.
4.370000000000001	4.234781091704546e7	100000.	100000.
4.38	4.232130963579546e7	100000.	100000.
4.390000000000001	4.229628090142045e7	100000.	100000.
4.4	4.226536312017046e7	100000.	100000.
4.41	4.222561119829545e7	100000.	100000.
4.42	4.219763622954546e7	100000.	100000.
4.430000000000001	4.214021602642045e7	100000.	100000.
4.440000000000001	4.210046296392045e7	100000.	100000.
4.45	4.206807263579546e7	100000.	100000.
4.459999999999999	4.203273835454545e7	100000.	100000.
4.470000000000001	4.197531701079545e7	100000.	100000.
4.48	4.189728457329545e7	100000.	100000.
4.49	4.188403507329545e7	100000.	100000.
4.5	4.183986551079545e7	100000.	100000.
4.510000000000002	4.178391785454546e7	100000.	100000.
4.5200000000000005	4.173385924517045e7	100000.	100000.
4.529999999999999	4.1676439042045444e7	100000.	100000.
4.54	4.161901997954546e7	100000.	100000.
4.550000000000001	4.156307118267045e7	100000.	100000.
4.5600000000000005	4.151006633892046e7	100000.	100000.
4.57	4.144086918267045e7	100000.	100000.
4.58	4.141142280767045e7	100000.	100000.
4.59	4.133486177642045e7	100000.	100000.
4.6	4.127891412017045e7	100000.	100000.
4.61	4.122149277642045e7	100000.	100000.
4.620000000000001	4.116407257329545e7	100000.	100000.
4.63	4.108162591704545e7	100000.	100000.
4.640000000000001	4.104334540142045e7	100000.	100000.
4.65	4.096678437017046e7	100000.	100000.
4.66	4.089758607329545e7	100000.	100000.
4.67	4.082397127642045e7	100000.	100000.
4.680000000000001	4.076949388579545e7	100000.	100000.
4.690000000000001	4.069587908892045e7	100000.	100000.
4.7	4.063698519829546e7	100000.	100000.
4.709999999999999	4.055748249517045e7	100000.	100000.
4.720000000000001	4.048092260454546e7	100000.	100000.
4.73	4.039258233892046e7	100000.	100000.
4.74	4.033516327642045e7	100000.	100000.
4.75	4.024388019829545e7	100000.	100000.
4.760000000000002	4.017762585454545e7	100000.	100000.
4.7700000000000005	4.008634277642046e7	100000.	100000.
4.779999999999999	3.9972973776420444e7	100000.	100000.
4.79	3.988905229204545e7	100000.	100000.
4.800000000000001	3.977715697954546e7	100000.	100000.
4.8100000000000005	3.964464829204545e7	100000.	100000.
4.82	3.951361329204545e7	100000.	100000.
4.83	3.936638255767045e7	100000.	100000.
4.84	3.922209691704545e7	100000.	100000.
4.85	3.908075408892045e7	100000.	100000.
4.86	3.892174412017046e7	100000.	100000.
4.870000000000001	3.878776630767046e7	100000.	100000.
4.88	3.863464310454545e7	100000.	100000.
4.890000000000001	3.848299701079545e7	100000.	100000.
4.9	3.835048832329547e7	100000.	100000.
4.91	3.820031249517045e7	100000.	100000.
4.92	3.803246952642045e7	100000.	100000.
4.930000000000001	3.789554319829545e7	100000.	100000.
4.940000000000001	3.777039724517047e7	100000.	100000.
4.95	3.759519154204546e7	100000.	100000.
4.959999999999999	3.746268513579545e7	100000.	100000.
4.970000000000001	3.732134116704546e7	100000.	100000.
4.98	3.715497074517046e7	100000.	100000.
4.99	3.700332351079546e7	100000.	100000.
5.	3.689142705767045e7	100000.	100000.
5.010000000000002	3.673241822954546e7	100000.	100000.
5.0200000000000005	3.650862646392045e7	100000.	100000.
5.029999999999999	3.643795676079545e7	100000.	100000.
5.04	3.628336329204545e7	100000.	100000.
5.050000000000001	3.6121409370170444e7	100000.	100000.
5.0600000000000005	3.600804037017046e7	100000.	100000.
5.07	3.585050522954545e7	100000.	100000.
5.08	3.570621730767045e7	100000.	100000.
5.09	3.556487562017045e7	100000.	100000.
5.1	3.542795157329545e7	100000.	100000.
5.11	3.528808129204545e7	100000.	100000.
5.120000000000001	3.515999138579546e7	100000.	100000.
5.13	3.499214613579546e7	100000.	100000.
5.140000000000001	3.486700018267045e7	100000.	100000.
5.15	3.472124085454545e7	100000.	100000.
5.16	3.456370343267045e7	100000.	100000.
5.17	3.443561352642045e7	100000.	100000.
5.180000000000001	3.431194012017045e7	100000.	100000.
5.190000000000001	3.415587296392045e7	100000.	100000.
5.2	3.402483796392045e7	100000.	100000.
5.209999999999999	3.387908091704545e7	100000.	100000.
5.220000000000001	3.375687777642045e7	100000.	100000.
5.23	3.360670194829546e7	100000.	100000.
5.24	3.3471249307670463e7	100000.	100000.
5.25	3.332254488579546e7	100000.	100000.
5.260000000000002	3.320476052642045e7	100000.	100000.
5.2700000000000005	3.305311329204545e7	100000.	100000.
5.279999999999999	3.292060460454546e7	100000.	100000.
5.29	3.280282024517045e7	100000.	100000.
5.300000000000001	3.2685034745170448e7	100000.	100000.
5.3100000000000005	3.2537804010795448e7	100000.	100000.
5.32	3.239204468267045e7	100000.	100000.
5.33	3.2252175542045455e7	100000.	100000.
5.34	3.2132918635795455e7	100000.	100000.
5.35	3.201660568267046e7	100000.	100000.
5.36	3.188998718267045e7	100000.	100000.
5.370000000000001	3.1757479635795455e7	100000.	100000.
5.38	3.162791718267046e7	100000.	100000.
5.390000000000001	3.147332371392046e7	100000.	100000.
5.4	3.137467904204545e7	100000.	100000.
5.41	3.122303180767045e7	100000.	100000.
5.42	3.1114080448295455e7	100000.	100000.
5.430000000000001	3.0997766354545455e7	100000.	100000.
5.440000000000001	3.086525880767046e7	100000.	100000.
5.45	3.073569635454545e7	100000.	100000.
5.459999999999999	3.059729862017045e7	100000.	100000.
5.470000000000001	3.051779363579545e7	100000.	100000.
5.48	3.0383812401420455e7	100000.	100000.
5.49	3.026308294829545e7	100000.	100000.
5.5	3.0142353495170455e7	100000.	100000.
5.510000000000002	3.003193072954546e7	100000.	100000.
5.5200000000000005	2.9911201276420455e7	100000.	100000.
5.529999999999999	2.978311022954545e7	100000.	100000.
5.54	2.9668269823295455e7	100000.	100000.
5.550000000000001	2.9549014057670455e7	100000.	100000.
5.5600000000000005	2.943417137017045e7	100000.	100000.
5.57	2.933552783892045e7	100000.	100000.
5.58	2.921774347954545e7	100000.	100000.
5.59	2.9110264667045455e7	100000.	100000.
5.6	2.8989534073295444e7	100000.	100000.
5.61	2.8876166213920448e7	100000.	100000.
5.620000000000001	2.879224358892045e7	100000.	100000.
5.63	2.865237558892046e7	100000.	100000.
5.640000000000001	2.856256505767046e7	100000.	100000.
5.65	2.8435946557670455e7	100000.	100000.
5.66	2.833730074517046e7	100000.	100000.
5.67	2.8232767026420455e7	100000.	100000.
5.680000000000001	2.811498266704545e7	100000.	100000.
5.690000000000001	2.802811608892046e7	100000.	100000.
5.7	2.793241651079545e7	100000.	100000.
5.709999999999999	2.782051891704545e7	100000.	100000.
5.720000000000001	2.7718929151420455e7	100000.	100000.
5.73	2.760998007329545e7	100000.	100000.
5.74	2.7511335401420455e7	100000.	100000.
5.75	2.740827422954545e7	100000.	100000.
5.760000000000002	2.7321406510795455e7	100000.	100000.
5.7700000000000005	2.7213927698295455e7	100000.	100000.
5.779999999999999	2.7112339073295455e7	100000.	100000.
5.79	2.700044262017045e7	100000.	100000.
5.800000000000001	2.6913577182670455e7	100000.	100000.
5.8100000000000005	2.6822292963920455e7	100000.	100000.
5.82	2.6717759245170455e7	100000.	100000.
5.83	2.662647730767045e7	100000.	100000.
5.840000000000001	2.6520468760795455e7	100000.	100000.
5.85	2.6429185682670455e7	100000.	100000.
5.86	2.6346736745170455e7	100000.	100000.
5.870000000000001	2.6258397620170455e7	100000.	100000.
5.88	2.6158280401420455e7	100000.	100000.
5.890000000000001	2.6068469870170455e7	100000.	100000.
5.9	2.5983075838920455e7	100000.	100000.
5.91	2.589179276079545e7	100000.	100000.
5.92	2.5794620635795455e7	100000.	100000.
5.930000000000001	2.5713643104545455e7	100000.	100000.
5.940000000000001	2.5617943526420455e7	100000.	100000.
5.95	2.552665930767045e7	100000.	100000.
5.959999999999999	2.5444209229545455e7	100000.	100000.
5.970000000000001	2.5357343792045455e7	100000.	100000.
5.98	2.5246919885795455e7	100000.	100000.
5.99	2.5186555729545455e7	100000.	100000.
6.	2.5099690292045455e7	100000.	100000.
6.010000000000002	2.501429512017045e7	100000.	100000.
6.0200000000000005	2.4937735229545448e7	100000.	100000.
6.029999999999999	2.4855284010795455e7	100000.	100000.
6.04	2.477283507329546e7	100000.	100000.
6.050000000000001	2.468008058892045e7	100000.	100000.
6.0600000000000005	2.4621187838920455e7	100000.	100000.
6.07	2.452696194829546e7	100000.	100000.
6.08	2.4441565635795455e7	100000.	100000.
6.090000000000001	2.437383988579545e7	100000.	100000.
6.1	2.4292863495170455e7	100000.	100000.
6.109999999999999	2.421924869829545e7	100000.	100000.
6.120000000000001	2.4138268885795455e7	100000.	100000.
6.13	2.406612549517045e7	100000.	100000.
6.140000000000001	2.3986623932670455e7	100000.	100000.
6.15	2.3883561620170455e7	100000.	100000.
6.16	2.3842334870170463e7	100000.	100000.
6.17	2.377313771392045e7	100000.	100000.
6.1800000000000015	2.3699520635795455e7	100000.	100000.
6.190000000000001	2.363326743267046e7	100000.	100000.
6.2	2.3565541682670455e7	100000.	100000.
6.209999999999999	2.3480146510795455e7	100000.	100000.
6.220000000000001	2.3424198854545455e7	100000.	100000.
6.23	2.3325555323295455e7	100000.	100000.
6.24	2.3262244932670455e7	100000.	100000.
6.25	2.3200409370170455e7	100000.	100000.
6.260000000000002	2.3119431838920455e7	100000.	100000.
6.2700000000000005	2.303698062017045e7	100000.	100000.
6.279999999999999	2.2983979198295455e7	100000.	100000.
6.290000000000001	2.291183580767045e7	100000.	100000.
6.300000000000001	2.286472115142045e7	100000.	100000.
6.3100000000000005	2.277785457329545e7	100000.	100000.
6.32	2.2701294682670455e7	100000.	100000.
6.33	2.2642401932670455e7	100000.	100000.
6.340000000000001	2.2589399370170455e7	100000.	100000.
6.35	2.2515783432670455e7	100000.	100000.
6.359999999999999	2.244216749517045e7	100000.	100000.
6.370000000000001	2.2371496651420455e7	100000.	100000.
6.38	2.2328799635795455e7	100000.	100000.
6.390000000000001	2.2261072745170455e7	100000.	100000.
6.4	2.2190404182670455e7	100000.	100000.
6.41	2.2099119963920455e7	100000.	100000.
6.42	2.205936804204545e7	100000.	100000.
6.4300000000000015	2.1996056510795448e7	100000.	100000.
6.440000000000001	2.194010885454545e7	100000.	100000.
6.45	2.187091055767045e7	100000.	100000.
6.459999999999999	2.1801712260795455e7	100000.	100000.
6.470000000000001	2.174134696392045e7	100000.	100000.
6.48	2.167656630767045e7	100000.	100000.
6.49	2.1622091198295455e7	100000.	100000.
6.5	2.156467099517045e7	100000.	100000.
6.510000000000002	2.1498416651420455e7	100000.	100000.
6.5200000000000005	2.143216230767045e7	100000.	100000.
6.529999999999999	2.1380631151420455e7	100000.	100000.
6.540000000000001	2.1309960307670455e7	100000.	100000.
6.550000000000001	2.1271678651420455e7	100000.	100000.
6.5600000000000005	2.119806499517046e7	100000.	100000.
6.57	2.114506243267045e7	100000.	100000.
6.58	2.1092057588920455e7	100000.	100000.
6.590000000000001	2.104052871392045e7	100000.	100000.
6.6	2.0975744635795455e7	100000.	100000.
6.609999999999999	2.092274207329545e7	100000.	100000.
6.620000000000001	2.0852072370170455e7	100000.	100000.
6.63	2.0803485167045455e7	100000.	100000.
6.640000000000001	2.0747537510795455e7	100000.	100000.
6.65	2.069895030767045e7	100000.	100000.
6.66	2.062091787017046e7	100000.	100000.
6.67	2.0563499948295455e7	100000.	100000.
6.6800000000000015	2.051638529204545e7	100000.	100000.
6.690000000000001	2.0467799229545455e7	100000.	100000.
6.7	2.0414795526420455e7	100000.	100000.
6.709999999999999	2.0369154557670455e7	100000.	100000.
6.720000000000001	2.030584530767045e7	100000.	100000.
6.73	2.025873065142046e7	100000.	100000.
6.74	2.018805980767045e7	100000.	100000.
6.75	2.015567062017046e7	100000.	100000.
6.760000000000002	2.0079108448295455e7	100000.	100000.
6.7700000000000005	2.0034937745170455e7	100000.	100000.
6.779999999999999	1.9987825370170455e7	100000.	100000.
6.790000000000001	1.9931877713920455e7	100000.	100000.
6.800000000000001	1.988329051079546e7	100000.	100000.
6.8100000000000005	1.983176049517045e7	100000.	100000.
6.82	1.9775812838920455e7	100000.	100000.
6.83	1.9730171870170455e7	100000.	100000.
6.840000000000001	1.967128026079545e7	100000.	100000.
6.85	1.963299860454545e7	100000.	100000.
6.859999999999999	1.957557840142046e7	100000.	100000.
6.870000000000001	1.9529938573295455e7	100000.	100000.
6.88	1.946073685454546e7	100000.	100000.
6.890000000000001	1.9434236713920455e7	100000.	100000.
6.9	1.9370927463920455e7	100000.	100000.
6.91	1.931939630767045e7	100000.	100000.
6.92	1.9267866292045455e7	100000.	100000.
6.9300000000000015	1.921044380767046e7	100000.	100000.
6.940000000000001	1.915744124517045e7	100000.	100000.
6.95	1.9119161870170455e7	100000.	100000.
6.959999999999999	1.907646485454545e7	100000.	100000.
6.970000000000001	1.901904579204545e7	100000.	100000.
6.98	1.8957209088920455e7	100000.	100000.
6.99	1.8926290167045455e7	100000.	100000.
7.	1.888064691704545e7	100000.	100000.
7.010000000000002	1.882470040142045e7	100000.	100000.
7.0200000000000005	1.8780529698295455e7	100000.	100000.
7.029999999999999	1.8742250323295455e7	100000.	100000.
7.040000000000001	1.867010693267045e7	100000.	100000.
7.050000000000001	1.8639189151420455e7	100000.	100000.
7.0600000000000005	1.858324263579545e7	100000.	100000.
7.07	1.855379512017045e7	100000.	100000.
7.08	1.8502262823295448e7	100000.	100000.
7.090000000000001	1.8455150448295455e7	100000.	100000.
7.1	1.8406564385795455e7	100000.	100000.
7.109999999999999	1.836975527642046e7	100000.	100000.
7.120000000000001	1.8331477042045455e7	100000.	100000.
7.13	1.8288778885795455e7	100000.	100000.
7.140000000000001	1.8196023260795455e7	100000.	100000.
7.15	1.817393847954545e7	100000.	100000.
7.16	1.8141547010795455e7	100000.	100000.
7.17	1.8107684135795455e7	100000.	100000.
7.1800000000000015	1.8041432073295455e7	100000.	100000.
7.190000000000001	1.8014930792045455e7	100000.	100000.
7.2	1.794867416704545e7	100000.	100000.
7.209999999999999	1.7903033198295455e7	100000.	100000.
7.220000000000001	1.7858863635795455e7	100000.	100000.
7.23	1.780291597954545e7	100000.	100000.
7.24	1.7751384823295455e7	100000.	100000.
7.25	1.7699855948295455e7	100000.	100000.
7.260000000000002	1.7633601604545455e7	100000.	100000.
7.2700000000000005	1.7590903448295455e7	100000.	100000.
7.279999999999999	1.7539373432670455e7	100000.	100000.
7.290000000000001	1.747459049517045e7	100000.	100000.
7.300000000000001	1.7417171432670455e7	100000.	100000.
7.3100000000000005	1.7361220354545455e7	100000.	100000.
7.32	1.7292023198295455e7	100000.	100000.
7.33	1.7243439417045455e7	100000.	100000.
7.340000000000001	1.7183072979545455e7	100000.	100000.
7.35	1.714184965142046e7	100000.	100000.
7.359999999999999	1.7085903135795455e7	100000.	100000.
7.370000000000001	1.7028480651420455e7	100000.	100000.
7.38	1.6968115354545455e7	100000.	100000.
7.390000000000001	1.6907751198295455e7	100000.	100000.
7.4	1.6845914495170455e7	100000.	100000.
7.41	1.6812051620170455e7	100000.	100000.
7.42	1.6739905948295455e7	100000.	100000.
7.4300000000000015	1.6720768542045455e7	100000.	100000.
7.440000000000001	1.6650095417045454e7	100000.	100000.
7.45	1.6589732401420452e7	100000.	100000.
7.459999999999999	1.6545561698295455e7	100000.	100000.
7.470000000000001	1.6516116463920457e7	100000.	100000.
7.48	1.6446918167045454e7	100000.	100000.
7.49	1.6405693698295455e7	100000.	100000.
7.5	1.6364469229545455e7	100000.	100000.
7.510000000000002	1.6321772213920457e7	100000.	100000.
7.5200000000000005	1.6268768510795457e7	100000.	100000.
7.529999999999999	1.6206930667045455e7	100000.	100000.
7.540000000000001	1.6152454417045455e7	100000.	100000.
7.550000000000001	1.6125954276420455e7	100000.	100000.
7.5600000000000005	1.6062643885795452e7	100000.	100000.
7.57	1.5993445588920455e7	100000.	100000.
7.58	1.5944858385795454e7	100000.	100000.
7.590000000000001	1.5931610026420455e7	100000.	100000.
7.6	1.5853577588920457e7	100000.	100000.
7.609999999999999	1.5824130073295455e7	100000.	100000.
7.620000000000001	1.5751986682670452e7	100000.	100000.
7.630000000000001	1.5731373307670452e7	100000.	100000.
7.640000000000001	1.5676898198295454e7	100000.	100000.
7.65	1.5635673729545452e7	100000.	100000.
7.66	1.5597394354545455e7	100000.	100000.
7.67	1.5544391792045454e7	100000.	100000.
7.6800000000000015	1.5486970448295454e7	100000.	100000.
7.690000000000001	1.5470774713920454e7	100000.	100000.
7.7	1.5429551385795452e7	100000.	100000.
7.71	1.5378020229545455e7	100000.	100000.
7.719999999999998	1.5323543979545454e7	100000.	100000.
7.7299999999999995	1.5283792057670457e7	100000.	100000.
7.740000000000001	1.5241096182670454e7	100000.	100000.
7.749999999999999	1.5219010260795452e7	100000.	100000.
7.760000000000001	1.5152757057670454e7	100000.	100000.
7.7700000000000005	1.5111532588920454e7	100000.	100000.
7.78	1.5054111245170455e7	100000.	100000.
7.790000000000002	1.5036444104545454e7	100000.	100000.
7.8	1.4995219635795457e7	100000.	100000.
7.81	1.4965773260795457e7	100000.	100000.
7.820000000000003	1.4917186057670454e7	100000.	100000.
7.830000000000001	1.4880380370170455e7	100000.	100000.
7.840000000000001	1.4825904120170454e7	100000.	100000.
7.8500000000000005	1.4802345651420455e7	100000.	100000.
7.8599999999999985	1.4764066276420454e7	100000.	100000.
7.87	1.4715480213920455e7	100000.	100000.
7.88	1.4678673385795452e7	100000.	100000.
7.89	1.4655116057670455e7	100000.	100000.
7.900000000000001	1.4615362995170454e7	100000.	100000.
7.910000000000001	1.4565303245170457e7	100000.	100000.
7.920000000000001	1.4512301823295454e7	100000.	100000.
7.930000000000002	1.4503466542045454e7	100000.	100000.
7.94	1.4441630979545454e7	100000.	100000.
7.95	1.4406294417045454e7	100000.	100000.
7.96	1.4382737088920454e7	100000.	100000.
7.969999999999998	1.4360653448295455e7	100000.	100000.
7.9799999999999995	1.4312066245170454e7	100000.	100000.
7.990000000000001	1.4251702088920454e7	100000.	100000.
7.999999999999999	1.4207531385795455e7	100000.	100000.
8.01	1.4183976338920457e7	100000.	100000.
8.02	1.4136861682670455e7	100000.	100000.
8.03	1.4126556135795457e7	100000.	100000.
8.040000000000001	1.4063246885795452e7	100000.	100000.
8.049999999999999	1.4052941338920455e7	100000.	100000.
8.059999999999999	1.4008770635795454e7	100000.	100000.
8.070000000000002	1.3977851713920455e7	100000.	100000.
8.08	1.3948406479545452e7	100000.	100000.
8.09	1.3921904057670454e7	100000.	100000.
8.1	1.3871845448295455e7	100000.	100000.
8.109999999999998	1.3852705760795455e7	100000.	100000.
8.12	1.3805592245170455e7	100000.	100000.
8.129999999999999	1.3787923963920454e7	100000.	100000.
8.139999999999999	1.3742282995170454e7	100000.	100000.
8.15	1.3715780573295454e7	100000.	100000.
8.16	1.3677500057670455e7	100000.	100000.
8.17	1.3696640885795457e7	100000.	100000.
8.180000000000001	1.3628915135795455e7	100000.	100000.
8.19	1.3612719401420455e7	100000.	100000.
8.2	1.3572967479545454e7	100000.	100000.
8.209999999999999	1.3553826651420455e7	100000.	100000.
8.219999999999997	1.3524381417045454e7	100000.	100000.
8.229999999999999	1.3499350401420452e7	100000.	100000.
8.24	1.3472849120170455e7	100000.	100000.
8.249999999999998	1.3456653385795455e7	100000.	100000.
8.26	1.3390400182670454e7	100000.	100000.
8.27	1.3374203307670454e7	100000.	100000.
8.28	1.3341814120170454e7	100000.	100000.
8.290000000000001	1.3325617245170455e7	100000.	100000.
8.299999999999999	1.3282921370170454e7	100000.	100000.
8.309999999999999	1.3275560917045455e7	100000.	100000.
8.320000000000002	1.3221083526420454e7	100000.	100000.
8.33	1.3221083526420455e7	100000.	100000.
8.34	1.3182804151420455e7	100000.	100000.
8.35	1.3169553510795454e7	100000.	100000.
8.359999999999998	1.3141578542045455e7	100000.	100000.
8.37	1.3109188213920455e7	100000.	100000.
8.379999999999999	1.3060603292045454e7	100000.	100000.
8.389999999999999	1.3059129604545455e7	100000.	100000.
8.4	1.3019378823295455e7	100000.	100000.
8.41	1.3016431448295455e7	100000.	100000.
8.42	1.2953124479545455e7	100000.	100000.
8.430000000000001	1.2957540979545454e7	100000.	100000.
8.44	1.2911900010795455e7	100000.	100000.
8.45	1.2901593323295455e7	100000.	100000.
8.459999999999999	1.2867729307670455e7	100000.	100000.
8.469999999999997	1.2841226885795455e7	100000.	100000.
8.479999999999999	1.2804420057670455e7	100000.	100000.
8.49	1.2788224323295454e7	100000.	100000.
8.499999999999998	1.2757305401420455e7	100000.	100000.
8.51	1.2744055901420455e7	100000.	100000.
8.52	1.2689580792045454e7	100000.	100000.
8.53	1.2673383917045455e7	100000.	100000.
8.540000000000001	1.2633630854545455e7	100000.	100000.
8.549999999999999	1.2633633135795455e7	100000.	100000.
8.559999999999999	1.2589462432670455e7	100000.	100000.
8.570000000000002	1.2573266698295455e7	100000.	100000.
8.58	1.2545292870170455e7	100000.	100000.
8.59	1.2546766557670455e7	100000.	100000.
8.6	1.2477568260795452e7	100000.	100000.
8.609999999999998	1.2480511073295455e7	100000.	100000.
8.62	1.2440759151420454e7	100000.	100000.
8.629999999999999	1.2436341510795455e7	100000.	100000.
8.639999999999999	1.2389229135795455e7	100000.	100000.
8.65	1.2395118182670455e7	100000.	100000.
8.66	1.2355365120170455e7	100000.	100000.
8.67	1.2348003526420454e7	100000.	100000.
8.680000000000001	1.2287639370170454e7	100000.	100000.
8.69	1.2274388729545457e7	100000.	100000.
8.7	1.2246413760795455e7	100000.	100000.
8.709999999999999	1.2239051026420455e7	100000.	100000.
8.719999999999997	1.2199300245170454e7	100000.	100000.
8.729999999999999	1.2194882604545455e7	100000.	100000.
8.74	1.2159548323295454e7	100000.	100000.
8.749999999999998	1.2137462401420455e7	100000.	100000.
8.76	1.2100654432670455e7	100000.	100000.
8.77	1.2094765385795455e7	100000.	100000.
8.78	1.2066791557670454e7	100000.	100000.
8.790000000000001	1.2041762823295454e7	100000.	100000.
8.799999999999999	1.1999064667045454e7	100000.	100000.
8.809999999999999	1.2009372495170457e7	100000.	100000.
8.820000000000002	1.1953424838920455e7	100000.	100000.
8.83	1.1953424838920455e7	100000.	100000.
8.84	1.1919561963920454e7	100000.	100000.
8.85	1.1909255276420454e7	100000.	100000.
8.859999999999998	1.1884226542045455e7	100000.	100000.
8.87	1.1862142901420455e7	100000.	100000.
8.879999999999999	1.1832695385795455e7	100000.	100000.
8.889999999999999	1.1822389838920454e7	100000.	100000.
8.9	1.1782637917045455e7	100000.	100000.
8.91	1.1766442182670455e7	100000.	100000.
8.92	1.1750245307670454e7	100000.	100000.
8.930000000000001	1.1719327526420455e7	100000.	100000.
8.94	1.1688409745170454e7	100000.	100000.
8.95	1.1685464651420455e7	100000.	100000.
8.959999999999999	1.1663379870170455e7	100000.	100000.
8.969999999999997	1.1648655542045454e7	100000.	100000.
8.979999999999999	1.1608903620170457e7	100000.	100000.
8.99	1.1589765073295455e7	100000.	100000.
8.999999999999998	1.1554428510795455e7	100000.	100000.
9.01	1.1551483417045454e7	100000.	100000.
9.02	1.1526453542045455e7	100000.	100000.
9.03	1.1516147995170457e7	100000.	100000.
9.040000000000001	1.1494063213920455e7	100000.	100000.
9.049999999999999	1.1486702760795454e7	100000.	100000.
9.059999999999999	1.1432227651420454e7	100000.	100000.
9.070000000000002	1.1426337463920455e7	100000.	100000.
9.08	1.1395419682670455e7	100000.	100000.
9.09	1.1404251542045454e7	100000.	100000.
9.1	1.1357138026420454e7	100000.	100000.
9.109999999999998	1.1329165338920455e7	100000.	100000.
9.12	1.1321802604545455e7	100000.	100000.
9.129999999999999	1.1310025651420455e7	100000.	100000.
9.139999999999999	1.1262910995170455e7	100000.	100000.
9.15	1.1249659213920455e7	100000.	100000.
9.16	1.1221685385795455e7	100000.	100000.
9.17	1.1193711557670454e7	100000.	100000.
9.180000000000001	1.1168683963920455e7	100000.	100000.
9.19	1.1167210276420457e7	100000.	100000.
9.2	1.1155431042045454e7	100000.	100000.
9.209999999999999	1.1121569307670455e7	100000.	100000.
9.219999999999997	1.1115680260795454e7	100000.	100000.
9.229999999999999	1.1087706432670455e7	100000.	100000.
9.24	1.1053842417045455e7	100000.	100000.
9.249999999999998	1.1053842417045455e7	100000.	100000.
9.26	1.1039120370170455e7	100000.	100000.
9.27	1.1043536870170455e7	100000.	100000.
9.28	1.1006728901420455e7	100000.	100000.
9.290000000000001	1.0992006854545455e7	100000.	100000.
9.299999999999999	1.0968448385795457e7	100000.	100000.
9.309999999999999	1.0956670292045454e7	100000.	100000.
9.320000000000002	1.0946364745170454e7	100000.	100000.
9.33	1.0919862323295455e7	100000.	100000.
9.34	1.0877165307670454e7	100000.	100000.
9.35	1.0880108120170454e7	100000.	100000.
9.359999999999998	1.0859498167045455e7	100000.	100000.
9.37	1.0849192620170455e7	100000.	100000.
9.379999999999999	1.0800604276420455e7	100000.	100000.
9.389999999999999	1.0815328604545455e7	100000.	100000.
9.4	1.0778520635795454e7	100000.	100000.
9.41	1.0797661463920454e7	100000.	100000.
9.42	1.0731405979545454e7	100000.	100000.
9.430000000000001	1.0741711526420454e7	100000.	100000.
9.44	1.0703432151420454e7	100000.	100000.
9.45	1.0688708963920455e7	100000.	100000.
9.459999999999999	1.0669570417045452e7	100000.	100000.
9.469999999999997	1.0673986917045454e7	100000.	100000.
9.479999999999999	1.0616566713920454e7	100000.	100000.
9.49	1.0632762448295454e7	100000.	100000.
9.499999999999998	1.0588592885795455e7	100000.	100000.
9.51	1.0601842385795455e7	100000.	100000.
9.52	1.0545895870170455e7	100000.	100000.
9.53	1.0554728870170454e7	100000.	100000.
9.540000000000001	1.0501726307670455e7	100000.	100000.
9.549999999999999	1.0506142807670455e7	100000.	100000.
9.559999999999999	1.0479641526420457e7	100000.	100000.
9.570000000000002	1.0489947073295454e7	100000.	100000.
9.58	1.0450196292045455e7	100000.	100000.
9.59	1.0438417057670454e7	100000.	100000.
9.6	1.0406025588920454e7	100000.	100000.
9.609999999999998	1.0420748776420455e7	100000.	100000.
9.62	1.0360383479545455e7	100000.	100000.
9.629999999999999	1.0382469401420455e7	100000.	100000.
9.639999999999999	1.0358913213920455e7	100000.	100000.
9.65	1.0357438385795455e7	100000.	100000.
9.66	1.0301491870170455e7	100000.	100000.
9.67	1.0313269963920455e7	100000.	100000.
9.680000000000001	1.0277935682670455e7	100000.	100000.
9.69	1.0301490729545455e7	100000.	100000.
9.7	1.0254378354545455e7	100000.	100000.
9.709999999999999	1.0264683901420454e7	100000.	100000.
9.719999999999997	1.0226404526420455e7	100000.	100000.
9.729999999999999	1.0226404526420455e7	100000.	100000.
9.74	1.0199900963920454e7	100000.	100000.
9.749999999999998	1.0199900963920454e7	100000.	100000.
9.76	1.0158677635795455e7	100000.	100000.
9.77	1.0174873370170455e7	100000.	100000.
9.78	1.0126286167045455e7	100000.	100000.
9.790000000000001	1.0135120307670454e7	100000.	100000.
9.799999999999999	1.0093894698295455e7	100000.	100000.
9.809999999999999	1.0111562979545454e7	100000.	100000.
9.820000000000002	1.0070339651420455e7	100000.	100000.
9.83	1.0082117745170455e7	100000.	100000.
9.84	1.0021752448295457e7	100000.	100000.
9.85	1.0035004229545455e7	100000.	100000.
9.859999999999998	9.996722573295454e6	100000.	100000.
9.87	1.0014391995170454e7	100000.	100000.
9.879999999999999	9.958443198295455e6	100000.	100000.
9.889999999999999	9.973166385795455e6	100000.	100000.
9.9	9.949609057670455e6	100000.	100000.
9.91	9.952554151420454e6	100000.	100000.
9.92	9.918690135795455e6	100000.	100000.
9.930000000000001	9.928996823295457e6	100000.	100000.
9.94	9.864213885795455e6	100000.	100000.
9.95	9.892189995170455e6	100000.	100000.
9.959999999999999	9.867158979545454e6	100000.	100000.
9.969999999999997	9.881883307670455e6	100000.	100000.
9.979999999999999	9.806794823295454e6	100000.	100000.
9.99	9.818574057670454e6	100000.	100000.
9.999999999999998	9.780293542045454e6	100000.	100000.
10.01	9.786182588920455e6	100000.	100000.
10.02	9.759680167045454e6	100000.	100000.
10.03	9.784710042045454e6	100000.	100000.
10.040000000000001	9.742014167045455e6	100000.	100000.
10.049999999999999	9.739070213920455e6	100000.	100000.
10.059999999999999	9.715511745170455e6	100000.	100000.
10.070000000000002	9.715511745170455e6	100000.	100000.
10.08	9.681648870170455e6	100000.	100000.
10.09	9.687539057670454e6	100000.	100000.
10.1	9.638950713920455e6	100000.	100000.
10.109999999999998	9.665454276420455e6	100000.	100000.
10.12	9.640423260795455e6	100000.	100000.
10.129999999999999	9.646313448295455e6	100000.	100000.
10.139999999999999	9.587420698295454e6	100000.	100000.
10.15	9.610979167045457e6	100000.	100000.
10.16	9.557974323295452e6	100000.	100000.
10.17	9.583004198295455e6	100000.	100000.
10.180000000000001	9.543251135795455e6	100000.	100000.
10.19	9.538834635795457e6	100000.	100000.
10.2	9.537362088920455e6	100000.	100000.
10.209999999999999	9.541778588920455e6	100000.	100000.
10.219999999999997	9.502026667045455e6	100000.	100000.
10.229999999999999	9.519693807670455e6	100000.	100000.
10.24	9.476996792045457e6	100000.	100000.
10.249999999999998	9.499083854545454e6	100000.	100000.
10.26	9.444607604545455e6	100000.	100000.
10.27	9.476997932670455e6	100000.	100000.
10.28	9.426939323295457e6	100000.	100000.
10.290000000000001	9.447552698295454e6	100000.	100000.
10.299999999999999	9.398965495170454e6	100000.	100000.
10.309999999999999	9.413688682670455e6	100000.	100000.
10.320000000000002	9.388658807670454e6	100000.	100000.
10.33	9.388658807670454e6	100000.	100000.
10.34	9.362158667045454e6	100000.	100000.
10.35	9.381297213920457e6	100000.	100000.
10.359999999999998	9.335656245170455e6	100000.	100000.
10.37	9.356267338920455e6	100000.	100000.
10.379999999999999	9.317989104545454e6	100000.	100000.
10.389999999999999	9.329766057670455e6	100000.	100000.
10.4	9.284125088920455e6	100000.	100000.
10.41	9.294431776420454e6	100000.	100000.
10.42	9.266457948295455e6	100000.	100000.
10.430000000000001	9.269403042045455e6	100000.	100000.
10.44	9.226704885795455e6	100000.	100000.
10.45	9.242900620170454e6	100000.	100000.
10.459999999999999	9.229647698295454e6	100000.	100000.
10.469999999999997	9.223759792045455e6	100000.	100000.
10.479999999999999	9.166340729545454e6	100000.	100000.
10.49	9.200202463920455e6	100000.	100000.
10.499999999999998	9.148671307670455e6	100000.	100000.
10.51	9.164868182670457e6	100000.	100000.
10.52	9.128060213920454e6	100000.	100000.
10.53	9.151615260795454e6	100000.	100000.
10.540000000000001	9.104501745170455e6	100000.	100000.
10.549999999999999	9.126587667045454e6	100000.	100000.
10.559999999999999	9.083890651420455e6	100000.	100000.
10.570000000000002	9.092721370170455e6	100000.	100000.
10.58	9.067696057670455e6	100000.	100000.
10.59	9.076527917045454e6	100000.	100000.
10.6	9.042665042045457e6	100000.	100000.
10.609999999999998	9.064750963920455e6	100000.	100000.
10.62	9.027942995170454e6	100000.	100000.
10.629999999999999	9.033832042045455e6	100000.	100000.
10.639999999999999	8.995551526420455e6	100000.	100000.
10.65	9.023525354545455e6	100000.	100000.
10.66	8.995551526420455e6	100000.	100000.
10.67	9.001441713920457e6	100000.	100000.
10.680000000000001	8.963160057670454e6	100000.	100000.
10.69	8.979356932670454e6	100000.	100000.
10.7	8.936658776420455e6	100000.	100000.