0.	134096.66562500008	100000.	100000.
0.010000000000000009	365545.446875	100000.	100000.
0.020000000000000018	611126.571875	100000.	100000.
0.030000000000000027	1.008651265625e6	100000.	100000.
0.03999999999999998	1.5634179593749999e6	100000.	100000.
0.04999999999999999	2.035145328125e6	100000.	100000.
0.06	3.0457399906250006e6	100000.	100000.
0.07	3.778951990625e6	170081.37687499993	100000.
0.08000000000000002	4.840783071874999e6	567606.29875	100000.
0.09000000000000002	5.635829721875001e6	1.64092073625e6	100000.
0.10000000000000003	6.937942128125001e6	2.391799876875e6	126147.55874999994
0.10999999999999999	8.291289584375001e6	3.631483595625e6	164426.93374999988
0.12	9.301885615625e6	5.359977595625e6	218903.18374999994
0.13	1.1558053728125e7	9.433863501874998e6	559006.7618749999
0.14	1.6013856471875003e7	2.0801576345625002e7	2.6099360587499994e6
0.15000000000000002	2.2819466253125004e7	2.6305074861250002e7	1.1418771918125002e7
0.16000000000000003	2.9089741484375e7	3.1013523533125e7	2.037336824625e7
0.17000000000000004	3.1817641071874995e7	3.386539058e7	2.676908759e7
0.18	3.3579114190625004e7	3.5370092814375e7	2.9856523355625e7
0.19000000000000006	3.4706315403125e7	3.6249063001875e7	3.1346501261875e7
0.2	3.5328220653125e7	3.6795288923750006e7	3.3044076339999996e7
0.21000000000000008	3.564623876562499e7	3.7116253955e7	3.3937769715e7
0.22000000000000003	3.5734579259375006e7	3.7253178001875e7	3.4411853386875e7
0.22999999999999998	3.5768145115625e7	3.7239926220625e7	3.473428868375e7
0.24000000000000005	3.572397692187501e7	3.7209008439375e7	3.4859436918124996e7
0.25	3.5679808728125e7	3.7094168033125e7	3.4924215293124996e7
0.26	3.5617969971875e7	3.6985218955e7	3.4894771199374996e7
0.27	3.5570267665625006e7	3.6805594470625e7	3.4855018136875e7
0.28	3.5473095996874996e7	3.6611250220625e7	3.4768152699374996e7
0.29000000000000004	3.5409491553125e7	3.6363902267500006e7	3.4719565496249996e7
0.30000000000000004	3.5305251659375e7	3.6091524439375e7	3.4615030636874996e7
0.31000000000000005	3.5169210228125006e7	3.5767615455000006e7	3.453994443375e7
0.32000000000000006	3.5056136421875e7	3.552026636125e7	3.4411852246249996e7
0.32999999999999996	3.4890060509375006e7	3.517133092375e7	3.4314681261874996e7
0.33999999999999997	3.4729285765625e7	3.4863616533125e7	3.4180700027499996e7
0.35	3.452080460937501e7	3.4532347095625e7	3.4043774839999996e7
0.36	3.4356494384375e7	3.4196661158125e7	3.3895072699374996e7
0.37	3.4181584559375e7	3.385950267374999e7	3.3677169980625e7
0.38	3.3928937946875006e7	3.3532649736250002e7	3.3428349480625004e7
0.39	3.3722222478125e7	3.3179292095625002e7	3.3150082605624996e7
0.4	3.3467806071875002e7	3.2865690939375e7	3.2830591261875e7
0.41000000000000003	3.3181592234375004e7	3.2524115955e7	3.2558212293124996e7
0.42000000000000004	3.2835302590625e7	3.2156037408124994e7	3.2257861777500004e7
0.43000000000000005	3.2591488521875e7	3.182918333e7	3.1920701011874992e7
0.44000000000000006	3.2269934928124998e7	3.1530305361250002e7	3.1565877668124996e7
0.45000000000000007	3.1951915446875e7	3.1197562236250002e7	3.1302331699375e7
0.45999999999999996	3.1610928340625e7	3.0850097064375e7	3.0963699527500004e7
0.47	3.1363581528125e7	3.0532078267500002e7	3.066482155875e7
0.48	3.1079129271875005e7	3.0209640689375006e7	3.0323244293125004e7
0.49	3.0789379953124996e7	2.98783723925e7	3.001553218375e7
0.5	3.0446625790625e7	2.9572130548750002e7	2.9703402433750004e7
0.51	3.0208112890624996e7	2.9246751298749994e7	2.935740980875e7
0.52	2.9907761234375004e7	2.8944927095625002e7	2.9089448480625e7
0.53	2.9649810715625e7	2.8607767470624994e7	2.8775847324375e7
0.54	2.9397162734374993e7	2.8333917095625e7	2.8447521839999996e7
0.55	2.9105646359375004e7	2.801148179875e7	2.8119195214999996e7
0.5600000000000002	2.8824729584375005e7	2.7750882064375002e7	2.7852707574375e7
0.5700000000000001	2.8616247059375e7	2.7419613767500002e7	2.7549411964999992e7
0.5800000000000001	2.8372434359375e7	2.7169318439375006e7	2.7207834699375e7
0.5900000000000001	2.8109185409375004e7	2.686455142375e7	2.6923678777500004e7
0.6	2.7891873078124996e7	2.65730327675e7	2.6633634949374996e7
0.61	2.7681624865625e7	2.6278572439375e7	2.6315615011874996e7
0.6199999999999999	2.7423677084375e7	2.6023860611249994e7	2.6037348136875e7
0.6300000000000001	2.7238166290625e7	2.56867032675e7	2.577380559e7
0.64	2.7020852590625003e7	2.5480579783125002e7	2.547934184e7
0.65	2.6815905546875e7	2.5205258001875e7	2.5205492605624996e7
0.6599999999999999	2.6630394753124997e7	2.4932880173750002e7	2.489778049625e7
0.6700000000000002	2.6460786096875e7	2.4676696939375e7	2.4650430261875004e7
0.68	2.6227572996875e7	2.4441128220625e7	2.4369219433749992e7
0.6900000000000001	2.6096829996875003e7	2.419083517375e7	2.4083592105624996e7
0.7	2.5923685859375004e7	2.3903734158125002e7	2.3858326652499996e7
0.71	2.5775277771875005e7	2.3687303986250002e7	2.3588895058749992e7
0.72	2.5577397584375e7	2.34605682675e7	2.33135732775e7
0.7300000000000001	2.5485527084375e7	2.3170523298750002e7	2.3079475964999996e7
0.74	2.5307083146875e7	2.3002679189374994e7	2.2829184058750004e7
0.75	2.5185175428125e7	2.2758277470625e7	2.2589195418125e7
0.76	2.5036765971875e7	2.2553625392500002e7	2.2321235230625e7
0.77	2.4941359990624998e7	2.2344556814375002e7	2.2113639199374996e7
0.78	2.4810619728125002e7	2.2136960783125002e7	2.1875125386875e7
0.79	2.4727580403125003e7	2.1910226205000002e7	2.1635137886875e7
0.8	2.4586239171875e7	2.1704102720625e7	2.1411347261874996e7
0.81	2.4508501015625e7	2.1514173830000006e7	2.1166943261875e7
0.8200000000000001	2.4391894465625003e7	2.1338966986250002e7	2.0962293465e7
0.8300000000000001	2.4345956478125002e7	2.1128428142500002e7	2.0742919339999996e7
0.8400000000000001	2.4208149359375e7	2.0965002814375e7	2.0460232543125e7
0.8500000000000001	2.4167512540625002e7	2.0758877048750002e7	2.0299752308749996e7
0.8600000000000001	2.4075640671875e7	2.0596923126875e7	2.0071544043125e7
0.8700000000000001	2.4036772278125003e7	2.0392272189374994e7	1.9878672339999996e7
0.8800000000000001	2.3953735690625e7	2.0239152408125002e7	1.9674019121249996e7
0.8900000000000001	2.3898963790625002e7	2.0050696064375e7	1.9464953965e7
0.9000000000000001	2.3819459946875006e7	1.991376973625e7	1.9275023933749996e7
0.9099999999999999	2.3810626034375e7	1.9738566314375e7	1.9090985230625e7
0.9199999999999999	2.3716987109374996e7	1.9564833158125002e7	1.8871611105625e7
0.9299999999999999	2.3692252428124998e7	1.9405824330000002e7	1.8669902980625e7
0.94	2.3618047015625e7	1.9268898001875e7	1.8485865418125004e7
0.95	2.3596846446875002e7	1.9104001267499994e7	1.8295936527499996e7
0.96	2.3513807121875e7	1.896707608e7	1.8103064824375e7
0.97	2.3494373609375e7	1.8811011205e7	1.7933748168125004e7
0.98	2.3444904246875003e7	1.8685864111250002e7	1.7724680730624996e7
0.99	2.3414868396875e7	1.8525381595624994e7	1.7543588261874996e7
1.	2.3360097865625e7	1.8384041048749994e7	1.7362492371249996e7
1.01	2.3342431409374997e7	1.8257421408125002e7	1.7209371449375e7
1.02	2.3284129503124997e7	1.8093994939375002e7	1.70047216525e7
1.03	2.3277059909374997e7	1.7943820251875e7	1.683982149625e7
1.04	2.3220523690625e7	1.7843700751875e7	1.6654310246249998e7
1.05	2.3204621553124998e7	1.7717084533125e7	1.6496772824375e7
1.06	2.3133950253125e7	1.7581630751875002e7	1.6306845074374998e7
1.07	2.3142784165625002e7	1.7438816517500002e7	1.6161086886875002e7
1.08	2.3082715203125e7	1.7318087064375e7	1.59461304025e7
1.09	2.3059747578125004e7	1.717085633e7	1.5823926121249998e7
1.1	2.3020879184375e7	1.7042764142500002e7	1.55971904025e7
1.11	2.3004977046875004e7	1.6923508376875002e7	1.5466154261874998e7
1.12	2.2964340228125e7	1.681308333e7	1.5296838746249998e7
1.1300000000000001	2.2973175509375002e7	1.66629086425e7	1.51289957775e7
1.1400000000000001	2.2911338121875003e7	1.6571625564375e7	1.4931706433750002e7
1.1500000000000001	2.2898971465625003e7	1.641997833e7	1.4802142839999998e7
1.16	2.2831832909374997e7	1.6311026970624998e7	1.460485349625e7
1.17	2.2853034846874997e7	1.6166740189374998e7	1.4457621621249998e7
1.18	2.2815932140624996e7	1.6069566923750002e7	1.429272374625e7
1.19	2.2814165084374998e7	1.5925281283124996e7	1.4139601683749998e7
1.2	2.2748796321875002e7	1.5835469611249998e7	1.39570355275e7
1.21	2.2752327696875e7	1.5692655376875e7	1.3780358418124998e7
1.22	2.2701092646875e7	1.5574869876875e7	1.3633128824375002e7
1.23	2.2715224990625005e7	1.5439419517500002e7	1.347706509e7
1.24	2.2653390340625003e7	1.5337829751874996e7	1.3298912011875e7
1.25	2.2662222884375002e7	1.52038485175e7	1.312812509e7
1.26	2.2619820378125e7	1.5105203845624998e7	1.2967642574375e7
1.27	2.2610985096874997e7	1.4944721329999998e7	1.2815994199375e7
1.28	2.2575652184375e7	1.4859328439375002e7	1.2630484090000004e7
1.29	2.2582719040625e7	1.4728293439375e7	1.24891424025e7
1.3	2.2535015365624998e7	1.4626702533124998e7	1.2300687199375e7
1.31	2.2538550846874997e7	1.4492722439375e7	1.2163762011875e7
1.32	2.2489080115625e7	1.4363158845625e7	1.1969417761875002e7
1.33	2.2482013259375002e7	1.4224762251875e7	1.1842796980625e7
1.34	2.2446677609375e7	1.415261886125e7	1.1645508777499998e7
1.35	2.2471413659375e7	1.4005388126875004e7	1.1507111043125002e7
1.36	2.2402509415625006e7	1.3909686267500002e7	1.134515712125e7
1.3700000000000003	2.2406040790625e7	1.3759512720625002e7	1.1190564793125e7
1.3800000000000001	2.2354803003125e7	1.366970104875e7	1.1006524949375e7
1.3900000000000001	2.2374239253125e7	1.353277586125e7	1.0846044715000002e7
1.4	2.2326536946875e7	1.34326586425e7	1.0689978699375e7
1.4100000000000001	2.2337136546875e7	1.3298678548749998e7	1.0542747965e7
1.42	2.2292968353125e7	1.3189727189375e7	1.0382265449375e7
1.4300000000000002	2.2317701665625006e7	1.3055747095625e7	1.0221784074375e7
1.44	2.2264698190625e7	1.2954157329999998e7	1.0017133136875e7
1.45	2.2280598959375005e7	1.2821649783124998e7	9.890513496250002e6
1.4600000000000002	2.2229365278125003e7	1.2706809376875e7	9.715308933750002e6
1.47	2.2241731934375e7	1.2559577501875e7	9.569551886875e6
1.48	2.2199328059375007e7	1.2483016470625e7	9.40465059e6
1.4899999999999998	2.2208163340625003e7	1.2341677064374998e7	9.253003355625002e6
1.5	2.2167526521875e7	1.2243031251875002e7	9.070434918124998e6
1.5100000000000002	2.2190496884375002e7	1.2089911470625002e7	8.932039465000002e6
1.52	2.2141026153125e7	1.1976542470625e7	8.753892090000002e6
1.53	2.2146324584375e7	1.1844033783125e7	8.608131621250002e6
1.5399999999999998	2.2103923446875006e7	1.1752751845625e7	8.438814965e6
1.55	2.2125122646874998e7	1.15981595175e7	8.293056777500001e6
1.56	2.2075654653125e7	1.1506876439374998e7	8.125211527500001e6
1.5699999999999998	2.2080954453125004e7	1.1399397626874998e7	7.969148933750003e6
1.58	2.2066822109375e7	1.1278668173749998e7	7.78658049625e6
1.5900000000000003	2.2050918603125e7	1.1129963751875e7	7.652601543125001e6
1.6	2.2026185290625002e7	1.1001872704999998e7	7.486229980625001e6
1.61	2.2022651178125e7	1.0884087205e7	7.334581605625001e6
1.6200000000000003	2.1996148071875e7	1.0788388767499998e7	7.162322136875001e6
1.6300000000000001	2.1992616696875e7	1.065146358e7	7.025396949375e6
1.6400000000000001	2.1960813790625e7	1.053662317375e7	6.850191246250002e6
1.65	2.1969646334375e7	1.0417365126875e7	6.722101340000001e6
1.6600000000000001	2.1951978509374995e7	1.0303997267499998e7	6.56309137125e6
1.67	2.1974948871875003e7	1.0156766533125e7	6.430583824374999e6
1.6800000000000002	2.1921945396874998e7	1.005370536125e7	6.243598886875001e6
1.69	2.1916644228125002e7	9.899113033124998e6	6.115508980624999e6
1.7	2.1902510515625004e7	9.81077504875e6	5.943249511875e6
1.7100000000000002	2.1925478140624996e7	9.669432220625e6	5.812212230625001e6
1.72	2.1868940553125e7	9.556063220625e6	5.663508949374999e6
1.73	2.1877777203125e7	9.427973314374998e6	5.525111215e6
1.7399999999999998	2.1849507040625e7	9.308715267499998e6	5.37787934e6
1.75	2.1876008778125e7	9.176207720625e6	5.239482746249999e6
1.7600000000000002	2.1838907440625e7	9.07314654875e6	5.09519824625e6
1.77	2.1826538046875e7	8.927387220625e6	4.950909183750001e6
1.7800000000000002	2.1800037678125e7	8.816964454999998e6	4.791899215e6
1.79	2.1819473928124998e7	8.69181736125e6	4.696200777499999e6
1.7999999999999998	2.1792970821875002e7	8.5828671425e6	4.537190808749999e6
1.81	2.1819471190625e7	8.423856033125e6	4.41940530875e6
1.8199999999999998	2.1771768884375e7	8.344352189375e6	4.27217343375e6
1.83	2.1775302996875e7	8.19270267375e6	4.1558639024999994e6
1.8399999999999999	2.1731134803124998e7	8.094058001875e6	4.0101045743750003e6
1.85	2.1757633803125e7	7.948299814374999e6	3.909986214999999e6
1.8599999999999999	2.1732900490624998e7	7.833460548749999e6	3.759810386875e6
1.87	2.1741733034375e7	7.689173767500001e6	3.65822062125e6
1.88	2.1686965240625e7	7.609667642499999e6	3.5168789337500003e6
1.8900000000000001	2.1724067946875e7	7.463910595624998e6	3.424124449375e6
1.9	2.1678129959374998e7	7.341706314375001e6	3.28719812125e6
1.9100000000000001	2.1706400121875e7	7.206254814375001e6	3.20622287125e6
1.92	2.1667530359374996e7	7.101721095625e6	3.067825136875e6
1.9300000000000002	2.1665763303124998e7	6.964795908125001e6	2.952984730625e6
1.94	2.1641027253125e7	6.842595048750001e6	2.75716793375e6
1.9500000000000002	2.1662230559375e7	6.69683686125e6	2.62907574625e6
1.96	2.1621595109375e7	6.595247095625e6	2.44209309e6
1.9700000000000002	2.1626892171875004e7	6.455376814375e6	2.2816105743750003e6
1.98	2.1596857690625e7	6.319923033125001e6	2.0843223712499994e6
1.9900000000000002	2.1628660596875e7	6.163858158125001e6	1.9400333087499994e6
2.	2.1588025146875e7	6.062269533124999e6	1.750106699375e6
2.0100000000000002	2.1609225715625003e7	5.882648470624999e6	1.5955132306249999e6
2.02	2.1543855584374998e7	5.800198392499999e6	1.415892168125e6
2.0300000000000002	2.1568590265625e7	5.645606064374999e6	1.26571634e6
2.04	2.1540322840625003e7	5.51604361125e6	1.0698995431249999e6
2.0500000000000003	2.1547389696875e7	5.3570336425e6	921195.12125
2.06	2.1506752878125e7	5.262805470625e6	796048.0275000001
2.07	2.1526189128125e7	5.118518689375001e6	656180.0274999999
2.08	2.1497920334374998e7	5.003679423750001e6	556061.6681249999
2.09	2.1501453078125004e7	4.86969933e6	461834.63687499997
2.1	2.1451983715625003e7	4.748967595625e6	395581.4337499999
2.11	2.1478484084375e7	4.594375267500001e6	357298.63687499997
2.12	2.1446683915625002e7	4.503092189375e6	313131.35562499997
2.13	2.1448449603125002e7	4.357332861250001e6	292519.1212499999
2.14	2.1414882378125e7	4.289608251875e6	242459.37124999997
2.15	2.1432548834375e7	4.132069689375e6	217432.91812499994
2.16	2.1386612215625003e7	4.06434279875e6	195345.8556249999
2.17	2.1393680440624997e7	3.9126955643750005e6	180621.52749999988
2.18	2.1360111846875004e7	3.82141248625e6	146759.79312499994
2.19	2.1372478503125e7	3.690376345625e6	149704.88687499994
2.2	2.1330075996875e7	3.6005669549999996e6	120257.37124999991
2.21	2.1337142853125002e7	3.501921142499999e6	126148.69937499992
2.22	2.1326541884375002e7	3.385608189375e6	100000.
2.23	2.1315942284375e7	3.285490970625e6	100000.
2.24	2.1287672121875007e7	3.1942078924999996e6	100000.
2.25	2.1294738978125e7	3.066115705e6	100000.
2.2600000000000002	2.1239971184375003e7	2.985140454999999e6	100000.
2.27	2.1261171753125e7	2.883550689374999e6	100000.
2.2800000000000002	2.1217002190625e7	2.8011006112499996e6	100000.
2.29	2.1234670015625e7	2.680371158125e6	100000.
2.3000000000000003	2.1199335734375e7	2.5890869393749996e6	100000.
2.31	2.1222303359374996e7	2.500750095625e6	100000.
2.32	2.1169298515625e7	2.4006328768749996e6	100000.
2.33	2.1178135165625e7	2.3122948924999996e6	100000.
2.34	2.1130431490625e7	2.2298436737500005e6	100000.
2.35	2.1160465971874997e7	2.123837408125e6	100000.
2.36	2.1102162696875002e7	2.0428610175000003e6	100000.
2.37	2.1098628584374998e7	1.9501053925e6	100000.
2.38	2.1063292934375e7	1.8867950018749996e6	100000.
2.39	2.1075659590625e7	1.7866789237499998e6	100000.
2.4	2.1029724340625e7	1.707173939375e6	100000.
2.41	2.1045625109375004e7	1.6011676737499998e6	100000.
2.42	2.0997922803125e7	1.5584706581249998e6	100000.
2.43	2.0996155746875e7	1.4554094862499998e6	100000.
2.44	2.0955518928125e7	1.4024069237499998e6	100000.
2.45	2.0959054409375004e7	1.3052347987499998e6	100000.
2.46	2.0913116421875004e7	1.2522299549999998e6	100000.
2.47	2.0907817990625e7	1.1727249706249998e6	100000.
2.48	2.0879549196875002e7	1.12855654875e6	100000.
2.49	2.0881316253124997e7	1.0387460174999998e6	100000.
2.5	2.0823014346874997e7	979853.2675	100000.
2.5100000000000002	2.0817710440624997e7	897403.189375	100000.
2.52	2.0777076359375e7	860594.0800000002	100000.
2.5300000000000002	2.0780610471875e7	786979.283125	100000.
2.54	2.0738207965625e7	759005.4550000001	100000.
2.5500000000000003	2.0727606996875e7	685390.6581250001	100000.
2.56	2.0692271346875e7	638277.1425	100000.
2.57	2.0688737234375e7	579385.533125	100000.
2.58	2.0630432590625003e7	555827.064375	100000.
2.59	2.0642801984375e7	486628.76749999996	100000.
2.6	2.0580965965625e7	460125.20499999996	100000.
2.61	2.0580964596875e7	429207.4237499999	100000.
2.62	2.0524427009375e7	386510.40812499996	100000.
2.63	2.0512060353125e7	342343.1268749999	100000.
2.64	2.0459056878125e7	302590.06437499996	100000.
2.65	2.0455522765625e7	276088.78312499996	100000.
2.66	2.0393686746875e7	246641.26749999993	100000.
2.67	2.0400753603125002e7	220139.98625	100000.
2.68	2.0333616415625e7	181859.47062499993	100000.
2.69	2.0340683271875e7	158303.283125	100000.
2.7	2.0289446853125e7	150941.68937499996	100000.
2.71	2.0282378628125e7	100000.	100000.
2.72	2.0201109096875e7	100000.	100000.
2.73	2.0183441271874998e7	100000.	100000.
2.74	2.0149871309375003e7	100000.	100000.
2.75	2.0146337196875e7	100000.	100000.
2.7600000000000002	2.0075667265625e7	100000.	100000.
2.77	2.0070366096875e7	100000.	100000.
2.7800000000000002	1.9994394996875e7	100000.	100000.
2.79	2.0004997334374998e7	100000.	100000.
2.8000000000000003	1.9936091721875e7	100000.	100000.
2.81	1.9923725065625004e7	100000.	100000.
2.8200000000000003	1.9865421790624995e7	100000.	100000.
2.83	1.9851286709374998e7	100000.	100000.
2.84	1.9782385203125e7	100000.	100000.
2.85	1.9770015809375003e7	100000.	100000.
2.86	1.9704644309375e7	100000.	100000.
2.87	1.9692276284375e7	100000.	100000.
2.88	1.9621604984375e7	100000.	100000.
2.89	1.9605705584374998e7	100000.	100000.
2.9	1.9529733115625e7	100000.	100000.
2.91	1.9519134884375002e7	100000.	100000.
2.92	1.9457297496875e7	100000.	100000.
2.93	1.9444928103125002e7	100000.	100000.
2.94	1.9367191315625e7	100000.	100000.
2.95	1.9344223690625e7	100000.	100000.
2.96	1.9271785334375e7	100000.	100000.
2.97	1.9261185734374996e7	100000.	100000.
2.9799999999999995	1.9188747378125e7	100000.	100000.
2.9900000000000007	1.9171079553125e7	100000.	100000.
3.	1.9102176678125e7	100000.	100000.
3.0100000000000002	1.9075673571875e7	100000.	100000.
3.0200000000000005	1.8996169728125002e7	100000.	100000.
3.0300000000000002	1.8960832709374998e7	100000.	100000.
3.04	1.8904295121875003e7	100000.	100000.
3.05	1.8879561809375003e7	100000.	100000.
3.06	1.8800057965625e7	100000.	100000.
3.0700000000000003	1.8792989740625e7	100000.	100000.
3.0799999999999996	1.8715252953125e7	100000.	100000.
3.09	1.8676381821875002e7	100000.	100000.
3.1	1.8589809753125004e7	100000.	100000.
3.1100000000000003	1.8575677409375e7	100000.	100000.
3.12	1.8499704940625004e7	100000.	100000.
3.13	1.8466136346874997e7	100000.	100000.
3.1399999999999997	1.8395463678124998e7	100000.	100000.
3.15	1.8372497421875e7	100000.	100000.
3.16	1.8292993578125004e7	100000.	100000.
3.1700000000000004	1.8259424984375004e7	100000.	100000.
3.1800000000000006	1.8208188565625e7	100000.	100000.
3.19	1.8158717834375e7	100000.	100000.
3.2	1.8088047903125003e7	100000.	100000.
3.21	1.8050943828125004e7	100000.	100000.
3.22	1.7990874865624994e7	100000.	100000.
3.2299999999999995	1.7923736309375e7	100000.	100000.
3.2400000000000007	1.7858366178124998e7	100000.	100000.
3.25	1.7854833434375e7	100000.	100000.
3.2600000000000002	1.7775328221875e7	100000.	100000.
3.2700000000000005	1.7743525315625e7	100000.	100000.
3.2800000000000002	1.7649887759375002e7	100000.	100000.
3.29	1.7630451509375e7	100000.	100000.
3.3	1.7547414921875e7	100000.	100000.
3.31	1.7529747096874997e7	100000.	100000.
3.3200000000000003	1.7425508571875002e7	100000.	100000.
3.3299999999999996	1.7400772521875e7	100000.	100000.
3.34	1.7326568478125006e7	100000.	100000.
3.35	1.7315966140625e7	100000.	100000.
3.3600000000000003	1.7218794471875004e7	100000.	100000.
3.37	1.7181693134375e7	100000.	100000.
3.38	1.7116321634375e7	100000.	100000.
3.3899999999999997	1.7086284415625002e7	100000.	100000.
3.4	1.7010316053125e7	100000.	100000.
3.41	1.6955545521875e7	100000.	100000.
3.4200000000000004	1.6886641278125e7	100000.	100000.
3.4300000000000006	1.6856606796875e7	100000.	100000.
3.44	1.6761200815625003e7	100000.	100000.
3.45	1.6757669440625004e7	100000.	100000.
3.46	1.6679929915625002e7	100000.	100000.
3.47	1.6651661121875001e7	100000.	100000.
3.4799999999999995	1.6559789253125e7	100000.	100000.
3.4900000000000007	1.6526219290625e7	100000.	100000.
3.5	1.6439647221874999e7	100000.	100000.
3.5100000000000002	1.6425513509375002e7	100000.	100000.
3.5200000000000005	1.6347776721875e7	100000.	100000.
3.5300000000000002	1.6319506559375e7	100000.	100000.
3.54	1.6247070940625e7	100000.	100000.
3.55	1.6197601578125002e7	100000.	100000.
3.56	1.6123394796875e7	100000.	100000.
3.5700000000000003	1.6102195596874999e7	100000.	100000.
3.5799999999999996	1.6019157640625004e7	100000.	100000.
3.59	1.6006789615625003e7	100000.	100000.
3.6	1.5913150690624999e7	100000.	100000.
3.6100000000000003	1.5890181696875e7	100000.	100000.
3.62	1.5823044509374999e7	100000.	100000.
3.63	1.5777107890625002e7	100000.	100000.
3.6399999999999997	1.5699371103125e7	100000.	100000.
3.65	1.5676400740625e7	100000.	100000.
3.66	1.5612797665624999e7	100000.	100000.
3.6700000000000004	1.5582763184375001e7	100000.	100000.
3.6800000000000006	1.5485590146875e7	100000.	100000.
3.69	1.5469689378125e7	100000.	100000.
3.7	1.5393716909375e7	100000.	100000.
3.71	1.5363682428125001e7	100000.	100000.
3.72	1.5307147578124998e7	100000.	100000.
3.7299999999999995	1.5261209590625005e7	100000.	100000.
3.7400000000000007	1.5181705746875001e7	100000.	100000.
3.75	1.5187004178125003e7	100000.	100000.
3.76	1.5091599565624997e7	100000.	100000.
3.7700000000000005	1.5077465853124999e7	100000.	100000.
3.7800000000000002	1.5008561609375e7	100000.	100000.
3.79	1.4982061240625001e7	100000.	100000.
3.8	1.4897254859375004e7	100000.	100000.
3.8100000000000005	1.4865453321875002e7	100000.	100000.
3.8200000000000003	1.4812449846875e7	100000.	100000.
3.83	1.4766514596874999e7	100000.	100000.
3.84	1.4706442896875e7	100000.	100000.
3.8499999999999996	1.4681709584375001e7	100000.	100000.
3.8600000000000003	1.4618105140625002e7	100000.	100000.
3.87	1.4593370459375001e7	100000.	100000.
3.88	1.4506798390625e7	100000.	100000.
3.8899999999999997	1.4490897621875e7	100000.	100000.
3.9000000000000004	1.4423759065625003e7	100000.	100000.
3.91	1.4406092609375e7	100000.	100000.
3.92	1.4312452315625003e7	100000.	100000.
3.9299999999999997	1.4308919571875004e7	100000.	100000.
3.9400000000000004	1.4220581815625e7	100000.	100000.
3.95	1.4202912621874997e7	100000.	100000.
3.96	1.4123407409375003e7	100000.	100000.
3.9699999999999998	1.4107506640625e7	100000.	100000.
3.9800000000000004	1.4012102028125001e7	100000.	100000.
3.99	1.4001501059375001e7	100000.	100000.
4.	1.3925529959375e7	100000.	100000.
4.01	1.3911393509374999e7	100000.	100000.
4.0200000000000005	1.3814223209375e7	100000.	100000.
4.03	1.3793021271875001e7	100000.	100000.
4.04	1.3731183884375002e7	100000.	100000.
4.05	1.3717050171875e7	100000.	100000.
4.0600000000000005	1.3623411246875e7	100000.	100000.
4.07	1.3621645559375e7	100000.	100000.
4.08	1.3517404296874998e7	100000.	100000.
4.09	1.3522705465625001e7	100000.	100000.
4.1000000000000005	1.3436132028125e7	100000.	100000.
4.11	1.3420232628124999e7	100000.	100000.
4.12	1.3351329753125003e7	100000.	100000.
4.13	1.3330127815625e7	100000.	100000.
4.14	1.3268291796875002e7	100000.	100000.
4.15	1.3266523371875e7	100000.	100000.
4.16	1.3169348965625001e7	100000.	100000.
4.17	1.3183485415625002e7	100000.	100000.
4.18	1.3093379234375002e7	100000.	100000.
4.19	1.3098680403125e7	100000.	100000.
4.2	1.3017408134375002e7	100000.	100000.
4.21	1.3015639709375001e7	100000.	100000.
4.22	1.2925537634374999e7	100000.	100000.
4.23	1.2937901553125001e7	100000.	100000.
4.24	1.2865465934375001e7	100000.	100000.
4.25	1.2853099278125003e7	100000.	100000.
4.26	1.2787729146875001e7	100000.	100000.
4.2700000000000005	1.2770061321875002e7	100000.	100000.
4.28	1.2701154340625001e7	100000.	100000.
4.29	1.2694088853124999e7	100000.	100000.
4.3	1.2646386546875002e7	100000.	100000.
4.3100000000000005	1.2621651865625001e7	100000.	100000.
4.32	1.2550979196875e7	100000.	100000.
4.33	1.2529779996875e7	100000.	100000.
4.34	1.2476776521875003e7	100000.	100000.
4.3500000000000005	1.2494442978125e7	100000.	100000.
4.36	1.2411405021875001e7	100000.	100000.
4.37	1.2411405021875001e7	100000.	100000.
4.38	1.2344267834375e7	100000.	100000.
4.39	1.2335433921874998e7	100000.	100000.
4.4	1.2275363590625001e7	100000.	100000.
4.41	1.2277130646875001e7	100000.	100000.
4.42	1.2220594428125e7	100000.	100000.
4.43	1.2227661284375003e7	100000.	100000.
4.44	1.2139322159375e7	100000.	100000.
4.45	1.2156989984375e7	100000.	100000.
4.46	1.2073952028125001e7	100000.	100000.
4.47	1.2081018884375e7	100000.	100000.
4.48	1.2031549521875e7	100000.	100000.
4.49	1.2035083634375002e7	100000.	100000.
4.5	1.1973244878125003e7	100000.	100000.
4.51	1.1969710765624998e7	100000.	100000.
4.5200000000000005	1.1899040834375001e7	100000.	100000.
4.53	1.1900807890625002e7	100000.	100000.
4.54	1.1858405384375002e7	100000.	100000.
4.55	1.1858405384375002e7	100000.	100000.
4.5600000000000005	1.1801867796875e7	100000.	100000.
4.57	1.1785967028125001e7	100000.	100000.
4.58	1.1725896696875002e7	100000.	100000.
4.59	1.1738264721875e7	100000.	100000.
4.6000000000000005	1.1669360478125002e7	100000.	100000.
4.61	1.1688795359375e7	100000.	100000.
4.62	1.1602223290625002e7	100000.	100000.
4.63	1.1628725028125001e7	100000.	100000.
4.64	1.1573955865625003e7	100000.	100000.
4.65	1.1579255665625e7	100000.	100000.
4.66	1.1519185334375001e7	100000.	100000.
4.67	1.1522718078125e7	100000.	100000.
4.68	1.1467948915625e7	100000.	100000.
4.69	1.1476780090625003e7	100000.	100000.
4.7	1.1406110159375003e7	100000.	100000.
4.71	1.1434381690625e7	100000.	100000.
4.72	1.1361940596875e7	100000.	100000.
4.73	1.1386676646875001e7	100000.	100000.
4.74	1.1316006715625e7	100000.	100000.
4.75	1.1328373371875001e7	100000.	100000.
4.76	1.1263001871875e7	100000.	100000.
4.7700000000000005	1.1270070096875e7	100000.	100000.
4.78	1.1225899165625e7	100000.	100000.
4.79	1.1241802671875002e7	100000.	100000.
4.8	1.1169362946875e7	100000.	100000.
4.8100000000000005	1.1187030771875003e7	100000.	100000.
4.82	1.1128727496875001e7	100000.	100000.
4.83	1.1153462178125001e7	100000.	100000.
4.84	1.1077492446875e7	100000.	100000.
4.8500000000000005	1.1111059671875002e7	100000.	100000.
4.86	1.1020954859375002e7	100000.	100000.
4.87	1.1045689540625002e7	100000.	100000.
4.88	1.0997985865625001e7	100000.	100000.
4.89	1.1006821146875001e7	100000.	100000.
4.9	1.0941448278125001e7	100000.	100000.
4.91	1.0971485496875001e7	100000.	100000.
4.92	1.0914949278125001e7	100000.	100000.
4.93	1.0911415165625e7	100000.	100000.
4.94	1.0865478546875e7	100000.	100000.
4.95	1.0883146371875e7	100000.	100000.
4.96	1.0828377209375001e7	100000.	100000.
4.97	1.0854878946875e7	100000.	100000.
4.98	1.0782440590625001e7	100000.	100000.
4.99	1.0803642528125e7	100000.	100000.
5.	1.0731204171875e7	100000.	100000.
5.01	1.0759472965625001e7	100000.	100000.
5.0200000000000005	1.0692334409374999e7	100000.	100000.
5.03	1.0732971228125e7	100000.	100000.
5.04	1.0671133840625e7	100000.	100000.
5.05	1.0704702434375001e7	100000.	100000.
5.0600000000000005	1.0614597621875e7	100000.	100000.
5.07	1.0648164846875e7	100000.	100000.
5.08	1.0595162740625e7	100000.	100000.
5.09	1.0626962909375e7	100000.	100000.
5.1000000000000005	1.0559827090625001e7	100000.	100000.
5.11	1.0586327459375001e7	100000.	100000.
5.12	1.0517423215625e7	100000.	100000.
5.13	1.0535092409375e7	100000.	100000.
5.14	1.0473255021875001e7	100000.	100000.
5.15	1.0512123415625e7	100000.	100000.
5.16	1.0436153684375001e7	100000.	100000.
5.17	1.0482087565624999e7	100000.	100000.
5.18	1.0413184690625003e7	100000.	100000.
5.19	1.0460886996875e7	100000.	100000.
5.2	1.0386682953125e7	100000.	100000.
5.21	1.0423785659374999e7	100000.	100000.
5.22	1.0363715328125e7	100000.	100000.
5.23	1.0397283921875004e7	100000.	100000.
5.24	1.0328379678125003e7	100000.	100000.
5.25	1.0372547871875e7	100000.	100000.
5.26	1.0291278340625003e7	100000.	100000.
5.2700000000000005	1.0335446534375003e7	100000.	100000.
5.28	1.0268310715625001e7	100000.	100000.
5.29	1.0298345196874999e7	100000.	100000.
5.3	1.0232972328125002e7	100000.	100000.
5.3100000000000005	1.0282443059375001e7	100000.	100000.
5.32	1.0201172159375e7	100000.	100000.
5.33	1.0248873096875e7	100000.	100000.
5.34	1.0169370621875001e7	100000.	100000.
5.3500000000000005	1.0204706271875001e7	100000.	100000.
5.36	1.0141103196875e7	100000.	100000.
5.37	1.0183504334375e7	100000.	100000.
5.38	1.0114600090625001e7	100000.	100000.
5.39	1.0158769653125001e7	100000.	100000.
5.4	1.0084564240625001e7	100000.	100000.
5.41	1.0130502228125002e7	100000.	100000.
5.42	1.0061596615625001e7	100000.	100000.
5.43	1.0109300290625e7	100000.	100000.
5.44	1.0020962534375e7	100000.	100000.
5.45	1.0072197584375001e7	100000.	100000.
5.46	1.0005060396875003e7	100000.	100000.
5.47	1.0054529759375e7	100000.	100000.
5.48	9.989159628125e6	100000.	100000.
5.49	1.0024495278125001e7	100000.	100000.
5.5	9.946755753125e6	100000.	100000.
5.51	9.999759228125e6	100000.	100000.
5.5200000000000005	9.946757121875003e6	100000.	100000.
5.53	9.996226484375e6	100000.	100000.
5.54	9.906120303125e6	100000.	100000.
5.55	9.952055553125e6	100000.	100000.
5.5600000000000005	9.879618565624999e6	100000.	100000.
5.57	9.929087928125001e6	100000.	100000.
5.58	9.865484853125e6	100000.	100000.
5.59	9.909655784374999e6	100000.	100000.
5.6000000000000005	9.838983115625001e6	100000.	100000.
5.61	9.870784653125001e6	100000.	100000.
5.62	9.798349034374999e6	100000.	100000.
5.63	9.851349771875e6	100000.	100000.
5.64	9.782446896875001e6	100000.	100000.
5.65	9.817782546875e6	100000.	100000.
5.66	9.750645359375e6	100000.	100000.
5.67	9.796580609375e6	100000.	100000.
5.68	9.732976165625e6	100000.	100000.
5.69	9.780679840625e6	100000.	100000.
5.7	9.720610878125e6	100000.	100000.
5.71	9.754178103125002e6	100000.	100000.
5.72	9.674672890625e6	100000.	100000.
5.73	9.741812815625e6	100000.	100000.
5.74	9.674674259375e6	100000.	100000.
5.75	9.710008540624999e6	100000.	100000.
5.76	9.634037440625e6	100000.	100000.
5.7700000000000005	9.688807971875e6	100000.	100000.
5.78	9.616368246875e6	100000.	100000.
5.79	9.667607403125001e6	100000.	100000.
5.8	9.579269646875001e6	100000.	100000.
5.8100000000000005	9.644639778125001e6	100000.	100000.
5.82	9.577499853125e6	100000.	100000.
5.83	9.621670784375e6	100000.	100000.
5.84	9.535098715625001e6	100000.	100000.
5.8500000000000005	9.591633565625003e6	100000.	100000.
5.86	9.529797546875e6	100000.	100000.
5.87	9.572200053125001e6	100000.	100000.
5.88	9.501530121875e6	100000.	100000.
5.890000000000001	9.540397146875001e6	100000.	100000.
5.9	9.478561128124999e6	100000.	100000.
5.91	9.517430890625e6	100000.	100000.
5.92	9.467961528125001e6	100000.	100000.
5.93	9.489162096875e6	100000.	100000.
5.94	9.427326078125002e6	100000.	100000.
5.95	9.485627984375002e6	100000.	100000.
5.96	9.399057284374999e6	100000.	100000.
5.97	9.459127615625e6	100000.	100000.
5.98	9.395523171875002e6	100000.	100000.
5.99	9.448528015625002e6	100000.	100000.
6.	9.384923571875e6	100000.	100000.
6.01	9.416723740625001e6	100000.	100000.
6.0200000000000005	9.358421834375001e6	100000.	100000.
6.03	9.393756115625001e6	100000.	100000.
6.04	9.342518328125002e6	100000.	100000.
6.05	9.374322603125002e6	100000.	100000.
6.0600000000000005	9.312485215625001e6	100000.	100000.
6.07	9.354887721875003e6	100000.	100000.
6.08	9.287750534375e6	100000.	100000.
6.09	9.323086184375003e6	100000.	100000.
6.1000000000000005	9.255946259375e6	100000.	100000.
6.11	9.312485215625001e6	100000.	100000.
6.12	9.248880771875001e6	100000.	100000.
6.13	9.301884246875e6	100000.	100000.
6.140000000000001	9.224146090625001e6	100000.	100000.
6.15	9.271849765625002e6	100000.	100000.
6.159999999999999	9.225911778125e6	100000.	100000.
6.17	9.268315653125001e6	100000.	100000.
6.18	9.197645721875003e6	100000.	100000.
6.19	9.257714684375001e6	100000.	100000.
6.2	9.183509271875e6	100000.	100000.
6.209999999999999	9.236514115625001e6	100000.	100000.
6.220000000000001	9.178210840625001e6	100000.	100000.
6.230000000000001	9.210011009375e6	100000.	100000.
6.24	9.149942046875002e6	100000.	100000.
6.25	9.211779434375e6	100000.	100000.
6.26	9.121674621875e6	100000.	100000.
6.2700000000000005	9.197647090625003e6	100000.	100000.
6.279999999999999	9.134041278125001e6	100000.	100000.
6.290000000000001	9.192343184375e6	100000.	100000.
6.3	9.114606396875001e6	100000.	100000.
6.3100000000000005	9.155241846875003e6	100000.	100000.
6.32	9.102238371875e6	100000.	100000.
6.33	9.158774590625001e6	100000.	100000.
6.340000000000001	9.091637403125003e6	100000.	100000.
6.35	9.155241846875e6	100000.	100000.
6.360000000000001	9.070436834375e6	100000.	100000.
6.37	9.130507165625e6	100000.	100000.
6.38	9.065137034375003e6	100000.	100000.
6.390000000000001	9.137574021875001e6	100000.	100000.
6.4	9.031568440625e6	100000.	100000.
6.409999999999999	9.104005428125001e6	100000.	100000.
6.42	9.036869609375e6	100000.	100000.
6.43	9.095171515625002e6	100000.	100000.
6.44	9.036868240625001e6	100000.	100000.
6.45	9.088104659375e6	100000.	100000.
6.459999999999999	9.015666303125e6	100000.	100000.
6.470000000000001	9.063369978125e6	100000.	100000.
6.480000000000001	9.003298278125e6	100000.	100000.
6.49	9.052769009375002e6	100000.	100000.
6.5	8.994467103124999e6	100000.	100000.
6.51	9.045702153125001e6	100000.	100000.
6.5200000000000005	8.976799278125001e6	100000.	100000.
6.529999999999999	9.024500215625001e6	100000.	100000.
6.540000000000001	8.975032221875003e6	100000.	100000.
6.55	9.022734528125e6	100000.	100000.
6.5600000000000005	8.955595971875003e6	100000.	100000.
6.57	9.010367871875001e6	100000.	100000.
6.58	8.941462259375e6	100000.	100000.
6.590000000000001	8.983866134375002e6	100000.	100000.
6.6	8.929095603125e6	100000.	100000.
6.610000000000001	8.997999846875e6	100000.	100000.
6.62	8.902593865625e6	100000.	100000.
6.63	8.948529115625001e6	100000.	100000.
6.640000000000001	8.895525640625e6	100000.	100000.
6.65	8.944996371875001e6	100000.	100000.
6.659999999999999	8.886693096875e6	100000.	100000.
6.67	8.944996371875001e6	100000.	100000.
6.68	8.856657246875001e6	100000.	100000.
6.69	8.927328546875002e6	100000.	100000.
6.7	8.854892928124998e6	100000.	100000.
6.709999999999999	8.913194834375001e6	100000.	100000.
6.720000000000001	8.831922565625e6	100000.	100000.
6.730000000000001	8.888458784375e6	100000.	100000.
6.74	8.816021796875e6	100000.	100000.
6.75	8.881391928125001e6	100000.	100000.
6.76	8.801888084375e6	100000.	100000.
6.7700000000000005	8.863724103125e6	100000.	100000.
6.779999999999999	8.801886715625003e6	100000.	100000.
6.790000000000001	8.853124503125e6	100000.	100000.
6.8	8.773617921875002e6	100000.	100000.
6.8100000000000005	8.823088653125e6	100000.	100000.
6.82	8.775387715625e6	100000.	100000.
6.83	8.830155509375e6	100000.	100000.
6.840000000000001	8.747117553125001e6	100000.	100000.
6.85	8.789521428125001e6	100000.	100000.
6.860000000000001	8.727682671875002e6	100000.	100000.
6.87	8.793052803125001e6	100000.	100000.
6.88	8.729449728124999e6	100000.	100000.
6.890000000000001	8.777153403125001e6	100000.	100000.
6.9	8.711781903125001e6	100000.	100000.
6.909999999999999	8.754185778125001e6	100000.	100000.
6.92	8.704715046875e6	100000.	100000.
6.93	8.759485578125002e6	100000.	100000.
6.94	8.699415246875001e6	100000.	100000.
6.95	8.734749528125e6	100000.	100000.
6.959999999999999	8.687048590625001e6	100000.	100000.
6.970000000000001	8.722381503125e6	100000.	100000.
6.980000000000001	8.651711571875e6	100000.	100000.
6.99	8.706482103125e6	100000.	100000.
7.	8.646411771875001e6	100000.	100000.
7.01	8.702947990625001e6	100000.	100000.
7.0200000000000005	8.618144346875e6	100000.	100000.
7.029999999999999	8.699415246875e6	100000.	100000.
7.040000000000001	8.626976890625002e6	100000.	100000.
7.05	8.685280165625e6	100000.	100000.
7.0600000000000005	8.611076121875001e6	100000.	100000.
7.07	8.678213309375e6	100000.	100000.
7.08	8.598708096875e6	100000.	100000.
7.090000000000001	8.662311171875002e6	100000.	100000.
7.1	8.579274584375e6	100000.	100000.
7.110000000000001	8.630511003125e6	100000.	100000.
7.12	8.584575753125003e6	100000.	100000.
7.13	8.634043746875001e6	100000.	100000.
7.140000000000001	8.558072646875001e6	100000.	100000.
7.15	8.621675721875e6	100000.	100000.
7.159999999999999	8.558072646875001e6	100000.	100000.
7.17	8.604007896875001e6	100000.	100000.
7.18	8.531570909375e6	100000.	100000.
7.19	8.584574384374999e6	100000.	100000.
7.2	8.519204253125003e6	100000.	100000.
7.209999999999999	8.577507528125001e6	100000.	100000.
7.220000000000001	8.522736996875001e6	100000.	100000.
7.230000000000001	8.565138134374999e6	100000.	100000.
7.24	8.508604653125001e6	100000.	100000.
7.25	8.558072646875001e6	100000.	100000.
7.26	8.499769371875e6	100000.	100000.
7.2700000000000005	8.542173246875001e6	100000.	100000.
7.279999999999999	8.467966465625e6	100000.	100000.
7.290000000000001	8.517437196875e6	100000.	100000.
7.3	8.448532953125e6	100000.	100000.
7.3100000000000005	8.498002315625003e6	100000.	100000.
7.32	8.422031215625001e6	100000.	100000.
7.33	8.466200778125001e6	100000.	100000.
7.340000000000001	8.411431615625e6	100000.	100000.
7.35	8.446767265625e6	100000.	100000.
7.360000000000001	8.384929878125002e6	100000.	100000.
7.37	8.455599809375001e6	100000.	100000.
7.38	8.379628709375e6	100000.	100000.
7.390000000000001	8.443233153125e6	100000.	100000.
7.4	8.369027740625001e6	100000.	100000.
7.409999999999999	8.430865128125e6	100000.	100000.
7.42	8.370794796875002e6	100000.	100000.
7.43	8.429098071875e6	100000.	100000.
7.44	8.367262053125e6	100000.	100000.
7.45	8.413197303125e6	100000.	100000.
7.459999999999999	8.351359915625002e6	100000.	100000.
7.470000000000001	8.409664559375001e6	100000.	100000.
7.480000000000001	8.338993259375e6	100000.	100000.
7.49	8.400829278125001e6	100000.	100000.
7.5	8.326626603125001e6	100000.	100000.
7.51	8.3796287093750015e6	100000.	100000.
7.5200000000000005	8.321325434375e6	100000.	100000.
7.529999999999999	8.370794796875e6	100000.	100000.
7.540000000000001	8.301891921875001e6	100000.	100000.
7.55	8.338991890625001e6	100000.	100000.
7.5600000000000005	8.287756840625e6	100000.	100000.
7.57	8.349592859375001e6	100000.	100000.
7.58	8.280689984375002e6	100000.	100000.
7.590000000000001	8.335460515625002e6	100000.	100000.
7.6	8.264787846875001e6	100000.	100000.
7.610000000000001	8.3354591468750015e6	100000.	100000.
7.62	8.259488046875001e6	100000.	100000.
7.63	8.310724465625e6	100000.	100000.
7.640000000000001	8.240053165625001e6	100000.	100000.
7.65	8.3001248656250015e6	100000.	100000.
7.659999999999999	8.232987678125e6	100000.	100000.
7.67	8.285989784375002e6	100000.	100000.
7.6800000000000015	8.218851228125e6	100000.	100000.
7.69	8.277155871875001e6	100000.	100000.
7.7	8.206484571875002e6	100000.	100000.
7.709999999999999	8.268320590625e6	100000.	100000.
7.720000000000001	8.185284003125e6	100000.	100000.
7.730000000000001	8.259488046875001e6	100000.	100000.
7.74	8.179981465625001e6	100000.	100000.
7.75	8.243587278125002e6	100000.	100000.
7.76	8.172917346875002e6	100000.	100000.
7.77	8.229452196875e6	100000.	100000.
7.779999999999999	8.149946984374999e6	100000.	100000.
7.790000000000001	8.197652028125001e6	100000.	100000.
7.800000000000001	8.157016578125001e6	100000.	100000.
7.8100000000000005	8.202951828125e6	100000.	100000.
7.82	8.141115809375002e6	100000.	100000.
7.83	8.1905838031250015e6	100000.	100000.
7.84	8.121680928125001e6	100000.	100000.
7.85	8.1552495218750015e6	100000.	100000.
7.859999999999999	8.111079959375002e6	100000.	100000.
7.870000000000001	8.153482465624998e6	100000.	100000.
7.880000000000001	8.093412134375e6	100000.	100000.
7.890000000000001	8.162316378124999e6	100000.	100000.
7.9	8.086343909375002e6	100000.	100000.
7.91	8.144649921875001e6	100000.	100000.
7.92	8.070444509375001e6	100000.	100000.
7.93	8.137580328125003e6	100000.	100000.
7.9399999999999995	8.058076484375e6	100000.	100000.
7.949999999999999	8.098711934375e6	100000.	100000.
7.960000000000001	8.056309428125e6	100000.	100000.
7.970000000000001	8.089879390625001e6	100000.	100000.
7.98	8.043941403125e6	100000.	100000.
7.99	8.091643709375001e6	100000.	100000.
8.	8.026273578125e6	100000.	100000.
8.01	8.072211565625001e6	100000.	100000.
8.02	8.003304584375e6	100000.	100000.
8.03	8.065141971874999e6	100000.	100000.
8.040000000000001	8.020973778125002e6	100000.	100000.
8.05	8.072210196875e6	100000.	100000.
8.06	7.999771840625001e6	100000.	100000.
8.07	8.040407290624999e6	100000.	100000.
8.08	7.982105384375e6	100000.	100000.
8.09	8.036874546875001e6	100000.	100000.
8.1	7.987403815625001e6	100000.	100000.
8.11	8.019206721875e6	100000.	100000.
8.120000000000001	7.964437559375001e6	100000.	100000.
8.13	8.015673978125001e6	100000.	100000.
8.14	7.975037159374999e6	100000.	100000.
8.15	7.996237728125e6	100000.	100000.
8.16	7.948535421875001e6	100000.	100000.
8.17	8.008607121875e6	100000.	100000.
8.18	7.939702878125e6	100000.	100000.
8.19	7.976804215625e6	100000.	100000.
8.2	7.941468565625001e6	100000.	100000.
8.21	7.990940665624999e6	100000.	100000.
8.22	7.939701509374999e6	100000.	100000.
8.23	7.978572640624999e6	100000.	100000.
8.24	7.911432715624999e6	100000.	100000.
8.25	7.971504415625001e6	100000.	100000.
8.26	7.913201140625e6	100000.	100000.
8.27	7.960903446875001e6	100000.	100000.
8.28	7.906132915625e6	100000.	100000.
8.290000000000001	7.945001309375e6	100000.	100000.
8.3	7.904367228125e6	100000.	100000.
8.31	7.945002678125002e6	100000.	100000.
8.32	7.883165290625002e6	100000.	100000.
8.33	7.914968196875e6	100000.	100000.
8.34	7.870798634375001e6	100000.	100000.
8.35	7.927334853125002e6	100000.	100000.
8.36	7.892000571875e6	100000.	100000.
8.370000000000001	7.925569165625001e6	100000.	100000.
8.38	7.879632546874999e6	100000.	100000.
8.39	7.902600171875001e6	100000.	100000.
8.4	7.856663553125e6	100000.	100000.
8.41	7.900833115625001e6	100000.	100000.
8.42	7.833695928125001e6	100000.	100000.
8.43	7.886699403125002e6	100000.	100000.
8.44	7.860197665625e6	100000.	100000.
8.450000000000001	7.874330009375e6	100000.	100000.
8.46	7.814261046875001e6	100000.	100000.
8.47	7.879633915625e6	100000.	100000.
8.48	7.826629071875001e6	100000.	100000.
8.49	7.854896496875001e6	100000.	100000.
8.5	7.8213292718750015e6	100000.	100000.
8.51	7.851363753125001e6	100000.	100000.
8.52	7.808961246875e6	100000.	100000.
8.53	7.853130809375001e6	100000.	100000.
8.540000000000001	7.800127334375001e6	100000.	100000.
8.55	7.835462984375e6	100000.	100000.
8.56	7.7983616468750015e6	100000.	100000.
8.57	7.838995728125001e6	100000.	100000.
8.58	7.793059109374999e6	100000.	100000.
8.59	7.835462984375e6	100000.	100000.
8.6	7.7771597093750015e6	100000.	100000.
8.61	7.819560846875001e6	100000.	100000.
8.620000000000001	7.764793053125001e6	100000.	100000.
8.63	7.819562215625001e6	100000.	100000.
8.64	7.761257571875001e6	100000.	100000.
8.65	7.812493990625e6	100000.	100000.
8.66	7.770092853125001e6	100000.	100000.
8.67	7.808961246875e6	100000.	100000.
8.68	7.7683244281250015e6	100000.	100000.
8.69	7.794826165625001e6	100000.	100000.
8.700000000000001	7.741824059375e6	100000.	100000.
8.71	7.794826165625001e6	100000.	100000.
8.72	7.722389178125e6	100000.	100000.
8.73	7.791292053125e6	100000.	100000.
8.74	7.750657971875001e6	100000.	100000.
8.75	7.770092853125001e6	100000.	100000.
8.76	7.732990146875001e6	100000.	100000.
8.77	7.764791684375003e6	100000.	100000.
8.78	7.731223090624998e6	100000.	100000.
8.790000000000001	7.761258940625001e6	100000.	100000.
8.8	7.718857803125001e6	100000.	100000.
8.81	7.764791684375e6	100000.	100000.
8.82	7.701188609375002e6	100000.	100000.
8.83	7.757726196874999e6	100000.	100000.
8.84	7.708256834375e6	100000.	100000.
8.85	7.750656603125e6	100000.	100000.
8.86	7.687053528125e6	100000.	100000.
8.870000000000001	7.734755834375001e6	100000.	100000.
8.88	7.685286471875e6	100000.	100000.
8.89	7.727688978125002e6	100000.	100000.
8.9	7.676453928125e6	100000.	100000.
8.91	7.725920553125e6	100000.	100000.
8.92	7.664085903124999e6	100000.	100000.
8.93	7.7117882093750015e6	100000.	100000.
8.94	7.669388440625e6	100000.	100000.
8.950000000000001	7.708255465625001e6	100000.	100000.
8.96	7.649952190625e6	100000.	100000.
8.97	7.704721353125e6	100000.	100000.
8.98	7.660551790625e6	100000.	100000.
8.99	7.679986671875e6	100000.	100000.
9.	7.655251990625001e6	100000.	100000.
9.01	7.679986671875e6	100000.	100000.
9.02	7.651719246875001e6	100000.	100000.
9.03	7.679986671875e6	100000.	100000.
9.040000000000001	7.6322843656250015e6	100000.	100000.
9.05	7.681752359375e6	100000.	100000.
9.06	7.632285734375e6	100000.	100000.
9.07	7.662318846875002e6	100000.	100000.
9.08	7.630517309374999e6	100000.	100000.
9.09	7.649952190625002e6	100000.	100000.
9.1	7.614616540625e6	100000.	100000.
9.11	7.660553159375001e6	100000.	100000.
9.120000000000001	7.607549684374999e6	100000.	100000.
9.13	7.644649653125001e6	100000.	100000.
9.14	7.604016940625002e6	100000.	100000.
9.15	7.649952190625e6	100000.	100000.
9.16	7.611082428124999e6	100000.	100000.
9.17	7.653484934375001e6	100000.	100000.
9.18	7.591648915625002e6	100000.	100000.
9.19	7.634050053125001e6	100000.	100000.
9.200000000000001	7.575746778124999e6	100000.	100000.
9.21	7.621682028125002e6	100000.	100000.
9.22	7.5775138343750015e6	100000.	100000.
9.23	7.609316740625001e6	100000.	100000.
9.24	7.584580690625001e6	100000.	100000.
9.25	7.619916340625001e6	100000.	100000.
9.26	7.573981090625001e6	100000.	100000.
9.27	7.611081059375e6	100000.	100000.
9.28	7.552779153125001e6	100000.	100000.
9.290000000000001	7.579282259375e6	100000.	100000.
9.3	7.538645440625e6	100000.	100000.
9.31	7.563380121875e6	100000.	100000.
9.32	7.536878384375e6	100000.	100000.
9.33	7.551014834375001e6	100000.	100000.
9.34	7.513909390625e6	100000.	100000.
9.35	7.549245040624999e6	100000.	100000.
9.36	7.501542734375001e6	100000.	100000.
9.370000000000001	7.538645440625001e6	100000.	100000.
9.38	7.499774309375e6	100000.	100000.
9.39	7.540412496874999e6	100000.	100000.
9.4	7.490943134375001e6	100000.	100000.
9.41	7.538645440625001e6	100000.	100000.
9.42	7.482107853125e6	100000.	100000.
9.43	7.524510359375001e6	100000.	100000.
9.44	7.540409759374999e6	100000.	100000.
9.450000000000001	7.741824059375002e6	100000.	100000.
9.46	7.874331378125001e6	100000.	100000.
9.47	8.105778790625001e6	100000.	100000.
9.48	8.132280528124999e6	100000.	100000.
9.49	8.158783634375002e6	100000.	100000.
9.5	8.008605753125002e6	100000.	100000.
9.51	7.9344017093750015e6	100000.	100000.
9.52	7.718855065625e6	100000.	100000.
9.53	7.646418078125e6	100000.	100000.
9.540000000000001	7.457374540625001e6	100000.	100000.
9.55	7.402604009375e6	100000.	100000.
9.56	7.273628065625e6	100000.	100000.
9.57	7.301896859375003e6	100000.	100000.
9.58	7.220627328125e6	100000.	100000.
9.59	7.271863746875002e6	100000.	100000.
9.6	7.215326159374999e6	100000.	100000.
9.61	7.255961609375e6	100000.	100000.
9.620000000000001	7.227692815625002e6	100000.	100000.
9.63	7.263028465625002e6	100000.	100000.
9.64	7.225924390625001e6	100000.	100000.
9.65	7.273628065625e6	100000.	100000.
9.66	7.225925759374999e6	100000.	100000.
9.67	7.277163546874999e6	100000.	100000.
9.68	7.2329926156250015e6	100000.	100000.
9.69	7.254193184375001e6	100000.	100000.
9.700000000000001	7.2329926156250015e6	100000.	100000.
9.71	7.282463346875001e6	100000.	100000.
9.72	7.222391646875e6	100000.	100000.
9.73	7.2665612093750015e6	100000.	100000.
9.74	7.187055996875e6	100000.	100000.
9.75	7.218858903125e6	100000.	100000.
9.76	7.151720346875001e6	100000.	100000.
9.77	7.167623853124999e6	100000.	100000.
9.78	7.1093192093750015e6	100000.	100000.
9.790000000000001	7.160554259375001e6	100000.	100000.
9.8	7.070452184375e6	100000.	100000.
9.81	7.100483928125001e6	100000.	100000.
9.82	7.073983559375001e6	100000.	100000.
9.83	7.199425390625002e6	100000.	100000.
9.84	7.301896859375003e6	100000.	100000.
9.85	7.483873540624999e6	100000.	100000.
9.86	7.582813634375e6	100000.	100000.
9.870000000000001	7.752425028125001e6	100000.	100000.
9.88	7.681753728124999e6	100000.	100000.
9.89	7.602248515625001e6	100000.	100000.
9.9	7.005079315624998e6	100000.	100000.
9.91	5.012158784375e6	100000.	100000.
9.92	2.4026355406250004e6	100000.	100000.
9.93	1.4150085031249998e6	100000.	100000.
9.94	653531.815625	100000.	100000.
9.950000000000001	100000.	100000.	100000.
9.96	100000.	100000.	100000.
9.97	100000.	100000.	100000.
9.98	100000.	100000.	100000.
9.99	100000.	100000.	100000.
10.	100000.	100000.	100000.
10.01	100000.	100000.	100000.
10.02	100000.	100000.	100000.
10.03	100000.	100000.	100000.
10.040000000000001	100000.	100000.	100000.
10.05	100000.	100000.	100000.
10.06	100000.	100000.	100000.
10.07	100000.	100000.	100000.
10.08	100000.	100000.	100000.
10.09	100000.	100000.	100000.
10.1	100000.	100000.	100000.
10.11	100000.	100000.	100000.
10.120000000000001	100000.	100000.	100000.
10.13	100000.	100000.	100000.
10.14	100000.	100000.	100000.
10.15	100000.	100000.	100000.
10.16	100000.	100000.	100000.
10.17	100000.	100000.	100000.
10.18	100000.	100000.	100000.
10.19	100000.	100000.	100000.
10.200000000000001	100000.	100000.	100000.
10.21	100000.	100000.	100000.
10.22	100000.	100000.	100000.
10.23	100000.	100000.	100000.
10.24	100000.	100000.	100000.
10.25	100000.	100000.	100000.
10.26	100000.	100000.	100000.
10.27	100000.	100000.	100000.
10.28	100000.	100000.	100000.
10.290000000000001	100000.	100000.	100000.
10.3	100000.	100000.	100000.
10.31	100000.	100000.	100000.
10.32	100000.	100000.	100000.
10.33	100000.	100000.	100000.
10.34	100000.	100000.	100000.
10.35	100000.	100000.	100000.
10.36	100000.	100000.	100000.
10.370000000000001	100000.	100000.	100000.
10.38	100000.	100000.	100000.
10.39	100000.	100000.	100000.
10.4	100000.	100000.	100000.
10.41	100000.	100000.	100000.
10.42	100000.	100000.	100000.
10.43	100000.	100000.	100000.
10.44	100000.	100000.	100000.
10.450000000000001	100000.	100000.	100000.
10.46	100000.	100000.	100000.
10.47	100000.	100000.	100000.
10.48	100000.	100000.	100000.
10.49	100000.	100000.	100000.
10.5	100000.	100000.	100000.
10.51	100000.	100000.	100000.
10.52	100000.	100000.	100000.
10.53	100000.	100000.	100000.
10.540000000000001	100000.	100000.	100000.
10.55	100000.	100000.	100000.
10.56	100000.	100000.	100000.
10.57	100000.	100000.	100000.
10.58	100000.	100000.	100000.
10.59	100000.	100000.	100000.
10.6	100000.	100000.	100000.
10.61	100000.	100000.	100000.
10.620000000000001	100000.	100000.	100000.
10.63	100000.	100000.	100000.
10.64	100000.	100000.	100000.
10.65	100000.	100000.	100000.
10.66	100000.	100000.	100000.
10.67	100000.	100000.	100000.
10.68	100000.	100000.	100000.
10.69	100000.	100000.	100000.
10.700000000000001	100000.	100000.	100000.
10.71	100000.	100000.	100000.
10.72	100000.	100000.	100000.
10.73	100000.	100000.	100000.
10.74	100000.	100000.	100000.
10.75	100000.	100000.	100000.