0.	100000.	100000.	100000.
0.010000000000000009	292347.600284091	100000.	100000.
0.020000000000000018	654535.9596590911	100000.	100000.
0.030000000000000027	1.4569451159090912e6	100000.	100000.
0.040000000000000036	2.101816850284091e6	100000.	100000.
0.050000000000000044	3.2752507877840917e6	100000.	100000.
0.05999999999999994	4.691611615909091e6	100000.	100000.
0.07000000000000006	6.029942287784091e6	100000.	100000.
0.07999999999999996	7.809966303409091e6	100000.	100000.
0.09000000000000008	9.695998865909092e6	100000.	100000.
0.09999999999999998	1.203697199090909e7	255886.4022727274	100000.
0.1100000000000001	1.3677125725284088e7	1.0906881678977276e6	100000.
0.12	1.553812613153409e7	2.477604902272728e6	100000.
0.13	1.677486817840909e7	3.489082636647728e6	123701.63153409094
0.14	1.7649421865909096e7	4.790605339772726e6	142842.45965909096
0.15000000000000002	1.817797950653409e7	5.485535683522727e6	173760.24090909096
0.16000000000000003	1.8412079100284092e7	6.152492199147727e6	170815.14715909094
0.17000000000000004	1.8560781240909092e7	6.625104464772727e6	175232.78778409094
0.18	1.856667142840909e7	6.949013449147727e6	169343.74090909096
0.19000000000000006	1.8581393475284092e7	7.189000949147726e6	184066.9284090909
0.2	1.8526919506534092e7	7.364205511647727e6	185540.61590909096
0.2099999999999999	1.8498944537784092e7	7.501129558522727e6	198788.97528409094
0.22000000000000003	1.844741452215909e7	7.638054746022726e6	229709.03778409096
0.23000000000000015	1.8447414522159092e7	7.749951199147728e6	325407.47528409096
0.24000000000000005	1.837821508465909e7	7.820620902272726e6	399024.5534090909
0.24999999999999994	1.8384102990909092e7	7.8868752460227255e6	544781.6002840911
0.26000000000000006	1.8336991756534092e7	7.9457679960227255e6	692013.4752840911
0.2700000000000002	1.834140597528409e7	8.067968855397728e6	823049.6159090908
0.27999999999999997	1.8320794881534092e7	8.237285511647726e6	1.0380083815340911e6
0.29	1.836938094403409e7	8.56119335539773e6	1.210266709659091e6
0.3	1.8397354772159092e7	8.793819261647727e6	1.4119736940340912e6
0.31	1.847538835028409e7	9.063250855397725e6	1.6475435534090907e6
0.32	1.8553420787784092e7	9.228149871022727e6	1.871333037784091e6
0.33	1.868887228778409e7	9.465192277272725e6	2.2335236784090907e6
0.34	1.894358297528409e7	9.73757124602273e6	2.6295760534090907e6
0.35000000000000003	1.9326384709659092e7	1.0167485355397727e7	3.3127271627840907e6
0.36000000000000004	1.9666487147159092e7	1.0710766183522725e7	4.1622498346590903e6
0.37000000000000005	2.014204336590909e7	1.1813529277272724e7	6.111589365909091e6
0.38000000000000006	2.0545457334659092e7	1.278672649602273e7	8.601268053409092e6
0.39000000000000007	2.105634897528409e7	1.4119166980397725e7	1.0478465334659092e7
0.4000000000000001	2.1640857694034096e7	1.5800546324147725e7	1.291808313153409e7
0.41	2.2271005100284092e7	1.6753131308522725e7	1.4611241709659092e7
0.4199999999999999	2.285404013153409e7	1.8159188871022724e7	1.632206628778409e7
0.43	2.332812494403409e7	1.9144165324147727e7	1.7458689975284092e7
0.4400000000000001	2.3724176178409092e7	1.9915656699147727e7	1.8427471834659096e7
0.45	2.412022855340909e7	2.0539916199147727e7	1.925343717840909e7
0.4599999999999999	2.4351380772159092e7	2.1006638277272724e7	1.9817332522159092e7
0.47000000000000003	2.460756172528409e7	2.144097002727273e7	2.025166427215909e7
0.48000000000000015	2.4747432006534092e7	2.181640902727273e7	2.0622687912784092e7
0.49000000000000005	2.4893190194034096e7	2.1994557542897727e7	2.0900952506534092e7
0.49999999999999994	2.495944567840909e7	2.2215405355397727e7	2.113652350653409e7
0.5100000000000002	2.5063979397159092e7	2.238766596477273e7	2.1264613412784092e7
0.5200000000000002	2.5091952084659092e7	2.247747763664773e7	2.1355897631534092e7
0.53	2.518618025653409e7	2.2554037527272727e7	2.1416262928409085e7
0.54	2.518176375653409e7	2.2598205949147727e7	2.143834656903409e7
0.55	2.523624000653409e7	2.2636486464772727e7	2.144276420965909e7
0.56	2.5220044272159092e7	2.2649738246022724e7	2.1441292803409092e7
0.5700000000000001	2.525685224090909e7	2.2674766980397727e7	2.143834885028409e7
0.5800000000000001	2.5240656506534092e7	2.2707157308522727e7	2.1439819115909092e7
0.5900000000000001	2.5270101740909092e7	2.2726296996022727e7	2.1479572178409085e7
0.6000000000000001	2.523329491278409e7	2.276605005852273e7	2.159146635028409e7
0.6100000000000001	2.529513161590909e7	2.284113626164773e7	2.168422311590909e7
0.6200000000000001	2.526274014715909e7	2.2904446652272727e7	2.179464702215909e7
0.6300000000000001	2.530249320965909e7	2.2988369277272727e7	2.187120691278409e7
0.6400000000000001	2.5290715115909092e7	2.302959374602273e7	2.195954603778409e7
0.6500000000000001	2.5336356084659096e7	2.3087015089772727e7	2.199782427215909e7
0.6599999999999999	2.532899677215909e7	2.3112043824147727e7	2.203316083465909e7
0.6699999999999999	2.5371691506534092e7	2.3141490199147724e7	2.2081748037784096e7
0.6800000000000002	2.5373164053409092e7	2.3172406839772727e7	2.2105306506534092e7
0.6900000000000002	2.5411444569034092e7	2.3179768433522727e7	2.211708345965909e7
0.7	2.5384942147159092e7	2.3200382949147724e7	2.2131806647159092e7
0.71	2.543205680340909e7	2.322246658977273e7	2.2133279194034092e7
0.7199999999999998	2.5399666475284092e7	2.3203325761647727e7	2.2134748319034092e7
0.73	2.5427640303409092e7	2.3222465449147727e7	2.2130332959659092e7
0.74	2.5411444569034092e7	2.321510499602273e7	2.2117082319034092e7
0.75	2.5465920819034092e7	2.3209215949147727e7	2.2122971365909092e7
0.7600000000000002	2.542764030340909e7	2.3198908121022727e7	2.2128860412784092e7
0.77	2.5452669037784096e7	2.3212161042897727e7	2.2105304225284092e7
0.78	2.5426166615909092e7	2.3190075121022727e7	2.2122973647159096e7
0.79	2.5465920819034092e7	2.318713002727273e7	2.210383281903409e7
0.7999999999999998	2.5436473303409092e7	2.318271352727273e7	2.210088658465909e7
0.81	2.5465920819034092e7	2.3201854355397727e7	2.209647008465909e7
0.8200000000000001	2.542911285028409e7	2.317535193352273e7	2.2078802944034092e7
0.8300000000000001	2.546444713153409e7	2.3172406839772727e7	2.209058217840909e7
0.8400000000000003	2.543941953778409e7	2.3169462886647724e7	2.206555116278409e7
0.8500000000000001	2.5465920819034092e7	2.3162100152272724e7	2.206113352215909e7
0.8599999999999999	2.544236349090909e7	2.3140017652272724e7	2.2053774209659092e7
0.8699999999999999	2.5477698912784096e7	2.314443415227273e7	2.2039049881534092e7
0.8799999999999999	2.543205680340909e7	2.3126765871022727e7	2.2037579615909096e7
0.8899999999999997	2.546150431903409e7	2.3138545105397724e7	2.2024327834659092e7
0.8999999999999999	2.5436473303409092e7	2.3113515230397727e7	2.200813210028409e7
0.9099999999999999	2.545266903778409e7	2.312087568352273e7	2.2021382740909092e7
0.9199999999999999	2.543941839715909e7	2.3097319496022727e7	2.1997825412784092e7
0.9300000000000002	2.5473282412784096e7	2.3091430449147727e7	2.2002241912784092e7
0.94	2.543941839715909e7	2.3066401714772727e7	2.1975740631534092e7
0.95	2.546003063153409e7	2.307229076164772e7	2.1972796678409092e7
0.96	2.5445307444034092e7	2.3048733433522724e7	2.1962488850284092e7
0.9699999999999998	2.546886591278409e7	2.3045788339772727e7	2.1949239350284092e7
0.98	2.543500189715909e7	2.304137183977273e7	2.1941877756534092e7
0.99	2.5474754959659092e7	2.3048733433522724e7	2.1947767944034092e7
1.	2.5443834897159092e7	2.301634310539773e7	2.1930098522159092e7
1.0100000000000002	2.5468864772159092e7	2.3023704699147724e7	2.191832156903409e7
1.02	2.543500189715909e7	2.3000147371022727e7	2.1900654428409092e7
1.03	2.5467392225284092e7	2.3001619917897727e7	2.1884459834659092e7
1.04	2.543647444403409e7	2.2975117496022727e7	2.187120577215909e7
1.0499999999999998	2.546150431903409e7	2.2969228449147727e7	2.185942881903409e7
1.06	2.543941725653409e7	2.2954506402272727e7	2.1853538631534085e7
1.07	2.548358795965909e7	2.2969228449147727e7	2.1835870350284092e7
1.08	2.543941839715909e7	2.294567226164773e7	2.1827037350284092e7
1.0900000000000003	2.5468864772159092e7	2.2933893027272727e7	2.1815258115909092e7
1.1	2.5446781131534085e7	2.2911808246022727e7	2.1802008615909092e7
1.1099999999999999	2.5470337319034096e7	2.2914753339772727e7	2.1793175615909092e7
1.1199999999999999	2.5445307444034092e7	2.2902974105397727e7	2.1771090834659092e7
1.13	2.5464448272159092e7	2.2889724605397724e7	2.1753421412784092e7
1.1399999999999997	2.5443836037784092e7	2.2863223324147727e7	2.1734281725284092e7
1.15	2.5468864772159092e7	2.2875002558522727e7	2.1722502490909092e7
1.16	2.5439418397159092e7	2.2849970402272727e7	2.1698946303409092e7
1.17	2.5474754959659092e7	2.2847027589772727e7	2.1675388975284092e7
1.1800000000000002	2.5436472162784092e7	2.2813162433522727e7	2.1656249287784092e7
1.19	2.5474753819034092e7	2.2835248355397727e7	2.1634165647159092e7
1.2	2.544089094403409e7	2.2801384339772727e7	2.158116080340909e7
1.21	2.5473281272159092e7	2.2808747074147727e7	2.1562021115909092e7
1.2199999999999998	2.543794699090909e7	2.2776356746022724e7	2.1536992381534092e7
1.23	2.548064286590909e7	2.2774883058522724e7	2.150754600653409e7
1.24	2.5437945850284096e7	2.272629699602272e7	2.1460432490909092e7
1.25	2.5470337319034092e7	2.273660482414773e7	2.142951356903409e7
1.2600000000000002	2.5439418397159092e7	2.2707157308522727e7	2.1394177006534092e7
1.27	2.546444827215909e7	2.2713046355397727e7	2.1335285397159092e7
1.28	2.5440889803409092e7	2.2676239527272727e7	2.128669933465909e7
1.29	2.5485059365909092e7	2.2670349339772724e7	2.125136505340909e7
1.2999999999999998	2.545414044403409e7	2.2654154746022727e7	2.121013830340909e7
1.31	2.547769777215909e7	2.2649738246022727e7	2.1148301600284092e7
1.3200000000000003	2.543941839715909e7	2.261734677727273e7	2.110560572528409e7
1.33	2.5486533053409092e7	2.2608511496022727e7	2.1059963615909092e7
1.3400000000000003	2.5440890944034096e7	2.2584956449147724e7	2.0998126912784092e7
1.35	2.5462975725284092e7	2.2576121167897724e7	2.095690244403409e7
1.36	2.543058425653409e7	2.2548148480397727e7	2.0903899881534092e7
1.3699999999999999	2.547917145965909e7	2.2529007652272724e7	2.0845005990909092e7
1.38	2.5451196490909092e7	2.2509866824147724e7	2.0797891334659092e7
1.3899999999999997	2.5465920819034092e7	2.2492200824147724e7	2.0743415084659092e7
1.4	2.5445307444034092e7	2.2458336808522724e7	2.0680108115909092e7
1.4100000000000001	2.5479171459659092e7	2.2443613621022724e7	2.0631519772159096e7
1.42	2.5446779990909092e7	2.2405333105397727e7	2.0581463444034092e7
1.4300000000000002	2.5471811006534092e7	2.2403859417897727e7	2.051520910028409e7
1.44	2.5443836037784092e7	2.234349640227273e7	2.0435705256534092e7
1.45	2.5479169178409092e7	2.232141162102273e7	2.039300481903409e7
1.46	2.5452669037784096e7	2.230374333977273e7	2.033853199090909e7
1.4699999999999998	2.5485059365909092e7	2.2275769511647727e7	2.025461050653409e7
1.48	2.5443834897159092e7	2.2241906636647727e7	2.0217802537784092e7
1.4899999999999998	2.5486531912784092e7	2.221687904289773e7	2.0139770100284092e7
1.5	2.546150317840909e7	2.217712598039773e7	2.007645856903409e7
1.5100000000000002	2.5482116553409092e7	2.2153569792897724e7	2.0023457147159092e7
1.52	2.5443834897159092e7	2.2121177183522724e7	1.997928872528409e7
1.53	2.5489477006534092e7	2.2087314308522727e7	1.988947477215909e7
1.54	2.5443836037784092e7	2.2038728246022727e7	1.983499966278409e7
1.5499999999999998	2.549242095965909e7	2.2009283011647727e7	1.975991345965909e7
1.56	2.5457086678409092e7	2.1947445167897724e7	1.969218656903409e7
1.5700000000000003	2.549536719403409e7	2.193713848039773e7	1.963182241278409e7
1.58	2.5442362350284092e7	2.1898857964772724e7	1.956262411590909e7
1.5900000000000003	2.548653305340909e7	2.1853216996022724e7	1.9490479584659092e7
1.6	2.5457085537784092e7	2.1800213292897727e7	1.941980874090909e7
1.61	2.549242210028409e7	2.1784017558522727e7	1.9340303756534092e7
1.6199999999999999	2.5446779990909092e7	2.172365454289773e7	1.927552310028409e7
1.63	2.548358795965909e7	2.1692735621022727e7	1.9193073022159092e7
1.6399999999999997	2.546739336590909e7	2.1630897777272724e7	1.9123875865909092e7
1.65	2.5501255100284092e7	2.1601452542897727e7	1.9038480694034092e7
1.6600000000000001	2.5465920819034092e7	2.1563172027272727e7	1.8969282397159092e7
1.67	2.550125624090909e7	2.1514585964772727e7	1.8872107990909092e7
1.6800000000000002	2.5462975725284092e7	2.147041526164773e7	1.8808798740909092e7
1.69	2.5510090381534096e7	2.1429189652272727e7	1.8735183944034092e7
1.7	2.546592195965909e7	2.1376188230397727e7	1.8654206412784092e7
1.7100000000000002	2.5505670459659092e7	2.1333491214772724e7	1.8557035428409092e7
1.72	2.547328241278409e7	2.1276069871022727e7	1.8470167709659096e7
1.7300000000000006	2.550567274090909e7	2.1249568589772724e7	1.839655291278409e7
1.7399999999999995	2.545119535028409e7	2.1174481246022727e7	1.8311158881534096e7
1.7500000000000002	2.5510089240909092e7	2.1134729324147724e7	1.8230183631534092e7
1.76	2.5483586819034096e7	2.1075836574147724e7	1.8137425725284092e7
1.7699999999999998	2.5486531912784092e7	2.105816943352273e7	1.804025474090909e7
1.78	2.5471807584659092e7	2.0984553496022727e7	1.796516625653409e7
1.7899999999999998	2.551303319403409e7	2.0940383933522727e7	1.7876828272159085e7
1.8	2.5474754959659092e7	2.0869714230397727e7	1.778112755340909e7
1.8099999999999998	2.5521869615909092e7	2.0828488621022724e7	1.7681009194034092e7
1.8200000000000005	2.5483586819034096e7	2.0771068417897727e7	1.757794802215909e7
1.8299999999999994	2.5517451975284092e7	2.0721010949147724e7	1.7495497944034092e7
1.84	2.5488004459659092e7	2.0650338964772727e7	1.7395380725284092e7
1.8499999999999999	2.551597942840909e7	2.0585556027272727e7	1.7277595225284092e7
1.86	2.5480642865909092e7	2.0523720464772727e7	1.7195146287784092e7
1.8699999999999999	2.5521868475284096e7	2.0488385042897727e7	1.7090612569034092e7
1.8800000000000001	2.5492423240909092e7	2.0400045917897727e7	1.6984606303409092e7
1.89	2.551450688153409e7	2.0363236808522727e7	1.6875656084659092e7
1.8999999999999997	2.5489477006534092e7	2.0302874933522727e7	1.6781427912784092e7
1.9100000000000004	2.5526286115909092e7	2.0239564542897724e7	1.6663642412784092e7
1.9200000000000002	2.5493894647159092e7	2.0170365105397727e7	1.6554692194034092e7
1.93	2.553070147528409e7	2.0102639355397727e7	1.6435434147159088e7
1.9400000000000002	2.550567160028409e7	2.0029023417897727e7	1.6332371834659088e7
1.95	2.5536590522159092e7	1.998632640227273e7	1.6220477662784092e7
1.9600000000000002	2.5505671600284092e7	1.9886209183522724e7	1.611594394403409e7
1.97	2.5546898350284092e7	1.9837623121022727e7	1.5992269397159088e7
1.9800000000000006	2.549242095965909e7	1.9734561949147724e7	1.5862703522159092e7
1.9899999999999995	2.5546898350284092e7	1.9691863792897727e7	1.5744921444034092e7
2.0000000000000004	2.551303319403409e7	1.9596164214772727e7	1.5650692131534094e7
2.0100000000000002	2.5545425803409092e7	1.9553467199147724e7	1.550640763153409e7
2.02	2.551156178778409e7	1.9443044433522727e7	1.539892881903409e7
2.0300000000000002	2.5564564350284092e7	1.9400347417897724e7	1.525905853778409e7
2.04	2.551303433465909e7	1.9312008292897727e7	1.512507730340909e7
2.0500000000000003	2.5557202756534085e7	1.9248700183522724e7	1.4982263069034094e7
2.06	2.554247956903409e7	1.9148582964772727e7	1.4842393928409088e7
2.0700000000000007	2.556603575653409e7	1.9088216527272727e7	1.4720191928409094e7
2.0799999999999996	2.553217516278409e7	1.8967488214772724e7	1.4578850240909088e7
2.0900000000000003	2.5573399631534092e7	1.8917428464772727e7	1.4455176834659092e7
2.1	2.553364656903409e7	1.880700683977273e7	1.4309416365909087e7
2.1100000000000003	2.558075894403409e7	1.876136473039773e7	1.4147462444034088e7
2.12	2.5541008162784092e7	1.8636218777272727e7	1.399139756903409e7
2.1300000000000003	2.5583705178409092e7	1.8581741386647727e7	1.385447352215909e7
2.14	2.555131485028409e7	1.8458067980397724e7	1.3705770240909092e7
2.15	2.559548441278409e7	1.8406535683522727e7	1.3557066959659087e7
2.1600000000000006	2.555425994403409e7	1.8294641511647724e7	1.340100094403409e7
2.1700000000000004	2.5605791100284092e7	1.8219553027272727e7	1.3216963381534092e7
2.18	2.5576343584659092e7	1.8091463121022727e7	1.308887347528409e7
2.1900000000000004	2.561462410028409e7	1.8017846042897727e7	1.2918084272159092e7
2.2	2.5586650272159092e7	1.7919201371022727e7	1.275465894403409e7
2.2100000000000004	2.5613151553409092e7	1.7829390839772727e7	1.258092578778409e7
2.22	2.559106677215909e7	1.771896693352273e7	1.2393939709659092e7
2.230000000000001	2.562640219403409e7	1.7620323402272727e7	1.2226095600284092e7
2.2399999999999998	2.558812053778409e7	1.7509898355397724e7	1.2049419631534092e7
2.2500000000000004	2.562493078778409e7	1.7406837183522727e7	1.1877160162784092e7
2.2600000000000002	2.5601372319034092e7	1.728610887102273e7	1.1660731131534092e7
2.27	2.564112424090909e7	1.7181572871022727e7	1.1485526569034092e7
2.2800000000000002	2.561167786590909e7	1.7047592777272727e7	1.1314737365909088e7
2.29	2.565437602215909e7	1.6954838292897727e7	1.1105668787784092e7
2.3000000000000003	2.5641125381534092e7	1.6831164886647727e7	1.0923102631534092e7
2.31	2.5664681569034092e7	1.671779588664773e7	1.0708145006534092e7
2.3200000000000007	2.5617568053409092e7	1.6595593886647724e7	1.050349406903409e7
2.3299999999999996	2.567793220965909e7	1.647633698039773e7	1.029148267840909e7
2.3400000000000003	2.564554188153409e7	1.632910624602273e7	1.0079467865909092e7
2.35	2.5679404756534092e7	1.6223099980397727e7	9.87334438153409e6
2.3600000000000003	2.566615525653409e7	1.6086173652272724e7	9.63188547528409e6
2.37	2.5700016990909092e7	1.5958082605397727e7	9.42134549090909e6
2.3800000000000003	2.567351570965909e7	1.5800546324147725e7	9.21963964715909e6
2.39	2.571474017840909e7	1.568570705852273e7	8.98554005340909e6
2.4	2.569265653778409e7	1.5531113589772724e7	8.74113719403409e6
2.4100000000000006	2.5738297506534092e7	1.5395662089772725e7	8.515874022159088e6
2.4200000000000004	2.569560163153409e7	1.527345894914773e7	8.286193209659093e6
2.43	2.5755965787784092e7	1.5117394074147727e7	8.03442875653409e6
2.4400000000000004	2.571326991278409e7	1.4937771871022724e7	7.782663162784092e6
2.45	2.576038228778409e7	1.482587655852273e7	7.545620756534091e6
2.4600000000000004	2.5729463365909092e7	1.4635948808522727e7	7.276188022159091e6
2.47	2.5776576881534092e7	1.4521108402272727e7	7.000866240909091e6
2.480000000000001	2.574713164715909e7	1.431498491789773e7	6.72701586590909e6
2.4899999999999998	2.578835611590909e7	1.4188366417897727e7	6.46199963153409e6
2.5000000000000004	2.5773632928409096e7	1.4005797980397725e7	6.201399897159091e6
2.5100000000000002	2.580896835028409e7	1.3858568386647727e7	5.94522008465909e6
2.52	2.5786884709659096e7	1.3659805355397725e7	5.672842256534091e6
2.5300000000000002	2.5836943319034092e7	1.3518465949147727e7	5.36512900653409e6
2.54	2.579866166278409e7	1.3303507183522725e7	5.094222584659091e6
2.5500000000000003	2.585461045965909e7	1.3165110589772725e7	4.79975997528409e6
2.56	2.5829580584659092e7	1.2941317683522724e7	4.555355975284091e6
2.5700000000000007	2.5875222694034085e7	1.2807338730397725e7	4.22261513153409e6
2.5799999999999996	2.5856083006534096e7	1.2549685230397727e7	3.95465494403409e6
2.5900000000000003	2.5907614162784092e7	1.2423064449147727e7	3.6896364284090907e6
2.6	2.588994588153409e7	1.2190439683522725e7	3.365729725284091e6
2.6100000000000003	2.594589353778409e7	1.203879130852273e7	3.0948255846590907e6
2.62	2.5913503209659092e7	1.1782610355397727e7	2.8224466159090907e6
2.6300000000000003	2.597681131903409e7	1.1635379621022725e7	2.5633205690340907e6
2.64	2.5965035506534092e7	1.1371834792897725e7	2.2644414596590903e6
2.65	2.6013620428409092e7	1.1206935777272727e7	2.0229825534090905e6
2.6600000000000006	2.6003313740909085e7	1.099933974602273e7	1.766799319034091e6
2.6700000000000004	2.6075457131534092e7	1.0800580136647727e7	1.501785365909091e6
2.68	2.6050426115909092e7	1.0522310980397725e7	1.307439975284091e6
2.6900000000000004	2.6115209053409092e7	1.0370664886647727e7	1.067452475284091e6
2.7	2.610195955340909e7	1.0102702417897727e7	906972.2409090907
2.7100000000000004	2.6160851162784092e7	9.898051480397725e6	715569.6627840908
2.72	2.6178519444034092e7	9.655121167897725e6	550672.928409091
2.730000000000001	2.6216801100284096e7	9.456356996022727e6	401968.50653409096
2.7399999999999998	2.6193241490909092e7	9.194288136647725e6	323936.06903409096
2.7500000000000004	2.6255078194034096e7	8.998467917897727e6	225291.3971590909
2.7600000000000002	2.6263912334659092e7	8.690756949147725e6	179648.14715909096
2.7700000000000005	2.631544349090909e7	8.506718246022727e6	120755.39715909092
2.7800000000000002	2.6339001959659096e7	8.240230605397727e6	106034.49090909094
2.79	2.6387586881534096e7	8.013493746022726e6	100000.
2.8000000000000003	2.6372863694034092e7	7.785286621022728e6	100000.
2.81	2.643175530340909e7	7.4746271366477255e6	100000.
2.8200000000000007	2.643470153778409e7	7.252310199147727e6	100000.
2.8299999999999996	2.6484759006534092e7	6.9784598241477255e6	100000.
2.8400000000000003	2.647445231903409e7	6.739944871022728e6	100000.
2.85	2.6552485897159092e7	6.451372449147728e6	100000.
2.8600000000000003	2.6540707803409096e7	6.215802589772727e6	100000.
2.87	2.6596654319034092e7	5.956674261647726e6	100000.
2.8800000000000003	2.6595181772159092e7	5.715217636647727e6	100000.
2.89	2.6664381209659092e7	5.425169246022727e6	100000.
2.9	2.6649658022159096e7	5.145429824147729e6	100000.
2.9100000000000006	2.673357950653409e7	4.917224980397727e6	100000.
2.9200000000000004	2.672327395965909e7	4.647791105397726e6	100000.
2.93	2.677333142840909e7	4.385718824147726e6	100000.
2.940000000000001	2.676008192840909e7	4.119230042897727e6	100000.
2.95	2.6827808819034092e7	3.9189967460227264e6	100000.
2.9600000000000004	2.680719658465909e7	3.6363145116477273e6	100000.
2.97	2.6851363865909092e7	3.514111371022728e6	100000.
2.980000000000001	2.6835169272159092e7	3.307986746022728e6	100000.
2.9899999999999998	2.6892590615909092e7	3.163701105397728e6	100000.
3.0000000000000004	2.6885227881534092e7	2.9840789022727273e6	100000.
3.0100000000000002	2.6924979803409096e7	2.8692407772727273e6	100000.
3.0200000000000005	2.691025775653409e7	2.696980167897728e6	100000.
3.03	2.6967677959659092e7	2.5968618085227273e6	100000.
3.04	2.694411949090909e7	2.4687696210227273e6	100000.
3.0500000000000003	2.700448592840909e7	2.381905324147727e6	100000.
3.06	2.700595619403409e7	2.2361471366477273e6	100000.
3.0700000000000007	2.7025097022159096e7	2.166946558522728e6	100000.
3.0799999999999996	2.700154197528409e7	2.0329664647727276e6	100000.
3.0900000000000003	2.7048654350284092e7	1.9784913553977278e6	100000.
3.1	2.704276530340909e7	1.8386210741477276e6	100000.
3.1100000000000003	2.7097240412784085e7	1.7900338710227278e6	100000.
3.1200000000000006	2.706926658465909e7	1.6781385585227278e6	100000.
3.1300000000000003	2.7109019647159092e7	1.6148304491477276e6	100000.
3.14	2.710165805340909e7	1.4985174960227273e6	100000.
3.15	2.713846374090909e7	1.4602369803977276e6	100000.
3.1600000000000006	2.711490983465909e7	1.3557032616477276e6	100000.
3.1700000000000004	2.7147300162784092e7	1.3071160585227278e6	100000.
3.18	2.7128159334659092e7	1.2114164803977276e6	100000.
3.190000000000001	2.716349589715909e7	1.1834415116477276e6	100000.
3.2	2.7148771569034092e7	1.0995200272727276e6	100000.
3.2100000000000004	2.7192941131534096e7	1.0744924335227276e6	100000.
3.22	2.7167912397159092e7	989097.2616477275	100000.
3.230000000000001	2.720324781903409e7	992042.3553977276	100000.
3.2399999999999998	2.717674539715909e7	928733.1053977276	100000.
3.2500000000000004	2.7222386365909092e7	921371.5116477276	100000.
3.2600000000000002	2.7200302725284092e7	844811.6210227275	100000.
3.2700000000000005	2.7225331459659092e7	816838.9335227275	100000.
3.28	2.720177527215909e7	769724.2772727276	100000.
3.29	2.7243000881534092e7	738804.2147727273	100000.
3.3000000000000003	2.7201774131534092e7	676967.5116477275	100000.
3.31	2.7259195475284096e7	643105.7772727276	100000.
3.3200000000000007	2.723710955340909e7	573906.3397727277	100000.
3.3299999999999996	2.727833516278409e7	562127.1053977275	100000.
3.3400000000000003	2.7232693053409085e7	504706.9022727275	100000.
3.35	2.727833402215909e7	475261.6678977275	100000.
3.3600000000000003	2.7241527194034092e7	406063.37102272746	100000.
3.3700000000000006	2.7307780397159092e7	419314.01164772746	100000.
3.3800000000000003	2.725330642840909e7	347171.76164772746	100000.
3.39	2.730631013153409e7	325085.8397727274	100000.
3.4	2.727980656903409e7	273555.82414772746	100000.
3.4100000000000006	2.732103103778409e7	266195.37102272746	100000.
3.4200000000000004	2.7291585803409092e7	198466.1991477275	100000.
3.43	2.732986517840909e7	211717.98039772746	100000.
3.440000000000001	2.729452861590909e7	158715.4178977275	100000.
3.45	2.7332809131534096e7	146936.18352272746	100000.
3.4600000000000004	2.7335755365909092e7	117489.80852272744	100000.
3.47	2.737109078778409e7	127796.49602272744	100000.
3.480000000000001	2.7353423647159092e7	100000.	100000.
3.4899999999999998	2.7388757928409092e7	100000.	100000.
3.5000000000000004	2.735783900653409e7	100000.	100000.
3.5100000000000002	2.7396120662784096e7	100000.	100000.
3.5200000000000005	2.736961938153409e7	100000.	100000.
3.53	2.741967685028409e7	100000.	100000.
3.54	2.7397593209659092e7	100000.	100000.
3.5500000000000003	2.744323417840909e7	100000.	100000.
3.56	2.7403481115909096e7	100000.	100000.
3.5700000000000007	2.743440117840909e7	100000.	100000.
3.5799999999999996	2.741084270965909e7	100000.	100000.
3.5900000000000003	2.7459428772159085e7	100000.	100000.
3.6	2.744176049090909e7	100000.	100000.
3.6100000000000003	2.747415195965909e7	100000.	100000.
3.6200000000000006	2.744029136590909e7	100000.	100000.
3.6300000000000003	2.7488876287784092e7	100000.	100000.
3.64	2.7450595772159096e7	100000.	100000.
3.65	2.7502125787784096e7	100000.	100000.
3.6600000000000006	2.7450595772159092e7	100000.	100000.
3.6700000000000004	2.750801597528409e7	100000.	100000.
3.68	2.7453540865909096e7	100000.	100000.
3.690000000000001	2.7500653240909092e7	100000.	100000.
3.7	2.747415195965909e7	100000.	100000.
3.709999999999999	2.7509488522159092e7	100000.	100000.
3.7200000000000006	2.7471208006534096e7	100000.	100000.
3.7300000000000004	2.7521266615909092e7	100000.	100000.
3.74	2.7481514694034092e7	100000.	100000.
3.75	2.7513903881534092e7	100000.	100000.
3.7600000000000016	2.7496237881534092e7	100000.	100000.
3.7700000000000005	2.752568311590909e7	100000.	100000.
3.7799999999999994	2.748740260028409e7	100000.	100000.
3.79	2.7533045850284085e7	100000.	100000.
3.8000000000000007	2.7506544569034092e7	100000.	100000.
3.8100000000000005	2.7527154522159096e7	100000.	100000.
3.8200000000000003	2.748740260028409e7	100000.	100000.
3.83	2.754187770965909e7	100000.	100000.
3.84	2.750359833465909e7	100000.	100000.
3.8499999999999996	2.7524210569034085e7	100000.	100000.
3.8600000000000003	2.750065438153409e7	100000.	100000.
3.870000000000001	2.751832038153409e7	100000.	100000.
3.88	2.7497710428409092e7	100000.	100000.
3.8900000000000006	2.7535989803409085e7	100000.	100000.
3.9000000000000004	2.7490347694034096e7	100000.	100000.
3.91	2.7544822803409092e7	100000.	100000.
3.92	2.7512431334659092e7	100000.	100000.
3.9300000000000006	2.753451725653409e7	100000.	100000.
3.9400000000000013	2.750065438153409e7	100000.	100000.
3.95	2.752715680340909e7	100000.	100000.
3.959999999999999	2.7488875147159092e7	100000.	100000.
3.9700000000000006	2.7521265475284092e7	100000.	100000.
3.9800000000000004	2.7488876287784092e7	100000.	100000.
3.99	2.7524210569034085e7	100000.	100000.
4.	2.7497710428409085e7	100000.	100000.
4.010000000000002	2.750948624090909e7	100000.	100000.
4.0200000000000005	2.7491820240909092e7	100000.	100000.
4.029999999999999	2.7503597194034092e7	100000.	100000.
4.04	2.7465317819034092e7	100000.	100000.
4.050000000000001	2.7496236740909092e7	100000.	100000.
4.0600000000000005	2.7472679412784085e7	100000.	100000.
4.07	2.749034655340909e7	100000.	100000.
4.08	2.745206717840909e7	100000.	100000.
4.09	2.7484458647159096e7	100000.	100000.
4.1	2.7447650678409092e7	100000.	100000.
4.11	2.7484459787784092e7	100000.	100000.
4.120000000000001	2.74344000377841e7	100000.	100000.
4.13	2.7463846412784092e7	100000.	100000.
4.140000000000001	2.7452068319034092e7	100000.	100000.
4.15	2.744764953778409e7	100000.	100000.
4.16	2.74108449909091e7	100000.	100000.
4.17	2.745501227215909e7	100000.	100000.
4.180000000000001	2.7427038444034096e7	100000.	100000.
4.190000000000001	2.7438816537784096e7	100000.	100000.
4.2	2.7388759069034096e7	100000.	100000.
4.209999999999999	2.7415261490909092e7	100000.	100000.
4.220000000000001	2.738728538153409e7	100000.	100000.
4.23	2.742262080340909e7	100000.	100000.
4.24	2.7381397475284092e7	100000.	100000.
4.25	2.7402008569034092e7	100000.	100000.
4.260000000000002	2.7363728053409096e7	100000.	100000.
4.2700000000000005	2.7385813975284092e7	100000.	100000.
4.279999999999999	2.7356368740909092e7	100000.	100000.
4.29	2.739759206903409e7	100000.	100000.
4.300000000000001	2.7341645553409092e7	100000.	100000.
4.3100000000000005	2.7356367600284092e7	100000.	100000.
4.32	2.733133772528409e7	100000.	100000.
4.33	2.736225664715909e7	100000.	100000.
4.34	2.7312199178409092e7	100000.	100000.
4.35	2.7343115819034085e7	100000.	100000.
4.36	2.730041994403409e7	100000.	100000.
4.370000000000001	2.731072435028409e7	100000.	100000.
4.38	2.7282751662784092e7	100000.	100000.
4.390000000000001	2.730925294403409e7	100000.	100000.
4.4	2.7259194334659092e7	100000.	100000.
4.41	2.7288641850284092e7	100000.	100000.
4.42	2.7250361334659092e7	100000.	100000.
4.430000000000001	2.726066688153409e7	100000.	100000.
4.440000000000001	2.724741624090909e7	100000.	100000.
4.45	2.7273917522159092e7	100000.	100000.
4.459999999999999	2.724005578778409e7	100000.	100000.
4.470000000000001	2.7240054647159092e7	100000.	100000.
4.48	2.7197358772159092e7	100000.	100000.
4.49	2.722386005340909e7	100000.	100000.
4.5	2.718852349090909e7	100000.	100000.
4.510000000000002	2.719441367840909e7	100000.	100000.
4.5200000000000005	2.717821680340909e7	100000.	100000.
4.529999999999999	2.719441367840909e7	100000.	100000.
4.54	2.7128159334659092e7	100000.	100000.
4.550000000000001	2.7147299022159092e7	100000.	100000.
4.5600000000000005	2.7110492194034092e7	100000.	100000.
4.57	2.7120798881534092e7	100000.	100000.
4.58	2.7075155631534092e7	100000.	100000.
4.59	2.708987995965909e7	100000.	100000.
4.6	2.703540370965909e7	100000.	100000.
4.61	2.706779403778409e7	100000.	100000.
4.620000000000001	2.701626402215909e7	100000.	100000.
4.63	2.702509816278409e7	100000.	100000.
4.640000000000001	2.698829019403409e7	100000.	100000.
4.65	2.6994178100284092e7	100000.	100000.
4.66	2.694117553778409e7	100000.	100000.
4.67	2.695295477215909e7	100000.	100000.
4.680000000000001	2.6905841256534092e7	100000.	100000.
4.690000000000001	2.6905841256534092e7	100000.	100000.
4.7	2.6846947365909085e7	100000.	100000.
4.709999999999999	2.6844002272159092e7	100000.	100000.
4.720000000000001	2.6785111803409092e7	100000.	100000.
4.73	2.679099970965909e7	100000.	100000.
4.74	2.672916186590909e7	100000.	100000.
4.75	2.672474536590909e7	100000.	100000.
4.760000000000002	2.667026911590909e7	100000.	100000.
4.7700000000000005	2.666143725653409e7	100000.	100000.
4.779999999999999	2.6596654319034092e7	100000.	100000.
4.79	2.6592236678409092e7	100000.	100000.
4.800000000000001	2.6525984615909092e7	100000.	100000.
4.8100000000000005	2.650242728778409e7	100000.	100000.
4.82	2.644647963153409e7	100000.	100000.
4.83	2.6422923444034092e7	100000.	100000.
4.84	2.6349307506534092e7	100000.	100000.
4.85	2.632722158465909e7	100000.	100000.
4.86	2.6265384881534085e7	100000.	100000.
4.870000000000001	2.623593964715909e7	100000.	100000.
4.88	2.6162323709659092e7	100000.	100000.
4.890000000000001	2.611962669403409e7	100000.	100000.
4.9	2.605337235028409e7	100000.	100000.
4.91	2.603570406903409e7	100000.	100000.
4.92	2.5951783725284092e7	100000.	100000.
4.930000000000001	2.5917919709659092e7	100000.	100000.
4.940000000000001	2.5842831225284092e7	100000.	100000.
4.95	2.5804549569034092e7	100000.	100000.
4.959999999999999	2.5707378584659092e7	100000.	100000.
4.970000000000001	2.5623458240909092e7	100000.	100000.
4.98	2.552334102215909e7	100000.	100000.
4.99	2.543794699090909e7	100000.	100000.
5.	2.5302492069034092e7	100000.	100000.
5.010000000000002	2.520090572528409e7	100000.	100000.
5.0200000000000005	2.5066923350284092e7	100000.	100000.
5.029999999999999	2.4963861037784096e7	100000.	100000.
5.04	2.4832826037784092e7	100000.	100000.
5.050000000000001	2.473123741278409e7	100000.	100000.
5.0600000000000005	2.459283967840909e7	100000.	100000.
5.07	2.448536086590909e7	100000.	100000.
5.08	2.4348436819034092e7	100000.	100000.
5.09	2.424243055340909e7	100000.	100000.
5.1	2.409078217840909e7	100000.	100000.
5.11	2.398771986590909e7	100000.	100000.
5.120000000000001	2.3843433084659092e7	100000.	100000.
5.13	2.374920605340909e7	100000.	100000.
5.140000000000001	2.3600502772159092e7	100000.	100000.
5.15	2.3493023959659092e7	100000.	100000.
5.16	2.334873717840909e7	100000.	100000.
5.17	2.3260398053409092e7	100000.	100000.
5.180000000000001	2.3108750819034092e7	100000.	100000.
5.190000000000001	2.3015995194034092e7	100000.	100000.
5.2	2.2839316944034092e7	100000.	100000.
5.209999999999999	2.2752451506534092e7	100000.	100000.
5.220000000000001	2.261111095965909e7	100000.	100000.
5.23	2.2510992600284092e7	100000.	100000.
5.24	2.2354928865909092e7	100000.	100000.
5.25	2.225775445965909e7	100000.	100000.
5.260000000000002	2.208843894403409e7	100000.	100000.
5.2700000000000005	2.201334931903409e7	100000.	100000.
5.279999999999999	2.186906367840909e7	100000.	100000.
5.29	2.177925314715909e7	100000.	100000.
5.300000000000001	2.161877291278409e7	100000.	100000.
5.3100000000000005	2.1515709459659092e7	100000.	100000.
5.32	2.138025795965909e7	100000.	100000.
5.33	2.1286029787784092e7	100000.	100000.
5.34	2.114910231903409e7	100000.	100000.
5.35	2.1043096053409092e7	100000.	100000.
5.36	2.091206333465909e7	100000.	100000.
5.370000000000001	2.0810472428409092e7	100000.	100000.
5.38	2.065735264715909e7	100000.	100000.
5.390000000000001	2.055134638153409e7	100000.	100000.
5.4	2.0436505975284092e7	100000.	100000.
5.41	2.033933270965909e7	100000.	100000.
5.42	2.0193574522159092e7	100000.	100000.
5.430000000000001	2.009787380340909e7	100000.	100000.
5.440000000000001	1.996242116278409e7	100000.	100000.
5.45	1.9874083178409092e7	100000.	100000.
5.459999999999999	1.974010308465909e7	100000.	100000.
5.470000000000001	1.9620845037784085e7	100000.	100000.
5.48	1.9508952006534092e7	100000.	100000.
5.49	1.941619295965909e7	100000.	100000.
5.5	1.9276326100284092e7	100000.	100000.
5.510000000000002	1.916148455340909e7	100000.	100000.
5.5200000000000005	1.906136733465909e7	100000.	100000.
5.529999999999999	1.896713916278409e7	100000.	100000.
5.54	1.8831686522159092e7	100000.	100000.
5.550000000000001	1.8737459490909092e7	100000.	100000.
5.5600000000000005	1.8624091631534085e7	100000.	100000.
5.57	1.8525446959659092e7	100000.	100000.
5.58	1.840471522528409e7	100000.	100000.
5.59	1.8294293600284092e7	100000.	100000.
5.6	1.819417638153409e7	100000.	100000.
5.61	1.809994820965909e7	100000.	100000.
5.620000000000001	1.7974802256534092e7	100000.	100000.
5.63	1.7892352178409092e7	100000.	100000.
5.640000000000001	1.7745120303409092e7	100000.	100000.
5.65	1.768034078778409e7	100000.	100000.
5.66	1.756697064715909e7	100000.	100000.
5.67	1.747863266278409e7	100000.	100000.
5.680000000000001	1.7359375756534092e7	100000.	100000.
5.690000000000001	1.726514644403409e7	100000.	100000.
5.7	1.7156197365909092e7	100000.	100000.
5.709999999999999	1.7075220975284092e7	100000.	100000.
5.720000000000001	1.6945657381534092e7	100000.	100000.
5.73	1.687056775653409e7	100000.	100000.
5.74	1.6751310850284088e7	100000.	100000.
5.75	1.6674752100284092e7	100000.	100000.
5.760000000000002	1.654224455340909e7	100000.	100000.
5.7700000000000005	1.649218594403409e7	100000.	100000.
5.779999999999999	1.6377344397159092e7	100000.	100000.
5.79	1.629489660028409e7	100000.	100000.
5.800000000000001	1.6181526459659088e7	100000.	100000.
5.8100000000000005	1.6113800709659088e7	100000.	100000.
5.82	1.6010738397159092e7	100000.	100000.
5.83	1.5929762006534088e7	100000.	100000.
5.840000000000001	1.5817865553409092e7	100000.	100000.
5.85	1.5741305662784088e7	100000.	100000.
5.86	1.5651496272159087e7	100000.	100000.
5.870000000000001	1.5570518740909092e7	100000.	100000.
5.88	1.5463039928409092e7	100000.	100000.
5.890000000000001	1.5377644756534094e7	100000.	100000.
5.9	1.529077931903409e7	100000.	100000.
5.91	1.522452497528409e7	100000.	100000.
5.92	1.5109684569034094e7	100000.	100000.
5.930000000000001	1.505373691278409e7	100000.	100000.
5.940000000000001	1.495803619403409e7	100000.	100000.
5.95	1.4884420256534087e7	100000.	100000.
5.959999999999999	1.477988881903409e7	100000.	100000.
5.970000000000001	1.4712160787784092e7	100000.	100000.
5.98	1.4609099615909094e7	100000.	100000.
5.99	1.456640145965909e7	100000.	100000.
6.	1.4447143412784092e7	100000.	100000.
6.010000000000002	1.4389724350284092e7	100000.	100000.
6.0200000000000005	1.4291079678409088e7	100000.	100000.
6.029999999999999	1.423954852215909e7	100000.	100000.
6.04	1.4133541115909092e7	100000.	100000.
6.050000000000001	1.408937269403409e7	100000.	100000.
6.0600000000000005	1.398631038153409e7	100000.	100000.
6.07	1.3934780365909088e7	100000.	100000.
6.08	1.3843497287784088e7	100000.	100000.
6.090000000000001	1.3783131990909092e7	100000.	100000.
6.1	1.3681543365909088e7	100000.	100000.
6.109999999999999	1.362264947528409e7	100000.	100000.
6.120000000000001	1.3541674225284088e7	100000.	100000.
6.13	1.347983752215909e7	100000.	100000.
6.140000000000001	1.339591489715909e7	100000.	100000.
6.15	1.334585628778409e7	100000.	100000.
6.16	1.3248681881534092e7	100000.	100000.
6.17	1.320304205340909e7	100000.	100000.
6.1800000000000015	1.311764916278409e7	100000.	100000.
6.190000000000001	1.3070534506534088e7	100000.	100000.
6.2	1.297630747528409e7	100000.	100000.
6.209999999999999	1.293508186590909e7	100000.	100000.
6.220000000000001	1.2834965787784088e7	100000.	100000.
6.23	1.2793739037784088e7	100000.	100000.
6.24	1.272012424090909e7	100000.	100000.
6.25	1.2668593084659092e7	100000.	100000.
6.260000000000002	1.2586143006534088e7	100000.	100000.
6.2700000000000005	1.253314044403409e7	100000.	100000.
6.279999999999999	1.246394100653409e7	100000.	100000.
6.290000000000001	1.2413882397159088e7	100000.	100000.
6.300000000000001	1.232407300653409e7	100000.	100000.
6.3100000000000005	1.2290208990909092e7	100000.	100000.
6.32	1.221217769403409e7	100000.	100000.
6.33	1.216800927215909e7	100000.	100000.
6.340000000000001	1.2079669006534092e7	100000.	100000.
6.35	1.204875008465909e7	100000.	100000.
6.359999999999999	1.1979552928409088e7	100000.	100000.
6.370000000000001	1.192654922528409e7	100000.	100000.
6.38	1.185734978778409e7	100000.	100000.
6.390000000000001	1.182643200653409e7	100000.	100000.
6.4	1.1745454475284088e7	100000.	100000.
6.41	1.1710119053409088e7	100000.	100000.
6.42	1.162030852215909e7	100000.	100000.
6.4300000000000015	1.158350055340909e7	100000.	100000.
6.440000000000001	1.151871875653409e7	100000.	100000.
6.45	1.1490744928409092e7	100000.	100000.
6.459999999999999	1.1411237662784092e7	100000.	100000.
6.470000000000001	1.139210139715909e7	100000.	100000.
6.48	1.130523367840909e7	100000.	100000.
6.49	1.1269898256534092e7	100000.	100000.
6.5	1.119922627215909e7	100000.	100000.
6.510000000000002	1.116683708465909e7	100000.	100000.
6.5200000000000005	1.1091748600284092e7	100000.	100000.
6.529999999999999	1.1079970506534088e7	100000.	100000.
6.540000000000001	1.099457533465909e7	100000.	100000.
6.550000000000001	1.095776736590909e7	100000.	100000.
6.5600000000000005	1.088856792840909e7	100000.	100000.
6.57	1.086795797528409e7	100000.	100000.
6.58	1.0801702490909092e7	100000.	100000.
6.590000000000001	1.075606152215909e7	100000.	100000.
6.6	1.068833463153409e7	100000.	100000.
6.609999999999999	1.066330475653409e7	100000.	100000.
6.620000000000001	1.059263391278409e7	100000.	100000.
6.63	1.056613491278409e7	100000.	100000.
6.640000000000001	1.049546292840909e7	100000.	100000.
6.65	1.0485157381534092e7	100000.	100000.
6.66	1.041006775653409e7	100000.	100000.
6.67	1.037620488153409e7	100000.	100000.
6.6800000000000015	1.029817244403409e7	100000.	100000.
6.690000000000001	1.028492294403409e7	100000.	100000.
6.7	1.0224556506534088e7	100000.	100000.
6.709999999999999	1.020247058465909e7	100000.	100000.
6.720000000000001	1.010971838153409e7	100000.	100000.
6.73	1.0105298459659088e7	100000.	100000.
6.74	1.0024323209659088e7	100000.	100000.
6.75	1.001254511590909e7	100000.	100000.
6.760000000000002	9.940401725284092e6	100000.	100000.
6.7700000000000005	9.93303899090909e6	100000.	100000.
6.779999999999999	9.85648024090909e6	100000.	100000.
6.790000000000001	9.84028336590909e6	100000.	100000.
6.800000000000001	9.762252069034088e6	100000.	100000.
6.8100000000000005	9.74900028778409e6	100000.	100000.
6.82	9.69158122528409e6	100000.	100000.
6.83	9.682745944034092e6	100000.	100000.
6.840000000000001	9.60913114715909e6	100000.	100000.
6.85	9.588521194034088e6	100000.	100000.
6.859999999999999	9.52962502215909e6	100000.	100000.
6.870000000000001	9.50607111590909e6	100000.	100000.
6.88	9.435397990909092e6	100000.	100000.
6.890000000000001	9.43245403778409e6	100000.	100000.
6.9	9.341170959659092e6	100000.	100000.
6.91	9.329392865909088e6	100000.	100000.
6.92	9.273444069034092e6	100000.	100000.
6.9300000000000015	9.26461106903409e6	100000.	100000.
6.940000000000001	9.192466537784092e6	100000.	100000.
6.95	9.17921703778409e6	100000.	100000.
6.959999999999999	9.11885060028409e6	100000.	100000.
6.970000000000001	9.10118345965909e6	100000.	100000.
6.98	9.02756752215909e6	100000.	100000.
6.99	9.03345770965909e6	100000.	100000.
7.	8.956898959659088e6	100000.	100000.
7.010000000000002	8.94364717840909e6	100000.	100000.
7.0200000000000005	8.883281881534092e6	100000.	100000.
7.029999999999999	8.88475328778409e6	100000.	100000.
7.040000000000001	8.81997263153409e6	100000.	100000.
7.050000000000001	8.793469069034088e6	100000.	100000.
7.0600000000000005	8.728688412784088e6	100000.	100000.
7.07	8.72721472528409e6	100000.	100000.
7.08	8.66685285028409e6	100000.	100000.
7.090000000000001	8.641824115909092e6	100000.	100000.
7.1	8.58145767840909e6	100000.	100000.
7.109999999999999	8.575568631534092e6	100000.	100000.
7.120000000000001	8.512258240909092e6	100000.	100000.
7.13	8.50489778778409e6	100000.	100000.
7.140000000000001	8.44158967840909e6	100000.	100000.
7.15	8.43275439715909e6	100000.	100000.
7.16	8.370917694034091e6	100000.	100000.
7.17	8.356194506534089e6	100000.	100000.
7.1800000000000015	8.28846875653409e6	100000.	100000.
7.190000000000001	8.28846875653409e6	100000.	100000.
7.2	8.206018678409089e6	100000.	100000.
7.209999999999999	8.175098615909091e6	100000.	100000.
7.220000000000001	8.100012412784089e6	100000.	100000.
7.23	8.086761772159089e6	100000.	100000.
7.24	8.010203022159089e6	100000.	100000.
7.25	7.989588506534089e6	100000.	100000.
7.260000000000002	7.905668162784089e6	100000.	100000.
7.2700000000000005	7.887998740909091e6	100000.	100000.
7.279999999999999	7.807022350284089e6	100000.	100000.
7.290000000000001	7.779048522159089e6	100000.	100000.
7.300000000000001	7.705432584659089e6	100000.	100000.
7.3100000000000005	7.690709397159092e6	100000.	100000.
7.32	7.60678905340909e6	100000.	100000.
7.33	7.57881294403409e6	100000.	100000.
7.340000000000001	7.48605845965909e6	100000.	100000.
7.35	7.478698006534091e6	100000.	100000.
7.359999999999999	7.40360952215909e6	100000.	100000.
7.370000000000001	7.38741264715909e6	100000.	100000.
7.38	7.306436256534089e6	100000.	100000.
7.390000000000001	7.27257338153409e6	100000.	100000.
7.4	7.201902537784091e6	100000.	100000.
7.41	7.17540125653409e6	100000.	100000.
7.42	7.10325786590909e6	100000.	100000.
7.4300000000000015	7.09589741278409e6	100000.	100000.
7.440000000000001	7.00166810028409e6	100000.	100000.
7.45	6.98694491278409e6	100000.	100000.
7.459999999999999	6.908912475284089e6	100000.	100000.
7.470000000000001	6.88535742840909e6	100000.	100000.
7.48	6.82940749090909e6	100000.	100000.
7.49	6.811740350284091e6	100000.	100000.
7.5	6.748431100284091e6	100000.	100000.
7.510000000000002	6.701316444034089e6	100000.	100000.
7.5200000000000005	6.639480881534091e6	100000.	100000.
7.529999999999999	6.617394959659091e6	100000.	100000.
7.540000000000001	6.548196662784092e6	100000.	100000.
7.550000000000001	6.534944881534091e6	100000.	100000.
7.5600000000000005	6.44807830340909e6	100000.	100000.
7.57	6.414215428409092e6	100000.	100000.
7.58	6.359741459659091e6	100000.	100000.
7.590000000000001	6.343546865909092e6	100000.	100000.
7.6	6.255206600284091e6	100000.	100000.
7.609999999999999	6.222815131534091e6	100000.	100000.
7.620000000000001	6.18011811590909e6	100000.	100000.
7.630000000000001	6.159507022159091e6	100000.	100000.
7.640000000000001	6.102086819034092e6	100000.	100000.
7.65	6.081474584659092e6	100000.	100000.
7.66	6.010802600284091e6	100000.	100000.
7.67	5.985775006534092e6	100000.	100000.
7.6800000000000015	5.919518381534089e6	100000.	100000.
7.690000000000001	5.909213975284091e6	100000.	100000.
7.7	5.844431037784091e6	100000.	100000.
7.71	5.83265294403409e6	100000.	100000.
7.719999999999998	5.761982100284092e6	100000.	100000.
7.7299999999999995	5.734009412784092e6	100000.	100000.
7.740000000000001	5.703090490909091e6	100000.	100000.
7.749999999999999	5.66333628778409e6	100000.	100000.
7.760000000000001	5.617696459659091e6	100000.	100000.
7.7700000000000005	5.602973272159092e6	100000.	100000.
7.78	5.529357334659092e6	100000.	100000.
7.790000000000002	5.538190334659091e6	100000.	100000.
7.8	5.44838094403409e6	100000.	100000.
7.81	5.45132489715909e6	100000.	100000.
7.820000000000003	5.39095960028409e6	100000.	100000.
7.830000000000001	5.380652912784092e6	100000.	100000.
7.840000000000001	5.304095303409091e6	100000.	100000.
7.8500000000000005	5.309982069034091e6	100000.	100000.
7.8599999999999985	5.256978365909091e6	100000.	100000.
7.87	5.234895865909091e6	100000.	100000.
7.88	5.184836115909091e6	100000.	100000.
7.89	5.155390881534091e6	100000.	100000.
7.900000000000001	5.100914631534091e6	100000.	100000.
7.910000000000001	5.105332272159091e6	100000.	100000.
7.920000000000001	5.039079069034091e6	100000.	100000.
7.930000000000002	5.022881053409092e6	100000.	100000.
7.94	4.966934537784091e6	100000.	100000.
7.95	4.941904662784091e6	100000.	100000.
7.96	4.902152740909091e6	100000.	100000.
7.969999999999998	4.888902100284092e6	100000.	100000.
7.9799999999999995	4.832954444034091e6	100000.	100000.
7.990000000000001	4.821176350284091e6	100000.	100000.
7.999999999999999	4.78436838153409e6	100000.	100000.
8.01	4.75492200653409e6	100000.	100000.
8.02	4.70780735028409e6	100000.	100000.
8.03	4.698973209659091e6	100000.	100000.
8.040000000000001	4.666584022159091e6	100000.	100000.
8.049999999999999	4.640081600284091e6	100000.	100000.
8.059999999999999	4.591495537784091e6	100000.	100000.
8.070000000000002	4.585606490909091e6	100000.	100000.
8.08	4.550269928409091e6	100000.	100000.
8.09	4.532603928409091e6	100000.	100000.
8.1	4.489904631534091e6	100000.	100000.
8.109999999999998	4.454570350284091e6	100000.	100000.
8.12	4.43101302215909e6	100000.	100000.
8.129999999999999	4.405984287784092e6	100000.	100000.
8.139999999999999	4.38537319403409e6	100000.	100000.
8.15	4.37064886590909e6	100000.	100000.
8.16	4.344146444034091e6	100000.	100000.
8.17	4.326480444034091e6	100000.	100000.
8.180000000000001	4.291143881534091e6	100000.	100000.
8.19	4.29261528778409e6	100000.	100000.
8.2	4.254335912784091e6	100000.	100000.
8.209999999999999	4.224889537784091e6	100000.	100000.
8.219999999999997	4.20722125653409e6	100000.	100000.
8.229999999999999	4.19838711590909e6	100000.	100000.
8.24	4.146857100284092e6	100000.	100000.
8.249999999999998	4.158635194034091e6	100000.	100000.
8.26	4.1321339127840917e6	100000.	100000.
8.27	4.1291876784090917e6	100000.	100000.
8.28	4.0967984909090917e6	100000.	100000.
8.290000000000001	4.083547850284091e6	100000.	100000.
8.299999999999999	4.034961787784091e6	100000.	100000.
8.309999999999999	4.0393782877840907e6	100000.	100000.
8.320000000000002	4.0217111471590907e6	100000.	100000.
8.33	4.0143484127840903e6	100000.	100000.
8.34	3.980485537784091e6	100000.	100000.
8.35	3.959873303409091e6	100000.	100000.
8.359999999999998	3.942205022159091e6	100000.	100000.
8.37	3.9333708815340917e6	100000.	100000.
8.379999999999999	3.926008147159091e6	100000.	100000.
8.389999999999999	3.9274829752840917e6	100000.	100000.
8.4	3.874480412784091e6	100000.	100000.
8.41	3.8803683190340907e6	100000.	100000.
8.42	3.8479791315340907e6	100000.	100000.
8.430000000000001	3.8435614909090917e6	100000.	100000.
8.44	3.8096974752840907e6	100000.	100000.
8.45	3.8244218034090907e6	100000.	100000.
8.459999999999999	3.777306006534091e6	100000.	100000.
8.469999999999997	3.7773071471590917e6	100000.	100000.
8.479999999999999	3.7463893659090907e6	100000.	100000.
8.49	3.7537486784090917e6	100000.	100000.
8.499999999999998	3.7154693034090907e6	100000.	100000.
8.51	3.7184143971590917e6	100000.	100000.
8.52	3.6786613346590907e6	100000.	100000.
8.53	3.684551522159091e6	100000.	100000.
8.540000000000001	3.6492161002840903e6	100000.	100000.
8.549999999999999	3.650687506534092e6	100000.	100000.
8.559999999999999	3.6168246315340907e6	100000.	100000.
8.570000000000002	3.621242272159091e6	100000.	100000.
8.58	3.6035751315340907e6	100000.	100000.
8.59	3.593269584659091e6	100000.	100000.
8.6	3.559405569034091e6	100000.	100000.
8.609999999999998	3.557934162784091e6	100000.	100000.
8.62	3.524069006534091e6	100000.	100000.
8.629999999999999	3.528486647159091e6	100000.	100000.
8.639999999999999	3.491679819034091e6	100000.	100000.
8.65	3.496095178409092e6	100000.	100000.
8.66	3.476955490909091e6	100000.	100000.
8.67	3.4754829440340907e6	100000.	100000.
8.680000000000001	3.4578158034090903e6	100000.	100000.
8.69	3.441620069034091e6	100000.	100000.
8.7	3.4239517877840907e6	100000.	100000.
8.709999999999999	3.4254243346590907e6	100000.	100000.
8.719999999999997	3.3989241940340917e6	100000.	100000.
8.729999999999999	3.4092286002840917e6	100000.	100000.
8.74	3.359169990909091e6	100000.	100000.
8.749999999999998	3.372424053409091e6	100000.	100000.
8.76	3.337085209659091e6	100000.	100000.
8.77	3.338560037784091e6	100000.	100000.
8.78	3.319418069034091e6	100000.	100000.
8.790000000000001	3.3208906159090917e6	100000.	100000.
8.799999999999999	3.278193600284091e6	100000.	100000.
8.809999999999999	3.287028881534091e6	100000.	100000.
8.820000000000002	3.2619990065340907e6	100000.	100000.
8.83	3.2619990065340907e6	100000.	100000.
8.84	3.226662444034091e6	100000.	100000.
8.85	3.234024037784091e6	100000.	100000.
8.859999999999998	3.213412944034091e6	100000.	100000.
8.87	3.216356897159091e6	100000.	100000.
8.879999999999999	3.1986897565340907e6	100000.	100000.
8.889999999999999	3.185437975284091e6	100000.	100000.
8.9	3.1692422409090917e6	100000.	100000.
8.91	3.163353194034091e6	100000.	100000.
8.92	3.150100272159091e6	100000.	100000.
8.930000000000001	3.1412695534090907e6	100000.	100000.
8.94	3.142742100284091e6	100000.	100000.
8.95	3.113295725284091e6	100000.	100000.
8.959999999999999	3.094154897159091e6	100000.	100000.
8.969999999999997	3.085319615909091e6	100000.	100000.
8.979999999999999	3.089738397159091e6	100000.	100000.
8.99	3.0691261627840907e6	100000.	100000.
8.999999999999998	3.0676536159090907e6	100000.	100000.
9.01	3.042623740909091e6	100000.	100000.
9.02	3.0382072409090907e6	100000.	100000.
9.03	3.029374240909091e6	100000.	100000.
9.040000000000001	3.024956600284091e6	100000.	100000.
9.049999999999999	3.0131785065340917e6	100000.	100000.
9.059999999999999	3.0028718190340907e6	100000.	100000.
9.070000000000002	2.9896211784090917e6	100000.	100000.
9.08	2.969008944034091e6	100000.	100000.
9.09	2.9675375377840917e6	100000.	100000.
9.1	2.957229709659091e6	100000.	100000.
9.109999999999998	2.9483955690340907e6	100000.	100000.
9.12	2.9336735221590903e6	100000.	100000.
9.129999999999999	2.927784475284091e6	100000.	100000.
9.139999999999999	2.907172240909091e6	100000.	100000.
9.15	2.9071711002840907e6	100000.	100000.
9.16	2.8968644127840907e6	100000.	100000.
9.17	2.8821435065340917e6	100000.	100000.
9.180000000000001	2.874780772159091e6	100000.	100000.
9.19	2.8556388034090907e6	100000.	100000.
9.2	2.8306112096590917e6	100000.	100000.
9.209999999999999	2.8261947096590917e6	100000.	100000.
9.219999999999997	2.7996922877840907e6	100000.	100000.
9.229999999999999	2.792330694034091e6	100000.	100000.
9.24	2.795275787784091e6	100000.	100000.
9.249999999999998	2.7849713815340917e6	100000.	100000.
9.26	2.780552600284091e6	100000.	100000.
9.27	2.777609787784091e6	100000.	100000.
9.28	2.7658294127840907e6	100000.	100000.
9.290000000000001	2.7687745065340907e6	100000.	100000.
9.299999999999999	2.7378555846590907e6	100000.	100000.
9.309999999999999	2.730493990909091e6	100000.	100000.
9.320000000000002	2.7260763502840917e6	100000.	100000.
9.33	2.718714756534091e6	100000.	100000.
9.34	2.701047615909091e6	100000.	100000.
9.35	2.702520162784091e6	100000.	100000.
9.359999999999998	2.690742069034091e6	100000.	100000.
9.37	2.683379334659091e6	100000.	100000.
9.379999999999999	2.6819090690340907e6	100000.	100000.
9.389999999999999	2.664239647159091e6	100000.	100000.
9.4	2.6598231471590907e6	100000.	100000.
9.41	2.649517600284091e6	100000.	100000.
9.42	2.6450999596590907e6	100000.	100000.
9.430000000000001	2.6200712252840917e6	100000.	100000.
9.44	2.6230140377840907e6	100000.	100000.
9.45	2.620070084659091e6	100000.	100000.
9.459999999999999	2.615653584659091e6	100000.	100000.
9.469999999999997	2.587679756534091e6	100000.	100000.
9.479999999999999	2.580318162784091e6	100000.	100000.
9.49	2.5759005221590917e6	100000.	100000.
9.499999999999998	2.5700114752840907e6	100000.	100000.
9.51	2.5567619752840917e6	100000.	100000.
9.52	2.550871787784091e6	100000.	100000.
9.53	2.5390948346590907e6	100000.	100000.
9.540000000000001	2.5258441940340917e6	100000.	100000.
9.549999999999999	2.5361497409090907e6	100000.	100000.
9.559999999999999	2.5140638190340907e6	100000.	100000.
9.570000000000002	2.511119865909091e6	100000.	100000.
9.58	2.487562537784091e6	100000.	100000.
9.59	2.4816746315340907e6	100000.	100000.
9.6	2.486089990909091e6	100000.	100000.
9.609999999999998	2.471365662784091e6	100000.	100000.
9.62	2.4654777565340907e6	100000.	100000.
9.629999999999999	2.446336928409091e6	100000.	100000.
9.639999999999999	2.4478106159090917e6	100000.	100000.
9.65	2.4345599752840907e6	100000.	100000.
9.66	2.419836787784091e6	100000.	100000.
9.67	2.422780740909091e6	100000.	100000.
9.680000000000001	2.421309334659091e6	100000.	100000.
9.69	2.3977508659090907e6	100000.	100000.
9.7	2.397752006534091e6	100000.	100000.
9.709999999999999	2.387445319034091e6	100000.	100000.
9.719999999999997	2.3903904127840907e6	100000.	100000.
9.729999999999999	2.3697758971590907e6	100000.	100000.
9.74	2.362414303409091e6	100000.	100000.
9.749999999999998	2.359472631534091e6	100000.	100000.
9.76	2.350637350284091e6	100000.	100000.
9.77	2.3388592565340917e6	100000.	100000.
9.78	2.332970209659091e6	100000.	100000.
9.790000000000001	2.335914162784091e6	100000.	100000.
9.799999999999999	2.315301928409091e6	100000.	100000.
9.809999999999999	2.313829381534091e6	100000.	100000.
9.820000000000002	2.313830522159091e6	100000.	100000.
9.83	2.3064677877840907e6	100000.	100000.
9.84	2.294690834659091e6	100000.	100000.
9.85	2.284383006534091e6	100000.	100000.
9.859999999999998	2.2873292409090917e6	100000.	100000.
9.87	2.274077459659091e6	100000.	100000.
9.879999999999999	2.279967647159091e6	100000.	100000.
9.889999999999999	2.256410319034091e6	100000.	100000.
9.9	2.257881725284091e6	100000.	100000.
9.91	2.2446310846590907e6	100000.	100000.
9.92	2.2549377721590907e6	100000.	100000.
9.930000000000001	2.2181298034090917e6	100000.	100000.
9.94	2.229909037784091e6	100000.	100000.
9.95	2.207825397159091e6	100000.	100000.
9.959999999999999	2.207823115909091e6	100000.	100000.
9.969999999999997	2.2019340690340907e6	100000.	100000.
9.979999999999999	2.201935209659091e6	100000.	100000.
9.99	2.1798504284090907e6	100000.	100000.
9.999999999999998	2.196045022159091e6	100000.	100000.
10.01	2.1636535534090917e6	100000.	100000.
10.02	2.176906475284091e6	100000.	100000.
10.03	2.1680711940340907e6	100000.	100000.
10.040000000000001	2.159235912784091e6	100000.	100000.
10.049999999999999	2.138624819034091e6	100000.	100000.
10.059999999999999	2.1430413190340907e6	100000.	100000.
10.070000000000002	2.126845584659091e6	100000.	100000.
10.08	2.138625959659091e6	100000.	100000.
10.09	2.1180114440340907e6	100000.	100000.
10.1	2.1239016315340907e6	100000.	100000.
10.109999999999998	2.101817990909091e6	100000.	100000.
10.12	2.1106509909090907e6	100000.	100000.
10.129999999999999	2.085621115909091e6	100000.	100000.
10.139999999999999	2.0929827096590912e6	100000.	100000.
10.15	2.0988728971590917e6	100000.	100000.
10.16	2.0915124440340912e6	100000.	100000.
10.17	2.0708990690340912e6	100000.	100000.
10.180000000000001	2.0797320690340907e6	100000.	100000.
10.19	2.0620660690340914e6	100000.	100000.
10.2	2.0664802877840914e6	100000.	100000.
10.209999999999999	2.0473417409090912e6	100000.	100000.
10.219999999999997	2.0767869752840914e6	100000.	100000.
10.229999999999999	2.0385087409090907e6	100000.	100000.
10.24	2.032619694034091e6	100000.	100000.
10.249999999999998	2.032617412784091e6	100000.	100000.
10.26	2.031147147159091e6	100000.	100000.
10.27	2.0311482877840912e6	100000.	100000.
10.28	2.034091100284091e6	100000.	100000.
10.290000000000001	2.0134800065340914e6	100000.	100000.
10.299999999999999	2.017896506534091e6	100000.	100000.
10.309999999999999	1.9972831315340912e6	100000.	100000.
10.320000000000002	2.0120063190340912e6	100000.	100000.
10.33	1.992865490909091e6	100000.	100000.
10.34	1.9884501315340907e6	100000.	100000.
10.35	1.9825599440340912e6	100000.	100000.
10.359999999999998	1.9884501315340912e6	100000.	100000.
10.37	1.945753115909091e6	100000.	100000.
10.379999999999999	1.978143444034091e6	100000.	100000.
10.389999999999999	1.9516421627840912e6	100000.	100000.
10.4	1.967836756534091e6	100000.	100000.
10.41	1.9501707565340912e6	100000.	100000.
10.42	1.9590026159090912e6	100000.	100000.
10.430000000000001	1.9398652096590912e6	100000.	100000.
10.44	1.933973881534091e6	100000.	100000.
10.45	1.9354464284090912e6	100000.	100000.
10.459999999999999	1.9339738815340914e6	100000.	100000.
10.469999999999997	1.9163067409090907e6	100000.	100000.
10.479999999999999	1.917779287784091e6	100000.	100000.
10.49	1.900111006534091e6	100000.	100000.
10.499999999999998	1.9118891002840912e6	100000.	100000.
10.51	1.8971659127840914e6	100000.	100000.
10.52	1.8986373190340912e6	100000.	100000.
10.53	1.883916412784091e6	100000.	100000.
10.540000000000001	1.8809701784090912e6	100000.	100000.
10.549999999999999	1.875081131534091e6	100000.	100000.
10.559999999999999	1.8853889596590907e6	100000.	100000.
10.570000000000002	1.864773303409091e6	100000.	100000.
10.58	1.8588853971590912e6	100000.	100000.
10.59	1.8603590846590914e6	100000.	100000.
10.6	1.8633030377840912e6	100000.	100000.
10.609999999999998	1.8500535377840907e6	100000.	100000.
10.62	1.8529974909090912e6	100000.	100000.
10.629999999999999	1.8426908034090912e6	100000.	100000.
10.639999999999999	1.8471073034090914e6	100000.	100000.
10.65	1.829437881534091e6	100000.	100000.
10.66	1.8294390221590912e6	100000.	100000.
10.67	1.8161883815340907e6	100000.	100000.
10.680000000000001	1.813244428409091e6	100000.	100000.
10.69	1.8058828346590912e6	100000.	100000.
10.7	1.8206060221590912e6	100000.	100000.