0.	182568.07250000004	100000.	100000.
0.010000000000000009	334215.30687500007	100000.	100000.
0.020000000000000018	694932.2600000001	100000.	100000.
0.030000000000000027	1.0394511975000002e6	100000.	100000.
0.03999999999999998	1.6210148225000002e6	100000.	100000.
0.04999999999999999	2.1760771662500002e6	100000.	100000.
0.06	2.9416783537499993e6	100000.	100000.
0.07	3.8972072912499993e6	100000.	100000.
0.08000000000000002	4.998495556875e6	157890.42250000004	100000.
0.09000000000000002	5.780293619375001e6	796873.1100000001	114722.00937500007
0.10000000000000003	6.949306494375001e6	1.8068782975e6	101471.36875000005
0.10999999999999993	8.060902588125e6	2.744740094375e6	191281.90000000008
0.12000000000000005	9.670138541250002e6	4.1684659381250003e6	291399.1187500001
0.12999999999999995	1.2663347275624998e7	5.8763454225e6	830266.86875
0.14000000000000007	1.6074690885000002e7	1.0503818844375001e7	4.61999343125e6
0.14999999999999997	2.2876767009999998e7	2.100139564125e7	1.5473869540624999e7
0.1600000000000001	2.9057531009999998e7	2.8106768516250007e7	2.383217905625e7
0.16999999999999998	3.2853146619374998e7	3.1323769016249996e7	2.8536213509375e7
0.18	3.466409069749999e7	3.3779583688125e7	3.0207287306250006e7
0.19	3.576243272874999e7	3.542268251624999e7	3.2278827696875e7
0.2	3.630571811937499e7	3.6120559094375e7	3.3362447681250002e7
0.21000000000000002	3.6614902775625e7	3.660936481312501e7	3.4169274478125006e7
0.22000000000000003	3.677979951e7	3.681548943812501e7	3.4541769525000006e7
0.22999999999999998	3.675477191624999e7	3.695241462562501e7	3.4837703540625e7
0.24000000000000005	3.6772437916250005e7	3.692443965687499e7	3.4896596290625006e7
0.25	3.669882311937499e7	3.690088346937501e7	3.4965795728125e7
0.2599999999999999	3.668410107249999e7	3.678015287562501e7	3.488481705625e7
0.27	3.6600179588125e7	3.6702120438125e7	3.489218093125e7
0.28000000000000014	3.6582511306875005e7	3.653869511000001e7	3.4790590025e7
0.29000000000000004	3.649417218187499e7	3.6404712735e7	3.4775865696875e7
0.29999999999999993	3.644116961937499e7	3.617650675062499e7	3.4650719743750006e7
0.31000000000000005	3.6332217119375e7	3.597038326625e7	3.4609496415625e7
0.3200000000000002	3.627921569749999e7	3.5734811125625e7	3.4500545056250006e7
0.32999999999999996	3.6177625931875e7	3.553163387562501e7	3.444754135312501e7
0.33999999999999997	3.6108428775625e7	3.5273979235e7	3.43135624e7
0.35	3.5964139713125e7	3.5035464281875e7	3.4262030103125e7
0.36	3.5872857775625e7	3.4766032688125e7	3.4110381728125006e7
0.37	3.572562476e7	3.452898914124999e7	3.40294053375e7
0.38	3.5641703275625e7	3.424188812562501e7	3.3832114853125e7
0.39	3.5466498713125e7	3.40313504225e7	3.370549749375e7
0.4	3.5379633275625e7	3.374424598500001e7	3.3484649681250006e7
0.41000000000000003	3.520884407249999e7	3.3505733313125e7	3.328883174375001e7
0.42000000000000004	3.508958830687499e7	3.3240717078750003e7	3.3042957478125002e7
0.43000000000000005	3.4936467385e7	3.2991897719374996e7	3.2835361446875e7
0.44000000000000006	3.483929525999999e7	3.2734243078750003e7	3.2582123306250006e7
0.45000000000000007	3.4634643181875e7	3.2535481188125003e7	3.2383361415625002e7
0.45999999999999996	3.446680135374999e7	3.2252797813125e7	3.209478899375001e7
0.46999999999999986	3.430926279125e7	3.2017229094374996e7	3.1896028243750002e7
0.48	3.416056065062499e7	3.1768406313125e7	3.1620704181250002e7
0.4900000000000001	3.395001838499999e7	3.1569644422500007e7	3.14528612125e7
0.5	3.3779232603750005e7	3.1297268875625003e7	3.1156926056250006e7
0.5099999999999999	3.3608443400625e7	3.109850470375e7	3.0964054353125e7
0.52	3.3459740119374998e7	3.0861462297499996e7	3.0715232712499995e7
0.5300000000000001	3.3272756322499994e7	3.0668589453750003e7	3.0516471962500002e7
0.54	3.3150553181875005e7	3.0415353594375e7	3.025587336875e7
0.5499999999999999	3.2976822306875e7	3.0226898391250003e7	3.005122015e7
0.5600000000000002	3.2866397259999998e7	2.9992799938125e7	2.9823011884375002e7
0.5700000000000002	3.2692665244375e7	2.9814650281875e7	2.9650752415625002e7
0.5800000000000001	3.2576352291249998e7	2.9584968328750003e7	2.9398987962500002e7
0.59	3.2427649009999998e7	2.9356761203749992e7	2.9245868181249995e7
0.6	3.234372866625e7	2.9178612688125e7	2.8994101446875002e7
0.61	3.2190606603749998e7	2.901076857875e7	2.8811535290625006e7
0.62	3.2115521541249998e7	2.8803171406874992e7	2.8559770837500006e7
0.63	3.19697610725e7	2.8645635125624996e7	2.8386038821875006e7
0.64	3.1910869463125e7	2.84571799225e7	2.8199055025e7
0.65	3.1784250963125e7	2.8318782188125e7	2.8031210915625006e7
0.66	3.1725357072499998e7	2.8125909344375003e7	2.7817726978125006e7
0.67	3.1611990353749994e7	2.799634689125e7	2.7683744603125006e7
0.68	3.1569292197499994e7	2.7807890547500003e7	2.7452591243750006e7
0.6900000000000001	3.1451506697499998e7	2.7648880578749996e7	2.7296528650000002e7
0.7000000000000001	3.1425006556874998e7	2.7503121250625e7	2.7093347978125e7
0.71	3.1308694744374998e7	2.7372086250625e7	2.6978508712500002e7
0.7199999999999999	3.1296914369374994e7	2.7208659781875003e7	2.6748829040625002e7
0.7300000000000001	3.1186491603749994e7	2.7096763328749996e7	2.6622210540625e7
0.7400000000000001	3.118796301e7	2.6937753360000003e7	2.6424918915625e7
0.75	3.1086375525624998e7	2.6836165875625e7	2.6283577228125e7
0.76	3.1056926869374998e7	2.6672739406874996e7	2.608628674375e7
0.7699999999999998	3.0990674806874994e7	2.6568204547500003e7	2.5961140790625002e7
0.78	3.0970061431874998e7	2.6413611078750003e7	2.57815185875e7
0.79	3.089055758812499e7	2.6288465125625e7	2.5659316587500002e7
0.8	3.0889085041249994e7	2.6157430125625e7	2.545319424375e7
0.8100000000000003	3.0794856869374998e7	2.6074980047500003e7	2.5361911165624995e7
0.8200000000000001	3.0799272228749994e7	2.5921859125625e7	2.5157260228125002e7
0.8300000000000001	3.0713879338124994e7	2.583352114125e7	2.50262240875e7
0.8400000000000001	3.0719768384999998e7	2.5677457406875e7	2.484218424375e7
0.8499999999999999	3.06373194475e7	2.5603840328749996e7	2.4739123071875e7
0.8600000000000001	3.0638793134999994e7	2.5443360094375003e7	2.4538888634375e7
0.8700000000000001	3.0559288150625e7	2.5371215563124996e7	2.4443189056250002e7
0.8800000000000001	3.0571066244375e7	2.5231345281875e7	2.4234121618750002e7
0.8900000000000003	3.0490088713124994e7	2.5129757797500003e7	2.41516704e7
0.9000000000000001	3.048272826e7	2.4997249110000003e7	2.3936713915625e7
0.9099999999999999	3.042089155687499e7	2.4914799031875e7	2.3854264978125e7
0.9199999999999999	3.0435613603749998e7	2.4777873844375e7	2.3649614040625e7
0.9299999999999999	3.0357581166249998e7	2.4701315094375003e7	2.3549494540625e7
0.9399999999999997	3.036052626e7	2.4557028313125e7	2.3341900790625e7
0.95	3.0301632369374994e7	2.447752332875e7	2.3256506759375002e7
0.96	3.0300159822499994e7	2.4337651906875e7	2.3051853540625002e7
0.97	3.0236850572499994e7	2.4264037109999996e7	2.2972348556250006e7
0.9800000000000002	3.0217710884999998e7	2.4128585610000003e7	2.2757393212499995e7
0.99	3.0173541322499994e7	2.4024050750625e7	2.26469715875e7
1.	3.0183846869374994e7	2.3897431110000003e7	2.2451152509375e7
1.01	3.0114648572499998e7	2.3831179047499996e7	2.2351033009375e7
1.0199999999999998	3.0132316853749994e7	2.3681002078749996e7	2.215963499375e7
1.03	3.0064589963124987e7	2.362358301625e7	2.2074239821875002e7
1.04	3.0076368056875e7	2.348224132875e7	2.1865170103125e7
1.05	3.0017476447499994e7	2.3399791250625e7	2.17665277125e7
1.0600000000000003	3.002041926e7	2.3262867203750003e7	2.1551571228125e7
1.07	2.993944400999999e7	2.32069195475e7	2.1449981462500002e7
1.08	2.9963002478749998e7	2.3059686531874996e7	2.1252690978125002e7
1.09	2.9896746994374998e7	2.2946319813125e7	2.116287930625e7
1.0999999999999999	2.991883063499999e7	2.2846202594374996e7	2.0962644868750002e7
1.11	2.9849633478749998e7	2.276375251625e7	2.0849277009375e7
1.12	2.9868772025624994e7	2.2620937141250003e7	2.0657877853125006e7
1.1300000000000001	2.9798102322499994e7	2.2542906985000003e7	2.0518006431250002e7
1.1400000000000003	2.9829021244374994e7	2.2411871985e7	2.03413304625e7
1.1500000000000001	2.9759821806875005e7	2.2327948219374996e7	2.0239740696874995e7
1.16	2.9787794494374994e7	2.2180716344375e7	2.00292007125e7
1.17	2.9709762056874998e7	2.2118880781875e7	1.9929084634375002e7
1.18	2.9740679838124998e7	2.1962815906874996e7	1.9715599556250002e7
1.1899999999999997	2.9686205869375e7	2.187153282875e7	1.9608121884375002e7
1.2	2.9681788228749994e7	2.1762581469374996e7	1.9406412618750002e7
1.21	2.9611119666249998e7	2.1674243485e7	1.9316602087500002e7
1.22	2.9667065041249998e7	2.1528484156875e7	1.90928114625e7
1.2300000000000002	2.9590506291249994e7	2.1450452860000003e7	1.8986805196875e7
1.24	2.9611118525624994e7	2.1306164938125e7	1.8776264071875e7
1.25	2.9537502588124998e7	2.1216353266250003e7	1.8667311571875002e7
1.26	2.9558114822499998e7	2.1083845719374996e7	1.847002336875e7
1.2699999999999998	2.949333302562499e7	2.1004341875625e7	1.8350766462500002e7
1.28	2.9528669588124994e7	2.08512186725e7	1.8124030743750002e7
1.29	2.9475665885e7	2.0774659922499996e7	1.8028330025e7
1.3	2.9496276978749994e7	2.0627429188125e7	1.7825150493750002e7
1.3100000000000003	2.9425607275625e7	2.0542036297499996e7	1.7698531993750002e7
1.32	2.9460942697499998e7	2.0406583656874996e7	1.7479157868750002e7
1.33	2.9394689494374998e7	2.0312354344375003e7	1.7393762696875002e7
1.34	2.9428552369374994e7	2.01710137975e7	1.7169972071875002e7
1.3499999999999999	2.9354936431874998e7	2.0110648500624996e7	1.7037463384375e7
1.36	2.9387329041249998e7	1.9948694578749996e7	1.6838702634375e7
1.3700000000000003	2.9322547244374998e7	1.98426871725e7	1.6720917134375e7
1.3800000000000001	2.9337269291249994e7	1.9720486313124996e7	1.649859905625e7
1.3900000000000003	2.9294573416249994e7	1.9615952594375e7	1.63896488375e7
1.4000000000000001	2.932401865062499e7	1.946430307875e7	1.6174690071874999e7
1.4100000000000001	2.9271016088124998e7	1.938185414125e7	1.6065738712499997e7
1.42	2.9288682088125e7	1.9243456406875e7	1.584047668125e7
1.43	2.9225372838125e7	1.9128617141249996e7	1.5713858181250002e7
1.4399999999999997	2.9271014947499994e7	1.9004942594375e7	1.5503315915625002e7
1.45	2.9203288056874994e7	1.891071670375e7	1.5381115056249999e7
1.4600000000000002	2.9237150931875e7	1.8753177000625e7	1.5177935525000004e7
1.47	2.9167954916249994e7	1.868839520375e7	1.5043956571875e7
1.4800000000000002	2.9207706838124998e7	1.8517608281875003e7	1.483488799375e7
1.49	2.9141451353749998e7	1.8426324063125003e7	1.4718576181250002e7
1.5	2.91782593225e7	1.8287927469374996e7	1.45050899625e7
1.51	2.9113477525624998e7	1.8186338844375e7	1.4347553681250002e7
1.5199999999999998	2.9145868994374994e7	1.8036160735e7	1.413995765e7
1.53	2.9089921338124994e7	1.7933101844375e7	1.4048672290625e7
1.5399999999999998	2.9129673259999998e7	1.778145232875e7	1.3832244399999997e7
1.55	2.9064891463124998e7	1.7679862563125e7	1.3708568712499999e7
1.5600000000000003	2.9104644525624998e7	1.75399934225e7	1.3487723181250002e7
1.57	2.9035443947499998e7	1.7448710344375e7	1.3322824165625e7
1.58	2.9069307963124994e7	1.7286755281875003e7	1.315498005625e7
1.59	2.90059975725e7	1.7188110609999996e7	1.3019529696874999e7
1.5999999999999999	2.9035445088125e7	1.7037935922499996e7	1.2798680743749999e7
1.61	2.898096883812499e7	1.6939288969375e7	1.2642615868749999e7
1.6200000000000003	2.9025139541249998e7	1.6772919688125001e7	1.2471827806249999e7
1.6300000000000001	2.89633016975e7	1.6672802469374996e7	1.23334312125e7
1.6400000000000003	2.8992748072499994e7	1.6518210141249998e7	1.210963830625e7
1.6500000000000001	2.8936799275624998e7	1.6418091781875e7	1.1981549540624999e7
1.6600000000000001	2.8972134697499998e7	1.625613786e7	1.17857304625e7
1.67	2.8917660728749998e7	1.6169272422499998e7	1.163113699375e7
1.68	2.8945635697499998e7	1.5999954625625001e7	1.1438266431250002e7
1.6899999999999997	2.888821435375e7	1.5907200141249998e7	1.1276312509375002e7
1.7	2.8936800416249998e7	1.5734940672500001e7	1.1101106806250002e7
1.7100000000000002	2.8880851619374998e7	1.563334976625e7	1.0964182759374999e7
1.72	2.8905883775624994e7	1.5474340938125e7	1.0761004368749999e7
1.7300000000000002	2.8846989884999994e7	1.5365391860000001e7	1.0624076899999999e7
1.74	2.8905881494374998e7	1.5222576485e7	1.0432676603125002e7
1.75	2.8842573384999998e7	1.5104790984999996e7	1.0288389821874999e7
1.7600000000000002	2.8876436259999994e7	1.4939894250625001e7	1.0092574165624999e7
1.77	2.880871051e7	1.4839773610000001e7	9.974788665624999e6
1.7800000000000007	2.8830794150624998e7	1.4673404328749996e7	9.755414540624999e6
1.7899999999999996	2.8776319041249994e7	1.457475851625e7	9.62290699375e6
1.8000000000000003	2.8830795291249998e7	1.44069155475e7	9.42708905625e6
1.81	2.876748376e7	1.4303854375625e7	9.287219915625e6
1.8199999999999998	2.8783679494375e7	1.4131594906874998e7	9.092874524999999e6
1.83	2.8743927572499994e7	1.402853145375e7	8.966256025e6
1.8399999999999999	2.8792514775625e7	1.3854799438124998e7	8.774855728125e6
1.85	2.8726260431874998e7	1.375615476625e7	8.646763540624999e6
1.8599999999999999	2.8761594713124998e7	1.3583894156875001e7	8.4583083375e6
1.8700000000000006	2.8699758009999998e7	1.3482303250625e7	8.3007720562499985e6
1.8799999999999994	2.8742456166249998e7	1.3305627281875001e7	8.132930228124999e6
1.8900000000000001	2.8687978775625e7	1.3208454016250001e7	8.004836899999999e6
1.9	2.8723314197499994e7	1.3036194547500001e7	7.817854243749999e6
1.9100000000000001	2.8657060994375e7	1.2937548735e7	7.700068743749999e6
1.92	2.8689451322499998e7	1.2747622125625e7	7.496889212499999e6
1.9300000000000002	2.864675544749999e7	1.2650448860000001e7	7.3879389937499985e6
1.94	2.8677673228749998e7	1.249585539125e7	7.1729813687499985e6
1.9499999999999997	2.8615836525624994e7	1.2367764344375001e7	7.0684465093749985e6
1.9600000000000004	2.8637921306875e7	1.219992251625e7	6.869683478124999e6
1.9700000000000002	2.8592280338124998e7	1.2098331610000003e7	6.757788165624999e6
1.98	2.8630559713124998e7	1.1921654500625001e7	6.570805509375e6
1.9900000000000002	2.8576083463124994e7	1.1812703141250003e7	6.463326696875e6
2.	2.8601112197499994e7	1.1644861313125e7	6.292538634375e6
2.0100000000000002	2.8545166822499998e7	1.1559466141250001e7	6.188004915624999e6
2.02	2.8568721869375e7	1.1348925016250001e7	5.983353978125e6
2.0300000000000007	2.8524553447499998e7	1.1254696844375e7	5.897959946875e6
2.0399999999999996	2.8536333822499998e7	1.1089800110000001e7	5.71539265e6
2.0500000000000003	2.8486272931875e7	1.0960236516250001e7	5.62116561875e6
2.06	2.8520135806874998e7	1.0811533235e7	5.425346540625e6
2.07	2.8475968525624998e7	1.0689330094375e7	5.351731743749999e6
2.08	2.8487746619374998e7	1.0525903625625001e7	5.173582087499999e6
2.09	2.8440631963125005e7	1.0391922391250001e7	5.071994603125e6
2.1	2.8486272931874994e7	1.0252054391250001e7	4.893844946874999e6
2.11	2.8436214322499998e7	1.01357402975e7	4.824644368749999e6
2.1200000000000006	2.8456826556874998e7	9.951701594375001e6	4.646495853124999e6
2.1299999999999994	2.8390574494374994e7	9.84716901625e6	4.559628134375e6
2.14	2.8421492275625e7	9.685215094375e6	4.387368665624999e6
2.15	2.83640720725e7	9.590985781875001e6	4.282834946875e6
2.16	2.8394990994375e7	9.399586625625e6	4.11793593125e6
2.17	2.833168060374999e7	9.284746219375e6	4.0354869937500004e6
2.18	2.8356710478749994e7	9.136042938125001e6	3.8131666343750004e6
2.19	2.831990250999999e7	9.022676219375e6	3.7277737437500004e6
2.1999999999999997	2.8344932384999998e7	8.844526563125001e6	3.5584570875e6
2.2100000000000004	2.8290454994375e7	8.747354438125001e6	3.4568696031249994e6
2.22	2.8305179322499994e7	8.57362014125e6	3.2816639000000004e6
2.23	2.8240396384999998e7	8.449945594375001e6	3.1638795406249994e6
2.24	2.8280148306874994e7	8.304186266249999e6	2.960697728125e6
2.25	2.8231563384999994e7	8.211430641250002e6	2.8296627281249994e6
2.2600000000000002	2.8253648166249998e7	8.037698625624999e6	2.607345790625e6
2.27	2.8194756556874994e7	7.925803313125e6	2.483670103125e6
2.2800000000000007	2.8202118150624998e7	7.750598750625001e6	2.2363221500000004e6
2.2899999999999996	2.8156476041249998e7	7.662258485000001e6	2.1038134625000004e6
2.3000000000000003	2.8175614588124994e7	7.484108828749999e6	1.89180093125e6
2.31	2.8149113306874998e7	7.350129875625001e6	1.76076593125e6
2.32	2.8146168213124994e7	7.18670226625e6	1.5590600875000001e6
2.33	2.8097582150624998e7	7.07922345375e6	1.4398009000000001e6
2.34	2.8109361384999998e7	6.931992719374999e6	1.238093915625e6
2.35	2.8075499650624994e7	6.805371938125e6	1.14092293125e6
2.36	2.8081388697499998e7	6.6610862975e6	978969.0093750003
2.3700000000000006	2.8018077166249994e7	6.541831672499999e6	892101.2906250001
2.3799999999999994	2.802543990062499e7	6.375458969375e6	774315.7906250001
2.39	2.798127147874999e7	6.242951422500001e6	721314.3687500001
2.4	2.8000410025624994e7	6.10013832875e6	628558.7437500003
2.41	2.7938573322499998e7	6.007381563125e6	593223.321875
2.42	2.794299210375e7	5.821870313124999e6	506356.7437500002
2.43	2.788557076e7	5.736476281874999e6	490161.0093750001
2.44	2.7906182994374998e7	5.561270578749999e6	410657.1656250001
2.4499999999999997	2.7857595791249998e7	5.468516094375e6	390043.7906250001
2.4600000000000004	2.7859068338124994e7	5.297728031874999e6	329678.49375
2.47	2.7803120681874998e7	5.2182219068749985e6	325261.99375
2.48	2.7795759088124998e7	5.057740531875e6	261952.7437500001
2.49	2.7754534619375e7	4.963512359999999e6	259007.65000000002
2.5	2.77692589475e7	4.795669391249999e6	213366.68125000005
2.5100000000000002	2.7714781556875e7	4.723526000625e6	244286.74375000008
2.52	2.7713310150625e7	4.551266531875e6	198644.63437500008
2.5300000000000007	2.7652944853749998e7	4.4820659537499985e6	208950.18125000005
2.5399999999999996	2.7666196635e7	4.30833507875e6	161836.6656250001
2.5500000000000003	2.7589636744374994e7	4.234719141249999e6	185395.13437500008
2.56	2.7602886244375e7	4.087488406875e6	139751.88437500005
2.57	2.7541048400624998e7	4.007982281875e6	170669.66562500008
2.58	2.7552827634999998e7	3.874002188125e6	111776.91562500008
2.59	2.7482157931874998e7	3.78713789125e6	122083.6031250001
2.6	2.7483629338124998e7	3.6413785631250003e6	100000.
2.61	2.7412958494374998e7	3.566291219375e6	113249.46250000008
2.6200000000000006	2.7439459775625e7	3.4367276256250003e6	100000.
2.6299999999999994	2.7355538291249998e7	3.3542775475000003e6	100000.
2.64	2.7355537150625005e7	3.235019500625e6	100000.
2.65	2.7290757634999998e7	3.1525705631250003e6	100000.
2.66	2.7292229041249998e7	3.0303697037500003e6	100000.
2.67	2.7236281385000005e7	2.9273062506250003e6	100000.
2.68	2.7227448384999998e7	2.828661578750001e6	100000.
2.69	2.7153831306875e7	2.7432675475000003e6	100000.
2.6999999999999997	2.7153832447499998e7	2.6210666881250003e6	100000.
2.7100000000000004	2.7091993463125e7	2.5415617037500003e6	100000.
2.72	2.7078743963124998e7	2.432611485e6	100000.
2.73	2.701249076e7	2.3781352350000003e6	100000.
2.74	2.7022796306874998e7	2.2559343756250003e6	100000.
2.75	2.6946235275624998e7	2.1955690787500003e6	100000.
2.7600000000000002	2.69432913225e7	2.0807286724999999e6	100000.
2.77	2.6879983213124998e7	2.04392070375e6	100000.
2.7800000000000007	2.6860843525624998e7	1.9290791568749999e6	100000.
2.7899999999999996	2.6796060588124998e7	1.87165895375e6	100000.
2.8000000000000003	2.6787226447500005e7	1.778904469375e6	100000.
2.81	2.6710666556875e7	1.7200128600000003e6	100000.
2.8200000000000003	2.6704775228749998e7	1.603699906875e6	100000.
2.83	2.6625274806874998e7	1.5727809850000003e6	100000.
2.84	2.6609075650625e7	1.4638296256249996e6	100000.
2.85	2.6544296134999998e7	1.4299667506249999e6	100000.
2.86	2.6536933400625e7	1.34604526625e6	100000.
2.8700000000000006	2.6461844916249998e7	1.3018757037499999e6	100000.
2.8799999999999994	2.645153822875e7	1.201757344375e6	100000.
2.89	2.6367619025624998e7	1.1708407037499999e6	100000.
2.9	2.6357312338125e7	1.070723485e6	100000.
2.91	2.6274861119375005e7	1.0515826568749999e6	100000.
2.92	2.6267501806875e7	963243.531875	100000.
2.93	2.6186524275625e7	954410.531875	100000.
2.94	2.615266026e7	863127.4537500001	100000.
2.9499999999999997	2.6090823556874998e7	852819.625625	100000.
2.9600000000000004	2.6065793681875e7	763009.0943750001	100000.
2.97	2.6002485572499998e7	763009.0943750002	100000.
2.98	2.5973038056875e7	680560.1568750001	100000.
2.9900000000000007	2.5897950713124994e7	670253.4693750001	100000.
3.	2.5880282431874998e7	604000.2662500001	100000.
3.0100000000000002	2.5802249994375e7	586334.2662500002	100000.
3.02	2.578605426e7	528911.7818750001	100000.
3.0300000000000007	2.5708022963125e7	523023.8756250001	100000.
3.0399999999999996	2.5665325947500005e7	450878.20375000016	100000.
3.0500000000000003	2.5591711150624994e7	450880.48500000016	100000.
3.06	2.5579930775624998e7	391987.73500000004	100000.
3.0700000000000003	2.5500426931875e7	405238.37562500004	100000.
3.0799999999999996	2.5460673869375e7	333094.985	100000.
3.09	2.53958920725e7	334566.3912500001	100000.
3.1	2.535908410375e7	288927.70375000004	100000.
3.11	2.5275161478749998e7	283036.37562500004	100000.
3.1200000000000006	2.5270747260000005e7	234449.1725000001	100000.
3.1299999999999994	2.5179463041249998e7	247703.23500000007	100000.
3.14	2.51426550725e7	197641.20375000002	100000.
3.15	2.5073456775625005e7	197642.34437500007	100000.
3.16	2.5029287213124998e7	157890.4225000001	100000.
3.1700000000000004	2.4951254775625e7	165249.73500000007	100000.
3.18	2.4929169994375e7	116664.81312500007	100000.
3.19	2.4854082650625e7	125497.81312500006	100000.
3.1999999999999997	2.4823162588125e7	106359.26625000007	100000.
3.2100000000000004	2.47289366975e7	100000.	100000.
3.22	2.471421122875e7	100000.	100000.
3.23	2.4625873244375e7	100000.	100000.
3.2400000000000007	2.4592010369374998e7	100000.	100000.
3.25	2.4515449338125005e7	100000.	100000.
3.2600000000000002	2.4477169963125e7	100000.	100000.
3.27	2.439913866625e7	100000.	100000.
3.2800000000000007	2.4365274650624998e7	100000.	100000.
3.2899999999999996	2.4296076353749998e7	100000.	100000.
3.3000000000000003	2.424307151e7	100000.	100000.
3.31	2.4176819447499998e7	100000.	100000.
3.3200000000000003	2.4129704791249998e7	100000.	100000.
3.3299999999999996	2.4048727259999998e7	100000.	100000.
3.34	2.403547776e7	100000.	100000.
3.35	2.394419354125e7	100000.	100000.
3.36	2.3923582447499998e7	100000.	100000.
3.3700000000000006	2.3827880588125e7	100000.	100000.
3.3799999999999994	2.3798435353750005e7	100000.	100000.
3.39	2.3724818275625e7	100000.	100000.
3.4	2.3686538900625e7	100000.	100000.
3.41	2.360703391625e7	100000.	100000.
3.4200000000000004	2.3579061228749998e7	100000.	100000.
3.43	2.3489249556875e7	100000.	100000.
3.44	2.3459805463125e7	100000.	100000.
3.4499999999999997	2.338765979125e7	100000.	100000.
3.4600000000000004	2.3346436463124998e7	100000.	100000.
3.47	2.3266930338124998e7	100000.	100000.
3.48	2.3234541150624998e7	100000.	100000.
3.4900000000000007	2.3155035025624998e7	100000.	100000.
3.5	2.312117329125e7	100000.	100000.
3.5100000000000002	2.3050499025625e7	100000.	100000.
3.52	2.3018109838124998e7	100000.	100000.
3.5300000000000007	2.293565976e7	100000.	100000.
3.5399999999999996	2.2897381525624994e7	100000.	100000.
3.5500000000000003	2.2823765588125e7	100000.	100000.
3.56	2.2795791759999998e7	100000.	100000.
3.5700000000000003	2.27265923225e7	100000.	100000.
3.5799999999999996	2.2678006260000005e7	100000.	100000.
3.59	2.2604390322499998e7	100000.	100000.
3.6	2.2569056041250005e7	100000.	100000.
3.61	2.250132801e7	100000.	100000.
3.6200000000000006	2.2451269400625e7	100000.	100000.
3.6299999999999994	2.2386488744375e7	100000.	100000.
3.64	2.23511533225e7	100000.	100000.
3.65	2.2268703244374998e7	100000.	100000.
3.66	2.2246618463124998e7	100000.	100000.
3.6700000000000004	2.218772685375e7	100000.	100000.
3.68	2.2137669384999998e7	100000.	100000.
3.69	2.2068469947499998e7	100000.	100000.
3.6999999999999997	2.2036079619374998e7	100000.	100000.
3.7100000000000004	2.1983074775624998e7	100000.	100000.
3.72	2.1925656853749998e7	100000.	100000.
3.73	2.1863817869375e7	100000.	100000.
3.7400000000000007	2.1844679322499998e7	100000.	100000.
3.75	2.1771062244374998e7	100000.	100000.
3.759999999999999	2.1747506056875e7	100000.	100000.
3.7700000000000005	2.1673890119374998e7	100000.	100000.
3.7800000000000002	2.1651805338125e7	100000.	100000.
3.79	2.1572301494374998e7	100000.	100000.
3.8	2.1551688119374998e7	100000.	100000.
3.8100000000000014	2.1478073322499998e7	100000.	100000.
3.8200000000000003	2.1439792806875005e7	100000.	100000.
3.829999999999999	2.1382371463125005e7	100000.	100000.
3.84	2.1348508588125e7	100000.	100000.
3.8500000000000005	2.1274894931875e7	100000.	100000.
3.8600000000000003	2.1241029775625e7	100000.	100000.
3.87	2.1180665619374998e7	100000.	100000.
3.88	2.1168887525624998e7	100000.	100000.
3.8899999999999997	2.1087909994375e7	100000.	100000.
3.8999999999999995	2.104521297875e7	100000.	100000.
3.91	2.0995154369375005e7	100000.	100000.
3.920000000000001	2.0974543275625e7	100000.	100000.
3.9299999999999997	2.0897982244375e7	100000.	100000.
3.9400000000000004	2.0867065603749998e7	100000.	100000.
3.95	2.08199509475e7	100000.	100000.
3.96	2.0778725338124998e7	100000.	100000.
3.9699999999999998	2.0728665588125e7	100000.	100000.
3.9800000000000004	2.07021654475e7	100000.	100000.
3.990000000000001	2.0637383650624998e7	100000.	100000.
4.	2.0603518494374998e7	100000.	100000.
4.009999999999999	2.0551988478749998e7	100000.	100000.
4.0200000000000005	2.0519598150625e7	100000.	100000.
4.03	2.0465123041249998e7	100000.	100000.
4.04	2.0426842525625e7	100000.	100000.
4.05	2.038709060375e7	100000.	100000.
4.060000000000001	2.0357645369374998e7	100000.	100000.
4.07	2.0306113072500005e7	100000.	100000.
4.079999999999999	2.0285500838124998e7	100000.	100000.
4.09	2.0200109088125e7	100000.	100000.
4.1000000000000005	2.0180967119375005e7	100000.	100000.
4.11	2.0135326150625e7	100000.	100000.
4.12	2.01206018225e7	100000.	100000.
4.13	2.0038151744375e7	100000.	100000.
4.14	2.003079129125e7	100000.	100000.
4.1499999999999995	1.9968954588125e7	100000.	100000.
4.16	1.994392585375e7	100000.	100000.
4.170000000000001	1.988650451e7	100000.	100000.
4.18	1.9865892275625e7	100000.	100000.
4.19	1.9811418306875e7	100000.	100000.
4.2	1.9792277478749998e7	100000.	100000.
4.21	1.973338472875e7	100000.	100000.
4.22	1.9696576759999998e7	100000.	100000.
4.23	1.9653879744375e7	100000.	100000.
4.240000000000001	1.9643573056875e7	100000.	100000.
4.25	1.9586152853750005e7	100000.	100000.
4.259999999999999	1.955376366625e7	100000.	100000.
4.2700000000000005	1.950664901e7	100000.	100000.
4.28	1.948898072875e7	100000.	100000.
4.29	1.9424198931875e7	100000.	100000.
4.3	1.940653179125e7	100000.	100000.
4.310000000000001	1.9353529228749998e7	100000.	100000.
4.32	1.9319665213124998e7	100000.	100000.
4.329999999999999	1.9284330931875e7	100000.	100000.
4.34	1.9247520681874998e7	100000.	100000.
4.3500000000000005	1.9206296213125e7	100000.	100000.
4.36	1.9195990666249998e7	100000.	100000.
4.37	1.9125320963125e7	100000.	100000.
4.38	1.9120904463125e7	100000.	100000.
4.39	1.9057594072499994e7	100000.	100000.
4.3999999999999995	1.9045814838125e7	100000.	100000.
4.41	1.899575622875e7	100000.	100000.
4.420000000000001	1.8982505588124998e7	100000.	100000.
4.43	1.8929503025624998e7	100000.	100000.
4.44	1.890889079125e7	100000.	100000.
4.45	1.8844108994375e7	100000.	100000.
4.46	1.88426364475e7	100000.	100000.
4.47	1.879257897875e7	100000.	100000.
4.48	1.8780799744375e7	100000.	100000.
4.490000000000001	1.8705711259999998e7	100000.	100000.
4.5	1.870423985375e7	100000.	100000.
4.509999999999999	1.86571251975e7	100000.	100000.
4.5200000000000005	1.8640929463125e7	100000.	100000.
4.53	1.8602648947499998e7	100000.	100000.
4.54	1.8577619072499998e7	100000.	100000.
4.55	1.852020001e7	100000.	100000.
4.560000000000001	1.849958891625e7	100000.	100000.
4.57	1.8468668853749998e7	100000.	100000.
4.579999999999999	1.8443640119375e7	100000.	100000.
4.59	1.8395054056875e7	100000.	100000.
4.6000000000000005	1.838180341625e7	100000.	100000.
4.61	1.8337632713125005e7	100000.	100000.
4.62	1.8321438119374998e7	100000.	100000.
4.63	1.8280213650625e7	100000.	100000.
4.64	1.8271378369375005e7	100000.	100000.
4.6499999999999995	1.8230155041250005e7	100000.	100000.
4.66	1.8202181213124998e7	100000.	100000.
4.670000000000001	1.8160955603749998e7	100000.	100000.
4.68	1.8163902978749998e7	100000.	100000.
4.69	1.8093229853749998e7	100000.	100000.
4.7	1.8102062853749998e7	100000.	100000.
4.71	1.805495047875e7	100000.	100000.
4.72	1.803433710375e7	100000.	100000.
4.73	1.7996057728749998e7	100000.	100000.
4.740000000000001	1.7997530275624998e7	100000.	100000.
4.75	1.7944525431875e7	100000.	100000.
4.759999999999999	1.7926859431874998e7	100000.	100000.
4.7700000000000005	1.7891522869374998e7	100000.	100000.
4.78	1.7879743634999998e7	100000.	100000.
4.79	1.783999285375e7	100000.	100000.
4.8	1.7826742213125e7	100000.	100000.
4.810000000000001	1.778845941625e7	100000.	100000.
4.82	1.7759015322499998e7	100000.	100000.
4.829999999999999	1.7738401947499998e7	100000.	100000.
4.84	1.771779085375e7	100000.	100000.
4.8500000000000005	1.7688345619374998e7	100000.	100000.
4.86	1.7669204791249998e7	100000.	100000.
4.87	1.7632396822499998e7	100000.	100000.
4.88	1.7625034088124998e7	100000.	100000.
4.89	1.7589699806875005e7	100000.	100000.
4.8999999999999995	1.7570560119375e7	100000.	100000.
4.91	1.7530807056875e7	100000.	100000.
4.920000000000001	1.751903010375e7	100000.	100000.
4.93	1.7486637494374998e7	100000.	100000.
4.94	1.7473386853749998e7	100000.	100000.
4.95	1.7439525119374998e7	100000.	100000.
4.96	1.7439522838125e7	100000.	100000.
4.97	1.7399772056874998e7	100000.	100000.
4.98	1.7396826963124998e7	100000.	100000.
4.990000000000001	1.7346769494374998e7	100000.	100000.
5.	1.7326157259999998e7	100000.	100000.
5.009999999999999	1.7309960385e7	100000.	100000.
5.0200000000000005	1.7299652556874998e7	100000.	100000.
5.03	1.72746238225e7	100000.	100000.
5.04	1.7264318275625e7	100000.	100000.
5.05	1.721278826e7	100000.	100000.
5.060000000000001	1.72186784475e7	100000.	100000.
5.07	1.7171564931874998e7	100000.	100000.
5.079999999999999	1.7168619838125e7	100000.	100000.
5.09	1.7127395369374998e7	100000.	100000.
5.1000000000000005	1.7120031494375e7	100000.	100000.
5.11	1.7084698353749998e7	100000.	100000.
5.12	1.7069972884999998e7	100000.	100000.
5.13	1.7053779431875e7	100000.	100000.
5.14	1.704052651e7	100000.	100000.
5.1499999999999995	1.7000774588125e7	100000.	100000.
5.16	1.6993414134999998e7	100000.	100000.
5.170000000000001	1.69698579475e7	100000.	100000.
5.18	1.6971330494375e7	100000.	100000.
5.19	1.6943355525625e7	100000.	100000.
5.2	1.6933048838125e7	100000.	100000.
5.21	1.6913909150625e7	100000.	100000.
5.22	1.6912436603749998e7	100000.	100000.
5.23	1.6880046275625e7	100000.	100000.
5.240000000000001	1.6874156088125e7	100000.	100000.
5.25	1.6829988806875e7	100000.	100000.
5.259999999999999	1.6838821806875e7	100000.	100000.
5.2700000000000005	1.6809375431875e7	100000.	100000.
5.28	1.6799068744374998e7	100000.	100000.
5.29	1.6776981681875e7	100000.	100000.
5.3	1.6774038869374998e7	100000.	100000.
5.310000000000001	1.6741648541250002e7	100000.	100000.
5.32	1.6735759494375e7	100000.	100000.
5.329999999999999	1.6698951525625002e7	100000.	100000.
5.34	1.6707786806875004e7	100000.	100000.
5.3500000000000005	1.667539647875e7	100000.	100000.
5.36	1.6668034884999998e7	100000.	100000.
5.37	1.6643003869374998e7	100000.	100000.
5.38	1.6615030041249998e7	100000.	100000.
5.39	1.6597362900625002e7	100000.	100000.
5.3999999999999995	1.6597362900625002e7	100000.	100000.
5.41	1.6567914244375e7	100000.	100000.
5.420000000000001	1.6572331885e7	100000.	100000.
5.43	1.6548775697500002e7	100000.	100000.
5.44	1.6536996463125e7	100000.	100000.
5.45	1.6514912822500002e7	100000.	100000.
5.46	1.6501662181875002e7	100000.	100000.
5.47	1.64898829475e7	100000.	100000.
5.48	1.6469271853750002e7	100000.	100000.
5.490000000000001	1.6473687213125e7	100000.	100000.
5.5	1.6448658478750002e7	100000.	100000.
5.509999999999999	1.6445714525625e7	100000.	100000.
5.5200000000000005	1.6420684650625002e7	100000.	100000.
5.53	1.6403017509999998e7	100000.	100000.
5.54	1.6400073556874996e7	100000.	100000.
5.55	1.6386820635e7	100000.	100000.
5.560000000000001	1.6366210681875e7	100000.	100000.
5.57	1.635590285375e7	100000.	100000.
5.579999999999999	1.632793016625e7	100000.	100000.
5.59	1.633528947875e7	100000.	100000.
5.6000000000000005	1.6313205838125e7	100000.	100000.
5.61	1.6294063869374998e7	100000.	100000.
5.62	1.6279341822500002e7	100000.	100000.
5.63	1.6279341822500002e7	100000.	100000.
5.64	1.6252841681875005e7	100000.	100000.
5.6499999999999995	1.6236645947499998e7	100000.	100000.
5.66	1.6235172260000002e7	100000.	100000.
5.670000000000001	1.62116160725e7	100000.	100000.
5.68	1.61777531975e7	100000.	100000.
5.69	1.6186587338125002e7	100000.	100000.
5.7	1.6161558603749998e7	100000.	100000.
5.71	1.6157142103750002e7	100000.	100000.
5.72	1.6143890322500002e7	100000.	100000.
5.73	1.6135056181875002e7	100000.	100000.
5.740000000000001	1.6111499994375002e7	100000.	100000.
5.75	1.6096777947499998e7	100000.	100000.
5.759999999999999	1.6090887759999998e7	100000.	100000.
5.7700000000000005	1.607763597875e7	100000.	100000.
5.78	1.6058495150625e7	100000.	100000.
5.79	1.60599676975e7	100000.	100000.
5.8	1.602021691625e7	100000.	100000.
5.810000000000001	1.6015798135000002e7	100000.	100000.
5.82	1.5989299134999998e7	100000.	100000.
5.829999999999999	1.59966584475e7	100000.	100000.
5.84	1.5964268119375002e7	100000.	100000.
5.8500000000000005	1.5968685760000002e7	100000.	100000.
5.86	1.59495460725e7	100000.	100000.
5.87	1.5943657025625002e7	100000.	100000.
5.88	1.5912738103750002e7	100000.	100000.
5.890000000000001	1.5925987603749998e7	100000.	100000.
5.8999999999999995	1.5892124728750002e7	100000.	100000.
5.91	1.5896542369375002e7	100000.	100000.
5.920000000000001	1.5877400400625e7	100000.	100000.
5.93	1.5868568541249998e7	100000.	100000.
5.94	1.5842066119375e7	100000.	100000.
5.95	1.5849427713125e7	100000.	100000.
5.96	1.5833233119375002e7	100000.	100000.
5.97	1.582292529125e7	100000.	100000.
5.98	1.5797896556875e7	100000.	100000.
5.990000000000001	1.5806731838125e7	100000.	100000.
6.	1.57817008225e7	100000.	100000.
6.009999999999999	1.575961604125e7	100000.	100000.
6.0200000000000005	1.5756670947499998e7	100000.	100000.
6.03	1.5743420306875e7	100000.	100000.
6.04	1.572428176e7	100000.	100000.
6.05	1.5727226853750002e7	100000.	100000.
6.060000000000001	1.5708086025625e7	100000.	100000.
6.07	1.569336397875e7	100000.	100000.
6.079999999999999	1.5669806650625002e7	100000.	100000.
6.09	1.5669806650625002e7	100000.	100000.
6.1000000000000005	1.564919441625e7	100000.	100000.
6.11	1.5649194416250002e7	100000.	100000.
6.12	1.56418328225e7	100000.	100000.
6.13	1.562858104125e7	100000.	100000.
6.140000000000001	1.5618276635e7	100000.	100000.
6.1499999999999995	1.5616802947500004e7	100000.	100000.
6.159999999999999	1.5599135806875002e7	100000.	100000.
6.170000000000001	1.5597662119374998e7	100000.	100000.
6.18	1.5579994978750002e7	100000.	100000.
6.19	1.5578522431875002e7	100000.	100000.
6.2	1.5569689431875e7	100000.	100000.
6.21	1.5566744338125e7	100000.	100000.
6.22	1.5554966244375e7	100000.	100000.
6.230000000000001	1.5540243056875e7	100000.	100000.
6.240000000000001	1.55328803225e7	100000.	100000.
6.25	1.5534352869374998e7	100000.	100000.
6.259999999999999	1.5521103369374998e7	100000.	100000.
6.2700000000000005	1.5512268088124998e7	100000.	100000.
6.28	1.5510796681874998e7	100000.	100000.
6.29	1.5506380181874998e7	100000.	100000.
6.3	1.5494599806875002e7	100000.	100000.
6.310000000000001	1.5485765666249998e7	100000.	100000.
6.32	1.547251616625e7	100000.	100000.
6.329999999999999	1.547693266625e7	100000.	100000.
6.340000000000001	1.5465155713124998e7	100000.	100000.
6.3500000000000005	1.546809966625e7	100000.	100000.
6.36	1.5447488572499998e7	100000.	100000.
6.37	1.5446014884999996e7	100000.	100000.
6.38	1.5441599525624998e7	100000.	100000.
6.390000000000001	1.5440125838124998e7	100000.	100000.
6.3999999999999995	1.5429820291249998e7	100000.	100000.
6.409999999999999	1.5428347744375002e7	100000.	100000.
6.420000000000001	1.5413624556875002e7	100000.	100000.
6.43	1.541215201e7	100000.	100000.
6.44	1.5393013463125e7	100000.	100000.
6.45	1.5404789275625002e7	100000.	100000.
6.46	1.5378289134999998e7	100000.	100000.
6.47	1.5373871494375002e7	100000.	100000.
6.480000000000001	1.5381233088125002e7	100000.	100000.
6.490000000000001	1.5379761681874998e7	100000.	100000.
6.5	1.535767804125e7	100000.	100000.
6.509999999999999	1.5350313025625002e7	100000.	100000.
6.5200000000000005	1.534000976e7	100000.	100000.
6.53	1.5334120713125e7	100000.	100000.
6.54	1.5325285431875e7	100000.	100000.
6.55	1.5307617150625002e7	100000.	100000.
6.560000000000001	1.5306145744374998e7	100000.	100000.
6.57	1.5292895103749996e7	100000.	100000.
6.579999999999999	1.529436651e7	100000.	100000.
6.590000000000001	1.5282587275625e7	100000.	100000.
6.6000000000000005	1.5275226822500002e7	100000.	100000.
6.61	1.5264921275624998e7	100000.	100000.
6.62	1.5250198088125002e7	100000.	100000.
6.63	1.5244307900625002e7	100000.	100000.
6.640000000000001	1.5248724400625e7	100000.	100000.
6.6499999999999995	1.5232529806875e7	100000.	100000.
6.659999999999999	1.5225168213125e7	100000.	100000.
6.670000000000001	1.52163340725e7	100000.	100000.
6.68	1.5208971338125002e7	100000.	100000.
6.69	1.5201610885e7	100000.	100000.
6.7	1.5191306478750002e7	100000.	100000.
6.71	1.5180998650625e7	100000.	100000.
6.72	1.516627660375e7	100000.	100000.
6.730000000000001	1.5170693103750002e7	100000.	100000.
6.740000000000001	1.5157441322499998e7	100000.	100000.
6.75	1.5160386416249998e7	100000.	100000.
6.759999999999999	1.5141247869374998e7	100000.	100000.
6.7700000000000005	1.5125050994375002e7	100000.	100000.
6.78	1.512210704125e7	100000.	100000.
6.79	1.5129468635000002e7	100000.	100000.
6.8	1.5107383853749998e7	100000.	100000.
6.810000000000001	1.5098549713125e7	100000.	100000.
6.82	1.5101493666249998e7	100000.	100000.
6.829999999999999	1.5083826525625002e7	100000.	100000.
6.840000000000001	1.5076463791250002e7	100000.	100000.
6.8500000000000005	1.5076464931875e7	100000.	100000.
6.86	1.505438129125e7	100000.	100000.
6.87	1.5048489963124998e7	100000.	100000.
6.88	1.5045546009999998e7	100000.	100000.
6.890000000000001	1.504554601e7	100000.	100000.
6.8999999999999995	1.5021988681875004e7	100000.	100000.
6.909999999999999	1.5027877728750004e7	100000.	100000.
6.920000000000001	1.5008739181875e7	100000.	100000.
6.93	1.5010211728750002e7	100000.	100000.
6.94	1.4999903900624996e7	100000.	100000.
6.95	1.4999903900624996e7	100000.	100000.
6.96	1.4985180713125e7	100000.	100000.
6.97	1.4982235619375002e7	100000.	100000.
6.980000000000001	1.4973402619375002e7	100000.	100000.
6.990000000000001	1.4968986119375e7	100000.	100000.
7.	1.4954262931875e7	100000.	100000.
7.009999999999999	1.4954262931875e7	100000.	100000.
7.0200000000000005	1.4945429931875e7	100000.	100000.
7.03	1.4939540885e7	100000.	100000.
7.04	1.492776051e7	100000.	100000.
7.05	1.4930706744374998e7	100000.	100000.
7.060000000000001	1.4908621963125e7	100000.	100000.
7.07	1.4898315275625e7	100000.	100000.
7.079999999999999	1.4899787822500002e7	100000.	100000.
7.090000000000001	1.4889483416250002e7	100000.	100000.
7.1000000000000005	1.488800972875e7	100000.	100000.
7.11	1.4874760228749998e7	100000.	100000.
7.12	1.4879175588125002e7	100000.	100000.
7.13	1.4861507306875e7	100000.	100000.
7.140000000000001	1.4857090806875e7	100000.	100000.
7.1499999999999995	1.4852672025625e7	100000.	100000.
7.159999999999999	1.4848257806875e7	100000.	100000.
7.170000000000001	1.4845312713124998e7	100000.	100000.
7.18	1.4839423666249998e7	100000.	100000.
7.19	1.4827644431875e7	100000.	100000.
7.2	1.48158651975e7	100000.	100000.
7.21	1.4809976150625004e7	100000.	100000.
7.22	1.480555851e7	100000.	100000.
7.230000000000001	1.4802615697499998e7	100000.	100000.
7.240000000000001	1.4792309010000002e7	100000.	100000.
7.25	1.4801143150625e7	100000.	100000.
7.259999999999999	1.4767279134999998e7	100000.	100000.
7.2700000000000005	1.4751083400625e7	100000.	100000.
7.28	1.472899976e7	100000.	100000.
7.29	1.4731943713124998e7	100000.	100000.
7.3	1.471280516625e7	100000.	100000.
7.310000000000001	1.4715749119375002e7	100000.	100000.
7.32	1.4705443572499998e7	100000.	100000.
7.329999999999999	1.4709858931875e7	100000.	100000.
7.340000000000001	1.4695135744375002e7	100000.	100000.
7.3500000000000005	1.4687777572499996e7	100000.	100000.
7.36	1.467746860375e7	100000.	100000.
7.37	1.4677467463125e7	100000.	100000.
7.38	1.4662744275625002e7	100000.	100000.
7.390000000000001	1.4665690510000004e7	100000.	100000.
7.3999999999999995	1.4649494775625002e7	100000.	100000.
7.409999999999999	1.4646548541250002e7	100000.	100000.
7.420000000000001	1.4640661775625004e7	100000.	100000.
7.43	1.4648022228750002e7	100000.	100000.
7.44	1.4628883681874998e7	100000.	100000.
7.45	1.4620048400625004e7	100000.	100000.
7.46	1.4630355088125e7	100000.	100000.
7.47	1.4611215400625e7	100000.	100000.
7.480000000000001	1.459943616625e7	100000.	100000.
7.490000000000001	1.459501966625e7	100000.	100000.
7.5	1.4590602025625e7	100000.	100000.
7.509999999999999	1.459501966625e7	100000.	100000.
7.5200000000000005	1.456998979125e7	100000.	100000.
7.53	1.457440629125e7	100000.	100000.
7.54	1.4559684244375e7	100000.	100000.
7.55	1.4571463478750005e7	100000.	100000.
7.560000000000001	1.455085010375e7	100000.	100000.
7.57	1.4540544556874998e7	100000.	100000.
7.579999999999999	1.4530237869375002e7	100000.	100000.
7.590000000000001	1.4539070869375e7	100000.	100000.
7.6000000000000005	1.4518458635e7	100000.	100000.
7.61	1.4509624494375002e7	100000.	100000.
7.62	1.44993189475e7	100000.	100000.
7.63	1.4497846400625e7	100000.	100000.
7.640000000000001	1.4484595760000002e7	100000.	100000.
7.6499999999999995	1.4505209135000002e7	100000.	100000.
7.659999999999999	1.4478707853749998e7	100000.	100000.
7.670000000000001	1.4472818806875e7	100000.	100000.
7.680000000000001	1.4461038431875e7	100000.	100000.
7.69	1.4459567025625e7	100000.	100000.
7.7	1.4437482244375002e7	100000.	100000.
7.71	1.4453676838125002e7	100000.	100000.
7.72	1.4446316385e7	100000.	100000.
7.730000000000001	1.4449261478749998e7	100000.	100000.
7.740000000000001	1.4419813963125e7	100000.	100000.
7.75	1.4422757916249998e7	100000.	100000.
7.76	1.4402145681875002e7	100000.	100000.
7.769999999999998	1.4408035869375e7	100000.	100000.
7.779999999999999	1.4402146822500002e7	100000.	100000.
7.790000000000001	1.4397729181875e7	100000.	100000.
7.799999999999999	1.4366811400624998e7	100000.	100000.
7.8100000000000005	1.4380063181875e7	100000.	100000.
7.82	1.437417185375e7	100000.	100000.
7.83	1.4366811400625002e7	100000.	100000.
7.840000000000002	1.4352088213125004e7	100000.	100000.
7.85	1.435356076e7	100000.	100000.
7.859999999999999	1.43476705725e7	100000.	100000.
7.870000000000003	1.4335892478750002e7	100000.	100000.
7.880000000000001	1.4343255213125e7	100000.	100000.
7.890000000000001	1.43344210725e7	100000.	100000.
7.9	1.4318224197500004e7	100000.	100000.
7.909999999999998	1.4324114385000002e7	100000.	100000.
7.92	1.4307919791249998e7	100000.	100000.
7.93	1.4300555916250002e7	100000.	100000.
7.9399999999999995	1.4304973556875002e7	100000.	100000.
7.950000000000001	1.4299085650625004e7	100000.	100000.
7.960000000000001	1.4287305275625e7	100000.	100000.
7.970000000000001	1.4269638135000002e7	100000.	100000.
7.980000000000002	1.4274055775625002e7	100000.	100000.
7.99	1.4271111822499996e7	100000.	100000.
8.	1.424902704125e7	100000.	100000.
8.01	1.4254914947499998e7	100000.	100000.
8.019999999999998	1.42504984475e7	100000.	100000.
8.03	1.4241664306875002e7	100000.	100000.
8.040000000000001	1.4238719213124998e7	100000.	100000.
8.049999999999999	1.4241664306874998e7	100000.	100000.
8.06	1.421958066625e7	100000.	100000.
8.07	1.4228414806875002e7	100000.	100000.
8.08	1.4204855197499998e7	100000.	100000.
8.090000000000002	1.420927397875e7	100000.	100000.
8.1	1.4200439838125002e7	100000.	100000.
8.11	1.4206330025624998e7	100000.	100000.
8.120000000000003	1.4198968431875e7	100000.	100000.
8.13	1.4181299009999998e7	100000.	100000.
8.14	1.4178356197500002e7	100000.	100000.
8.15	1.4178355056874996e7	100000.	100000.
8.159999999999998	1.416952091625e7	100000.	100000.
8.17	1.415921651e7	100000.	100000.
8.18	1.415774054125e7	100000.	100000.
8.19	1.4157743963124996e7	100000.	100000.
8.200000000000001	1.4156269135e7	100000.	100000.
8.21	1.4144491041250002e7	100000.	100000.
8.22	1.4126823900625e7	100000.	100000.
8.230000000000002	1.4135659181875e7	100000.	100000.
8.24	1.4147436135e7	100000.	100000.
8.25	1.413124154125e7	100000.	100000.
8.26	1.4125351353750002e7	100000.	100000.
8.269999999999998	1.4113573260000002e7	100000.	100000.
8.28	1.4115045806874998e7	100000.	100000.
8.290000000000001	1.411210185375e7	100000.	100000.
8.299999999999999	1.4106211666250002e7	100000.	100000.
8.31	1.410915676e7	100000.	100000.
8.32	1.409737866625e7	100000.	100000.
8.33	1.4090015931875002e7	100000.	100000.
8.340000000000002	1.408854566625e7	100000.	100000.
8.35	1.4072349931875e7	100000.	100000.
8.36	1.4076766431875002e7	100000.	100000.
8.370000000000003	1.40649871975e7	100000.	100000.
8.38	1.4069403697499998e7	100000.	100000.
8.39	1.4057626744375002e7	100000.	100000.
8.4	1.4047320056875002e7	100000.	100000.
8.409999999999998	1.405026629125e7	100000.	100000.
8.42	1.4059098150625002e7	100000.	100000.
8.43	1.4037013369375002e7	100000.	100000.
8.44	1.405762560375e7	100000.	100000.
8.450000000000001	1.4035539681875e7	100000.	100000.
8.46	1.4029651775625e7	100000.	100000.
8.47	1.4020817634999998e7	100000.	100000.
8.480000000000002	1.4034068275624998e7	100000.	100000.
8.49	1.4019345088125e7	100000.	100000.
8.5	1.4022290181875002e7	100000.	100000.
8.51	1.40060944475e7	100000.	100000.
8.519999999999998	1.4010512088125004e7	100000.	100000.
8.53	1.3995787760000002e7	100000.	100000.
8.540000000000001	1.40060944475e7	100000.	100000.
8.549999999999999	1.3997261447500002e7	100000.	100000.
8.56	1.399725916625e7	100000.	100000.
8.57	1.3988427306874998e7	100000.	100000.
8.58	1.398253597875e7	100000.	100000.
8.590000000000002	1.3975176666249998e7	100000.	100000.
8.6	1.39678150725e7	100000.	100000.
8.61	1.3973704119375e7	100000.	100000.
8.620000000000003	1.3957507244375e7	100000.	100000.
8.63	1.3954564431875004e7	100000.	100000.
8.64	1.3964869978749998e7	100000.	100000.
8.65	1.3957509525625002e7	100000.	100000.
8.659999999999998	1.3948674244375e7	100000.	100000.
8.67	1.3947201697499998e7	100000.	100000.
8.68	1.3948674244375e7	100000.	100000.
8.69	1.3929534556874998e7	100000.	100000.
8.700000000000001	1.3933951056875002e7	100000.	100000.
8.71	1.3935423603750002e7	100000.	100000.
8.72	1.3933951056875e7	100000.	100000.
8.730000000000002	1.3913339963125002e7	100000.	100000.
8.74	1.3907449775624998e7	100000.	100000.
8.75	1.3905978369375002e7	100000.	100000.
8.76	1.391039372875e7	100000.	100000.
8.769999999999998	1.3914811369375002e7	100000.	100000.
8.78	1.3905976088125e7	100000.	100000.
8.790000000000001	1.3894197994375e7	100000.	100000.
8.799999999999999	1.3898614494375002e7	100000.	100000.
8.81	1.3891254041250002e7	100000.	100000.
8.82	1.3883893588125002e7	100000.	100000.
8.83	1.387653085375e7	100000.	100000.
8.840000000000002	1.3875060588125e7	100000.	100000.
8.85	1.3866225306875e7	100000.	100000.
8.86	1.3864752759999998e7	100000.	100000.
8.870000000000003	1.3866226447500002e7	100000.	100000.
8.88	1.3858864853750002e7	100000.	100000.
8.89	1.3847085619375e7	100000.	100000.
8.9	1.3851502119375002e7	100000.	100000.
8.909999999999998	1.3845613072500004e7	100000.	100000.
8.92	1.3842670259999998e7	100000.	100000.
8.93	1.3848558166250002e7	100000.	100000.
8.94	1.3839722885e7	100000.	100000.
8.950000000000001	1.3833833838125002e7	100000.	100000.
8.96	1.3832362431875002e7	100000.	100000.
8.97	1.3833834978749998e7	100000.	100000.
8.980000000000002	1.3814694150625e7	100000.	100000.
8.99	1.381027879125e7	100000.	100000.
9.	1.3811749056875002e7	100000.	100000.
9.01	1.381027651e7	100000.	100000.
9.019999999999998	1.3810277650625002e7	100000.	100000.
9.03	1.3804387463125e7	100000.	100000.
9.040000000000001	1.3794083056875e7	100000.	100000.
9.049999999999999	1.378819401e7	100000.	100000.
9.06	1.3785247775625002e7	100000.	100000.
9.07	1.3794083056875e7	100000.	100000.
9.08	1.3767580635e7	100000.	100000.
9.090000000000002	1.3770524588124998e7	100000.	100000.
9.1	1.3786721463125002e7	100000.	100000.
9.11	1.3779357588125002e7	100000.	100000.
9.120000000000003	1.37734708225e7	100000.	100000.
9.13	1.376905204125e7	100000.	100000.
9.14	1.3776414775624998e7	100000.	100000.
9.15	1.3769053181875002e7	100000.	100000.
9.159999999999998	1.3749912353749998e7	100000.	100000.
9.17	1.37484409475e7	100000.	100000.
9.18	1.3754329994374998e7	100000.	100000.
9.19	1.37484409475e7	100000.	100000.
9.200000000000001	1.3745494713124998e7	100000.	100000.
9.21	1.3732245213125e7	100000.	100000.
9.22	1.3729300119375e7	100000.	100000.
9.230000000000002	1.37322440725e7	100000.	100000.
9.24	1.3718994572499998e7	100000.	100000.
9.25	1.3717522025625e7	100000.	100000.
9.26	1.3717522025625e7	100000.	100000.
9.269999999999998	1.3701325150625e7	100000.	100000.
9.28	1.3702798838124998e7	100000.	100000.
9.290000000000001	1.3682186603750002e7	100000.	100000.
9.299999999999999	1.3677768963125e7	100000.	100000.
9.31	1.36645183225e7	100000.	100000.
9.32	1.36645183225e7	100000.	100000.
9.33	1.3665992009999998e7	100000.	100000.
9.340000000000002	1.365715672875e7	100000.	100000.
9.35	1.3654211635e7	100000.	100000.
9.36	1.366157322875e7	100000.	100000.
9.370000000000003	1.3663045775625002e7	100000.	100000.
9.38	1.3632129135e7	100000.	100000.
9.39	1.3639488447499998e7	100000.	100000.
9.4	1.3635071947500002e7	100000.	100000.
9.409999999999998	1.3629182900625002e7	100000.	100000.
9.42	1.3645378635000002e7	100000.	100000.
9.43	1.367040622875e7	100000.	100000.
9.44	1.3752856306875004e7	100000.	100000.
9.450000000000001	1.3878003400625002e7	100000.	100000.
9.46	1.4038484775624998e7	100000.	100000.
9.47	1.4172466009999998e7	100000.	100000.
9.480000000000002	1.4200440978749998e7	100000.	100000.
9.49	1.4150381228749998e7	100000.	100000.
9.5	1.4009039541250002e7	100000.	100000.
9.51	1.3798497275625e7	100000.	100000.
9.519999999999998	1.3654211635000002e7	100000.	100000.
9.53	1.3501092994374998e7	100000.	100000.
9.540000000000001	1.3358277619374998e7	100000.	100000.
9.549999999999999	1.328171772875e7	100000.	100000.
9.56	1.323607676e7	100000.	100000.
9.57	1.31874906975e7	100000.	100000.
9.58	1.3175711463125e7	100000.	100000.
9.590000000000002	1.3165404775625e7	100000.	100000.
9.6	1.318896210375e7	100000.	100000.
9.61	1.317865541625e7	100000.	100000.
9.620000000000003	1.3181601650625002e7	100000.	100000.
9.63	1.3184544463124998e7	100000.	100000.
9.64	1.3184545603750002e7	100000.	100000.
9.65	1.318896210375e7	100000.	100000.
9.659999999999998	1.318896210375e7	100000.	100000.
9.67	1.317718172875e7	100000.	100000.
9.68	1.3174238916250002e7	100000.	100000.
9.69	1.3166878463124998e7	100000.	100000.
9.700000000000001	1.3172766369375e7	100000.	100000.
9.71	1.3175711463125e7	100000.	100000.
9.72	1.3165407056875e7	100000.	100000.
9.730000000000002	1.3138903494375e7	100000.	100000.
9.74	1.312417916625e7	100000.	100000.
9.75	1.309178997875e7	100000.	100000.
9.76	1.3075594244375002e7	100000.	100000.
9.769999999999998	1.3031424681875e7	100000.	100000.
9.78	1.3010812447500002e7	100000.	100000.
9.790000000000001	1.2988728806875e7	100000.	100000.
9.799999999999999	1.2978419838125002e7	100000.	100000.
9.81	1.2982838619374998e7	100000.	100000.
9.82	1.3038786275625e7	100000.	100000.
9.83	1.3140374900624998e7	100000.	100000.
9.840000000000002	1.33185256975e7	100000.	100000.
9.85	1.3489313760000002e7	100000.	100000.
9.86	1.3642432400625002e7	100000.	100000.
9.870000000000003	1.3674823869375e7	100000.	100000.
9.88	1.3530537088125e7	100000.	100000.
9.89	1.2841495791249998e7	100000.	100000.
9.9	1.0450465197499998e7	100000.	100000.
9.909999999999998	8.331807869375e6	100000.	100000.
9.92	5.65809047875e6	100000.	100000.
9.93	2.21435654125e6	100000.	100000.
9.94	534448.60375	100000.	100000.
9.950000000000001	100000.	100000.	100000.
9.96	100000.	100000.	100000.
9.97	100000.	100000.	100000.
9.980000000000002	100000.	100000.	100000.
9.99	100000.	100000.	100000.
10.	100000.	100000.	100000.
10.01	100000.	100000.	100000.
10.019999999999998	100000.	100000.	100000.
10.03	100000.	100000.	100000.
10.040000000000001	100000.	100000.	100000.
10.049999999999999	100000.	100000.	100000.
10.06	100000.	100000.	100000.
10.07	100000.	100000.	100000.
10.08	100000.	100000.	100000.
10.090000000000002	100000.	100000.	100000.
10.1	100000.	100000.	100000.
10.11	100000.	100000.	100000.
10.120000000000003	100000.	100000.	100000.
10.13	100000.	100000.	100000.
10.14	100000.	100000.	100000.
10.15	100000.	100000.	100000.
10.159999999999998	100000.	100000.	100000.
10.17	100000.	100000.	100000.
10.18	100000.	100000.	100000.
10.19	100000.	100000.	100000.
10.200000000000001	100000.	100000.	100000.
10.21	100000.	100000.	100000.
10.22	100000.	100000.	100000.
10.230000000000002	100000.	100000.	100000.
10.24	100000.	100000.	100000.
10.25	100000.	100000.	100000.
10.26	100000.	100000.	100000.
10.269999999999998	100000.	100000.	100000.
10.28	100000.	100000.	100000.
10.290000000000001	100000.	100000.	100000.
10.299999999999999	100000.	100000.	100000.
10.31	100000.	100000.	100000.
10.32	100000.	100000.	100000.
10.33	100000.	100000.	100000.
10.340000000000002	100000.	100000.	100000.
10.35	100000.	100000.	100000.
10.36	100000.	100000.	100000.
10.370000000000003	100000.	100000.	100000.
10.38	100000.	100000.	100000.
10.39	100000.	100000.	100000.
10.4	100000.	100000.	100000.
10.409999999999998	100000.	100000.	100000.
10.42	100000.	100000.	100000.
10.43	100000.	100000.	100000.
10.44	100000.	100000.	100000.
10.450000000000001	100000.	100000.	100000.
10.46	100000.	100000.	100000.
10.47	100000.	100000.	100000.
10.480000000000002	100000.	100000.	100000.
10.49	100000.	100000.	100000.
10.5	100000.	100000.	100000.
10.51	100000.	100000.	100000.
10.519999999999998	100000.	100000.	100000.
10.53	100000.	100000.	100000.
10.540000000000001	100000.	100000.	100000.
10.549999999999999	100000.	100000.	100000.
10.56	100000.	100000.	100000.
10.57	100000.	100000.	100000.
10.58	100000.	100000.	100000.
10.590000000000002	100000.	100000.	100000.
10.6	100000.	100000.	100000.
10.61	100000.	100000.	100000.
10.620000000000003	100000.	100000.	100000.
10.63	100000.	100000.	100000.
10.64	100000.	100000.	100000.
10.65	100000.	100000.	100000.
10.659999999999998	100000.	100000.	100000.
10.67	100000.	100000.	100000.
10.68	100000.	100000.	100000.
10.69	100000.	100000.	100000.
10.700000000000001	100000.	100000.	100000.
10.71	100000.	100000.	100000.
10.72	100000.	100000.	100000.
10.730000000000002	100000.	100000.	100000.
10.74	100000.	100000.	100000.
10.75	100000.	100000.	100000.