((0. 100000.)
(0.010000000000000009 270263.5241477273)
(0.020000000000000018 750236.2428977273)
(0.030000000000000027 1.3862749772727273e6)
(0.040000000000000036 2.3226653678977275e6)
(0.050000000000000044 3.0882654147727275e6)
(0.05999999999999994 5.0243554460227275e6)
(0.07000000000000006 6.088836883522727e6)
(0.07999999999999996 7.904195180397726e6)
(0.09000000000000008 9.538462149147728e6)
(0.09999999999999998 1.1598223305397727e7)
(0.1100000000000001 1.4239549227272728e7)
(0.12 1.5223054274147727e7)
(0.13 1.662174910227273e7)
(0.14 1.7390294242897723e7)
(0.15000000000000002 1.7790763117897727e7)
(0.16000000000000003 1.8066087180397727e7)
(0.17000000000000004 1.8099948914772723e7)
(0.18 1.8169146071022727e7)
(0.19000000000000006 1.811319841477273e7)
(0.2 1.8116144649147727e7)
(0.2099999999999999 1.8045472664772723e7)
(0.22000000000000003 1.8046945211647727e7)
(0.23000000000000015 1.7968912774147727e7)
(0.24000000000000005 1.7968911633522727e7)
(0.24999999999999994 1.7874685742897727e7)
(0.26000000000000006 1.7836405227272727e7)
(0.2700000000000002 1.769653608664773e7)
(0.27999999999999997 1.7684756852272727e7)
(0.29 1.7639114742897727e7)
(0.3 1.767739525852273e7)
(0.31 1.7642060977272727e7)
(0.32 1.7680339211647727e7)
(0.33 1.7630281742897727e7)
(0.34 1.7652366524147727e7)
(0.35000000000000003 1.7611140914772727e7)
(0.36000000000000004 1.7661198383522727e7)
(0.37000000000000005 1.7615558555397723e7)
(0.38000000000000006 1.7665617164772727e7)
(0.39000000000000007 1.7667088571022727e7)
(0.4000000000000001 1.7781928977272727e7)
(0.41 1.787026696164773e7)
(0.4199999999999999 1.8101420321022727e7)
(0.43 1.8254541242897727e7)
(0.4400000000000001 1.8481278102272727e7)
(0.45 1.866973330539773e7)
(0.4599999999999999 1.8824325633522727e7)
(0.47000000000000003 1.8914137305397723e7)
(0.48000000000000015 1.9048117399147723e7)
(0.49000000000000005 1.9073144992897723e7)
(0.49999999999999994 1.9120260789772727e7)
(0.5100000000000002 1.9126148696022727e7)
(0.5200000000000002 1.9154124805397727e7)
(0.53 1.9120260789772727e7)
(0.54 1.914676093039773e7)
(0.55 1.9107009008522727e7)
(0.56 1.9126149836647723e7)
(0.5700000000000001 1.9068728492897723e7)
(0.5800000000000001 1.907903518039773e7)
(0.5900000000000001 1.9021614977272727e7)
(0.6000000000000001 1.9023087524147727e7)
(0.6100000000000001 1.8958305727272727e7)
(0.6200000000000001 1.8959778274147723e7)
(0.6300000000000001 1.8889107430397727e7)
(0.6400000000000001 1.8875856789772727e7)
(0.6500000000000001 1.8802240852272727e7)
(0.6599999999999999 1.8769848242897723e7)
(0.6699999999999999 1.868887413352273e7)
(0.6800000000000002 1.8652065024147723e7)
(0.6900000000000002 1.852691793039773e7)
(0.7 1.8487166008522723e7)
(0.71 1.8359074961647723e7)
(0.7199999999999998 1.830607353977273e7)
(0.73 1.8177980211647727e7)
(0.74 1.8094059867897723e7)
(0.75 1.7967441367897727e7)
(0.7600000000000002 1.7889407789772727e7)
(0.77 1.7748066102272723e7)
(0.78 1.7652365383522727e7)
(0.79 1.7555193258522727e7)
(0.7999999999999998 1.745213322727273e7)
(0.81 1.7322567352272727e7)
(0.8200000000000001 1.725484274289773e7)
(0.8300000000000001 1.7125278008522727e7)
(0.8400000000000003 1.706049849289773e7)
(0.8500000000000001 1.6950073446022723e7)
(0.8599999999999999 1.6876458649147727e7)
(0.8699999999999999 1.6774868883522728e7)
(0.8799999999999999 1.6720392633522728e7)
(0.8899999999999997 1.6637942555397728e7)
(0.8999999999999999 1.6574633305397728e7)
(0.9099999999999999 1.6489240414772727e7)
(0.9199999999999999 1.6449488492897725e7)
(0.9300000000000002 1.6362621914772725e7)
(0.94 1.6334648086647725e7)
(0.95 1.6252199149147725e7)
(0.96 1.6219806539772727e7)
(0.9699999999999998 1.6153553336647728e7)
(0.98 1.6138830149147727e7)
(0.99 1.6084353899147728e7)
(1. 1.6046075664772727e7)
(1.0100000000000002 1.5981292727272725e7)
(1.02 1.5972458586647727e7)
(1.03 1.5917983477272727e7)
(1.04 1.5887064555397728e7)
(1.0499999999999998 1.5841423586647725e7)
(1.06 1.5848785180397727e7)
(1.07 1.5764862555397728e7)
(1.08 1.5757502102272725e7)
(1.0900000000000003 1.5714805086647727e7)
(1.1 1.5714805086647723e7)
(1.1099999999999999 1.5660329977272727e7)
(1.1199999999999999 1.5651494696022725e7)
(1.13 1.5594075633522723e7)
(1.1399999999999997 1.5604381180397725e7)
(1.15 1.5549906071022727e7)
(1.16 1.5545489571022728e7)
(1.17 1.5499847461647727e7)
(1.1800000000000002 1.5510154149147727e7)
(1.19 1.5458624133522725e7)
(1.2 1.5443899805397727e7)
(1.21 1.5423286430397723e7)
(1.2199999999999998 1.5420342477272728e7)
(1.23 1.5377646602272727e7)
(1.24 1.5392369789772728e7)
(1.25 1.5351144180397725e7)
(1.2600000000000002 1.5365866227272723e7)
(1.27 1.5318753852272728e7)
(1.28 1.5327586852272725e7)
(1.29 1.5286362383522725e7)
(1.2999999999999998 1.5306975758522725e7)
(1.31 1.5277529383522728e7)
(1.3200000000000003 1.5284889836647727e7)
(1.33 1.5259862242897727e7)
(1.3400000000000003 1.5258388555397725e7)
(1.35 1.5242192821022728e7)
(1.36 1.5239248867897728e7)
(1.3699999999999999 1.521863663352273e7)
(1.38 1.5223053133522727e7)
(1.3899999999999997 1.5195079305397732e7)
(1.4 1.5205384852272727e7)
(1.4100000000000001 1.5187717711647727e7)
(1.42 1.5209801352272725e7)
(1.4300000000000002 1.5187717711647727e7)
(1.44 1.5193607899147727e7)
(1.45 1.5165634071022728e7)
(1.46 1.5187717711647727e7)
(1.4699999999999998 1.5164160383522728e7)
(1.48 1.5172994524147725e7)
(1.4899999999999998 1.5155327383522728e7)
(1.5 1.5164160383522728e7)
(1.5100000000000002 1.5147964649147727e7)
(1.52 1.5170050571022725e7)
(1.53 1.5153853696022728e7)
(1.54 1.5164161524147727e7)
(1.5499999999999998 1.5147965789772728e7)
(1.56 1.5158271336647727e7)
(1.5700000000000003 1.5128826102272725e7)
(1.58 1.5149438336647725e7)
(1.5900000000000003 1.5139132789772725e7)
(1.6 1.5149438336647725e7)
(1.61 1.513029750852273e7)
(1.6199999999999999 1.5150908602272723e7)
(1.63 1.5130298649147727e7)
(1.6399999999999997 1.5146493242897727e7)
(1.65 1.5131770055397727e7)
(1.6600000000000001 1.5140604196022725e7)
(1.67 1.5112629227272725e7)
(1.6800000000000002 1.5147965789772727e7)
(1.69 1.5106740180397725e7)
(1.7 1.5130296367897727e7)
(1.7100000000000002 1.5118518274147728e7)
(1.72 1.5122934774147725e7)
(1.7300000000000006 1.5103793946022727e7)
(1.7399999999999995 1.5121463367897727e7)
(1.7500000000000002 1.5102323680397727e7)
(1.76 1.5128824961647728e7)
(1.7699999999999998 1.5105267633522727e7)
(1.78 1.5125879867897727e7)
(1.7899999999999998 1.5119990821022723e7)
(1.8 1.5127351274147727e7)
(1.8099999999999998 1.5105267633522727e7)
(1.8200000000000005 1.5114102914772728e7)
(1.8299999999999994 1.5115574321022727e7)
(1.84 1.5127351274147727e7)
(1.8499999999999999 1.5100851133522727e7)
(1.86 1.5114100633522728e7)
(1.8699999999999999 1.5105267633522723e7)
(1.8800000000000001 1.5114104055397725e7)
(1.89 1.5109684133522727e7)
(1.8999999999999997 1.5122937055397727e7)
(1.9100000000000004 1.5114100633522728e7)
(1.9200000000000002 1.5127352414772728e7)
(1.93 1.5096433492897725e7)
(1.9400000000000002 1.5119991961647727e7)
(1.95 1.5108211586647725e7)
(1.9600000000000002 1.5121464508522727e7)
(1.97 1.5106740180397725e7)
(1.9800000000000006 1.5121463367897727e7)
(1.9899999999999995 1.5106739039772725e7)
(2.0000000000000004 1.5130297508522727e7)
(2.0100000000000002 1.5121463367897727e7)
(2.02 1.5122935914772728e7)
(2.0300000000000002 1.5112628086647725e7)
(2.04 1.5128823821022728e7)
(2.0500000000000003 1.5122935914772728e7)
(2.06 1.5133242602272728e7)
(2.0700000000000007 1.5124408461647725e7)
(2.0799999999999996 1.5127353555397725e7)
(2.0900000000000003 1.5117046867897721e7)
(2.1 1.5142075602272727e7)
(2.1100000000000003 1.5121463367897727e7)
(2.12 1.5142075602272723e7)
(2.1300000000000003 1.5119991961647727e7)
(2.14 1.5122935914772728e7)
(2.15 1.5127353555397725e7)
(2.1600000000000006 1.5136185414772727e7)
(2.1700000000000004 1.5125882149147725e7)
(2.18 1.5140604196022727e7)
(2.1900000000000004 1.512735127414773e7)
(2.2 1.5139130508522725e7)
(2.2100000000000004 1.5134714008522728e7)
(2.22 1.5155326242897723e7)
(2.230000000000001 1.5130297508522727e7)
(2.2399999999999998 1.5145020696022725e7)
(2.2500000000000004 1.5134714008522728e7)
(2.2600000000000002 1.5149438336647725e7)
(2.27 1.514207560227273e7)
(2.2800000000000002 1.5156797649147727e7)
(2.29 1.5140604196022727e7)
(2.3000000000000003 1.5161216430397728e7)
(2.31 1.5149438336647728e7)
(2.3200000000000007 1.5164160383522728e7)
(2.3299999999999996 1.5164161524147732e7)
(2.3400000000000003 1.5180358399147728e7)
(2.35 1.5159745024147728e7)
(2.3600000000000003 1.517152083664773e7)
(2.37 1.5159743883522728e7)
(2.3800000000000003 1.5181828664772727e7)
(2.39 1.5170050571022725e7)
(2.4 1.519360675852273e7)
(2.4100000000000006 1.5190662805397728e7)
(2.4200000000000004 1.5187717711647727e7)
(2.43 1.5189189117897728e7)
(2.4400000000000004 1.5208329946022727e7)
(2.45 1.5199495805397728e7)
(2.4600000000000004 1.5212747586647727e7)
(2.47 1.5189190258522725e7)
(2.480000000000001 1.5223053133522727e7)
(2.4899999999999998 1.521863777414773e7)
(2.5000000000000004 1.5245136774147727e7)
(2.5100000000000002 1.5228943321022727e7)
(2.52 1.5237776321022727e7)
(2.5300000000000002 1.5234832367897725e7)
(2.54 1.5248083008522727e7)
(2.5500000000000003 1.5248081867897728e7)
(2.56 1.5268695242897728e7)
(2.5700000000000007 1.5253972055397727e7)
(2.5799999999999996 1.5271639196022728e7)
(2.5900000000000003 1.5265751289772723e7)
(2.6 1.5276055696022728e7)
(2.6100000000000003 1.5281945883522725e7)
(2.62 1.5283417289772727e7)
(2.6300000000000003 1.5270167789772727e7)
(2.64 1.5293725117897727e7)
(2.65 1.5277529383522727e7)
(2.6600000000000006 1.5298140477272728e7)
(2.6700000000000004 1.5298142758522728e7)
(2.68 1.5308446024147727e7)
(2.6900000000000004 1.5293725117897727e7)
(2.7 1.5315807617897727e7)
(2.7100000000000004 1.5320224117897723e7)
(2.72 1.5321698946022727e7)
(2.730000000000001 1.5305502071022727e7)
(2.7399999999999998 1.5326114305397727e7)
(2.7500000000000004 1.5342311180397728e7)
(2.7600000000000002 1.5348200227272728e7)
(2.7700000000000005 1.5340838633522727e7)
(2.7800000000000002 1.5352616727272727e7)
(2.79 1.5355559539772727e7)
(2.8000000000000003 1.5368811321022728e7)
(2.81 1.5370285008522725e7)
(2.8200000000000007 1.5365867367897728e7)
(2.8299999999999996 1.5361449727272728e7)
(2.8400000000000003 1.5387952149147727e7)
(2.85 1.5380591696022728e7)
(2.8600000000000003 1.5396786289772723e7)
(2.87 1.5382063102272728e7)
(2.8800000000000003 1.5398257696022727e7)
(2.89 1.5393841196022725e7)
(2.9 1.5411509477272725e7)
(2.9100000000000006 1.541887107102273e7)
(2.9200000000000004 1.5430650305397727e7)
(2.93 1.5426232664772725e7)
(2.940000000000001 1.5438009617897727e7)
(2.95 1.5427705211647728e7)
(2.9600000000000004 1.5440955852272727e7)
(2.97 1.543506680539773e7)
(2.980000000000001 1.5454205352272723e7)
(2.9899999999999998 1.5452733946022727e7)
(3.0000000000000004 1.5451260258522728e7)
(3.0100000000000002 1.5439482164772727e7)
(3.0200000000000005 1.5474817586647728e7)
(3.03 1.544389980539773e7)
(3.04 1.5474818727272727e7)
(3.0500000000000003 1.5467455992897728e7)
(3.06 1.5483651727272725e7)
(3.0700000000000007 1.5461568086647725e7)
(3.0799999999999996 1.5474817586647728e7)
(3.0900000000000003 1.5467457133522728e7)
(3.1 1.548070777414773e7)
(3.1100000000000003 1.5470401086647727e7)
(3.1200000000000006 1.5476290133522727e7)
(3.1300000000000003 1.5465983446022727e7)
(3.14 1.5491014461647727e7)
(3.15 1.5470402227272727e7)
(3.1600000000000006 1.5471873633522728e7)
(3.1700000000000004 1.5457150446022725e7)
(3.18 1.5474818727272727e7)
(3.190000000000001 1.5452735086647725e7)
(3.2 1.5471874774147725e7)
(3.2100000000000004 1.5452732805397728e7)
(3.22 1.5448316305397725e7)
(3.230000000000001 1.5451261399147725e7)
(3.2399999999999998 1.5467455992897728e7)
(3.2500000000000004 1.5451260258522728e7)
(3.2600000000000002 1.5465983446022727e7)
(3.2700000000000005 1.5457150446022725e7)
(3.28 1.5476291274147728e7)
(3.29 1.5464512039772727e7)
(3.3000000000000003 1.5473345039772727e7)
(3.31 1.5463039492897728e7)
(3.3200000000000007 1.5477762680397728e7)
(3.3299999999999996 1.5473346180397728e7)
(3.3400000000000003 1.5485124274147727e7)
(3.35 1.5491013321022725e7)
(3.3600000000000003 1.5489543055397727e7)
(3.3700000000000006 1.5477762680397728e7)
(3.3800000000000003 1.5498376055397727e7)
(3.39 1.5482179180397725e7)
(3.4 1.5517514602272728e7)
(3.4100000000000006 1.5514572930397725e7)
(3.4200000000000004 1.5516043196022727e7)
(3.43 1.5507209055397723e7)
(3.440000000000001 1.5526348742897727e7)
(3.45 1.5518988289772725e7)
(3.4600000000000004 1.553223893039773e7)
(3.47 1.5532238930397727e7)
(3.480000000000001 1.5560211617897728e7)
(3.4899999999999998 1.5561685305397727e7)
(3.5000000000000004 1.5570518305397725e7)
(3.5100000000000002 1.5567573211647723e7)
(3.5200000000000005 1.5579352446022727e7)
(3.53 1.5577878758522725e7)
(3.54 1.5592603086647728e7)
(3.5500000000000003 1.5595549321022725e7)
(3.56 1.5614687867897725e7)
(3.5700000000000007 1.5619105508522727e7)
(3.5799999999999996 1.5622049461647728e7)
(3.5900000000000003 1.5620575774147728e7)
(3.6 1.5638245196022728e7)
(3.6100000000000003 1.5639716602272727e7)
(3.6200000000000006 1.5660329977272728e7)
(3.6300000000000003 1.5652968383522728e7)
(3.64 1.5667691571022727e7)
(3.65 1.5672109211647727e7)
(3.6600000000000006 1.5676523430397727e7)
(3.6700000000000004 1.5666219024147725e7)
(3.68 1.5700083039772727e7)
(3.690000000000001 1.5695664258522727e7)
(3.7 1.5703025852272728e7)
(3.709999999999999 1.569124775852273e7)
(3.7200000000000006 1.5717749039772723e7)
(3.7300000000000004 1.5700080758522727e7)
(3.74 1.5719222727272728e7)
(3.75 1.5726583180397727e7)
(3.7600000000000016 1.573099968039773e7)
(3.7700000000000005 1.5717749039772725e7)
(3.7799999999999994 1.5739833821022728e7)
(3.79 1.5742778914772727e7)
(3.8000000000000007 1.5754557008522728e7)
(3.8100000000000005 1.5748667961647727e7)
(3.8200000000000003 1.5756030696022728e7)
(3.83 1.5750141649147728e7)
(3.84 1.5769280196022728e7)
(3.8499999999999996 1.5757502102272727e7)
(3.8600000000000003 1.5769279055397725e7)
(3.870000000000001 1.575897464914773e7)
(3.88 1.5758973508522728e7)
(3.8900000000000006 1.5761920883522727e7)
(3.9000000000000004 1.5773697836647725e7)
(3.91 1.5775169242897728e7)
(3.92 1.5775169242897728e7)
(3.9300000000000006 1.5775170383522728e7)
(3.9400000000000013 1.5786948477272727e7)
(3.95 1.5781059430397725e7)
(3.959999999999999 1.5775170383522728e7)
(3.9700000000000006 1.5779586883522728e7)
(3.9800000000000004 1.5775169242897728e7)
(3.99 1.5804615617897727e7)
(4. 1.5778114336647727e7)
(4.010000000000002 1.5785474789772725e7)
(4.0200000000000005 1.5776642930397728e7)
(4.029999999999999 1.5785477071022727e7)
(4.04 1.5788421024147727e7)
(4.050000000000001 1.5785477071022728e7)
(4.0600000000000005 1.5773696696022727e7)
(4.07 1.5788419883522727e7)
(4.08 1.5778114336647727e7)
(4.09 1.5779586883522725e7)
(4.1 1.5767807649147727e7)
(4.11 1.5779586883522725e7)
(4.120000000000001 1.5766336242897728e7)
(4.13 1.5763393430397727e7)
(4.140000000000001 1.5761918602272727e7)
(4.15 1.5764862555397728e7)
(4.16 1.5763391149147725e7)
(4.17 1.5763392289772727e7)
(4.180000000000001 1.5758974649147727e7)
(4.190000000000001 1.5756029555397728e7)
(4.2 1.5742778914772727e7)
(4.209999999999999 1.5750140508522728e7)
(4.220000000000001 1.5754558149147728e7)
(4.23 1.5748667961647727e7)
(4.24 1.5739833821022725e7)
(4.25 1.5729528274147725e7)
(4.260000000000002 1.5736889867897727e7)
(4.2700000000000005 1.5745724008522725e7)
(4.279999999999999 1.5713332539772725e7)
(4.29 1.5735418461647727e7)
(4.300000000000001 1.5728054586647728e7)
(4.3100000000000005 1.5728055727272728e7)
(4.32 1.5717750180397727e7)
(4.33 1.5719222727272728e7)
(4.34 1.5710388586647728e7)
(4.35 1.5717749039772728e7)
(4.36 1.5695665399147725e7)
(4.370000000000001 1.5697137946022727e7)
(4.38 1.5689775211647728e7)
(4.390000000000001 1.5695665399147727e7)
(4.4 1.5692720305397727e7)
(4.41 1.5677998258522725e7)
(4.42 1.5663275071022725e7)
(4.430000000000001 1.5667690430397725e7)
(4.440000000000001 1.5676525711647725e7)
(4.45 1.5673579477272725e7)
(4.459999999999999 1.5657384883522727e7)
(4.470000000000001 1.5654439789772728e7)
(4.48 1.5650022149147727e7)
(4.49 1.5651496977272727e7)
(4.5 1.5645605649147728e7)
(4.510000000000002 1.5644134242897727e7)
(4.5200000000000005 1.5629411055397727e7)
(4.529999999999999 1.5626465961647725e7)
(4.54 1.5614687867897725e7)
(4.550000000000001 1.5632355008522728e7)
(4.5600000000000005 1.5607326274147727e7)
(4.57 1.5611741633522728e7)
(4.58 1.5586714039772728e7)
(4.59 1.5589657992897727e7)
(4.6 1.5570519446022727e7)
(4.61 1.5582296399147728e7)
(4.620000000000001 1.5577881039772727e7)
(4.63 1.5561684164772727e7)
(4.640000000000001 1.5549906071022725e7)
(4.65 1.5541071930397727e7)
(4.66 1.5535182883522728e7)
(4.67 1.5533710336647727e7)
(4.680000000000001 1.5517515742897725e7)
(4.690000000000001 1.5510154149147727e7)
(4.7 1.5496902367897725e7)
(4.709999999999999 1.5492487008522727e7)
(4.720000000000001 1.548070777414773e7)
(4.73 1.5460094399147727e7)
(4.74 1.5433594258522727e7)
(4.75 1.5421815024147728e7)
(4.760000000000002 1.5402674196022727e7)
(4.7700000000000005 1.5401201649147732e7)
(4.779999999999999 1.5365868508522727e7)
(4.79 1.5355561821022725e7)
(4.800000000000001 1.5336422133522725e7)
(4.8100000000000005 1.5315807617897727e7)
(4.82 1.5271638055397725e7)
(4.83 1.5270166649147725e7)
(4.84 1.5253972055397727e7)
(4.85 1.5224525680397725e7)
(4.86 1.519360675852273e7)
(4.870000000000001 1.5171521977272727e7)
(4.88 1.5130297508522723e7)
(4.890000000000001 1.5112629227272728e7)
(4.9 1.5089074180397727e7)
(4.91 1.5074350992897725e7)
(4.92 1.5025762649147728e7)
(4.930000000000001 1.5011041742897725e7)
(4.940000000000001 1.4963925946022725e7)
(4.95 1.4937424664772728e7)
(4.959999999999999 1.4893256242897728e7)
(4.970000000000001 1.4852030633522727e7)
(4.98 1.4813751258522727e7)
(4.99 1.4769581696022725e7)
(5. 1.4695965758522727e7)
(5.010000000000002 1.4647380836647727e7)
(5.0200000000000005 1.4532539289772725e7)
(5.029999999999999 1.4482479539772725e7)
(5.04 1.4389723914772727e7)
(5.050000000000001 1.4327887211647727e7)
(5.0600000000000005 1.4217465586647727e7)
(5.07 1.4158571696022728e7)
(5.08 1.4058454477272725e7)
(5.09 1.3989256180397728e7)
(5.1 1.3878833414772727e7)
(5.11 1.3811106524147727e7)
(5.120000000000001 1.3710989305397725e7)
(5.13 1.3638844774147725e7)
(5.140000000000001 1.3560813477272725e7)
(5.15 1.3465113899147727e7)
(5.16 1.3353217446022727e7)
(5.17 1.3269294821022727e7)
(5.180000000000001 1.3161818289772725e7)
(5.190000000000001 1.3110285992897725e7)
(5.2 1.299250049289773e7)
(5.209999999999999 1.2927718696022728e7)
(5.220000000000001 1.2801100196022725e7)
(5.23 1.2751042727272727e7)
(5.24 1.2631785821022725e7)
(5.25 1.2562587524147725e7)
(5.260000000000002 1.2468359352272727e7)
(5.2700000000000005 1.2378547680397725e7)
(5.279999999999999 1.2262235867897727e7)
(5.29 1.2206288211647728e7)
(5.300000000000001 1.2109114946022727e7)
(5.3100000000000005 1.2026667149147725e7)
(5.32 1.1908881649147728e7)
(5.33 1.1852932852272727e7)
(5.34 1.1761649774147728e7)
(5.35 1.1676255742897727e7)
(5.36 1.1565832977272727e7)
(5.370000000000001 1.1502523727272727e7)
(5.38 1.1396516321022728e7)
(5.390000000000001 1.1330263117897727e7)
(5.4 1.1222784305397727e7)
(5.41 1.1152114602272728e7)
(5.42 1.1059357836647725e7)
(5.430000000000001 1.0982796805397728e7)
(5.440000000000001 1.0882679586647727e7)
(5.45 1.0816426383522728e7)
(5.459999999999999 1.0729560946022727e7)
(5.470000000000001 1.0650054821022727e7)
(5.48 1.0552882696022727e7)
(5.49 1.0482211852272727e7)
(5.5 1.0379150680397728e7)
(5.510000000000002 1.0309951242897728e7)
(5.5200000000000005 1.0217195617897727e7)
(5.529999999999999 1.0145052227272725e7)
(5.54 1.0044933867897725e7)
(5.550000000000001 9.975736711647725e6)
(5.5600000000000005 9.887397586647727e6)
(5.57 9.832922477272727e6)
(5.58 9.721027164772727e6)
(5.59 9.645937539772727e6)
(5.6 9.526682914772725e6)
(5.61 9.479568258522727e6)
(5.620000000000001 9.401535821022728e6)
(5.63 9.332336383522727e6)
(5.640000000000001 9.239581899147727e6)
(5.65 9.177744055397727e6)
(5.66 9.076154289772728e6)
(5.67 9.009901086647725e6)
(5.680000000000001 8.902422274147727e6)
(5.690000000000001 8.861197805397727e6)
(5.7 8.765497086647727e6)
(5.709999999999999 8.700714149147725e6)
(5.720000000000001 8.618266352272727e6)
(5.73 8.532871180397727e6)
(5.74 8.462200336647728e6)
(5.75 8.409197774147727e6)
(5.760000000000002 8.3120245085227275e6)
(5.7700000000000005 8.253130617897728e6)
(5.779999999999999 8.147126633522726e6)
(5.79 8.110318664772727e6)
(5.800000000000001 8.026397180397727e6)
(5.8100000000000005 7.9586714303977275e6)
(5.82 7.877695039772727e6)
(5.83 7.815854914772727e6)
(5.840000000000001 7.728990617897728e6)
(5.85 7.675986914772726e6)
(5.86 7.569980649147726e6)
(5.870000000000001 7.533172680397727e6)
(5.88 7.453668836647727e6)
(5.890000000000001 7.415387180397727e6)
(5.9 7.309382055397726e6)
(5.91 7.272574086647726e6)
(5.92 7.165095274147726e6)
(5.930000000000001 7.125343352272727e6)
(5.940000000000001 7.031115180397726e6)
(5.95 7.007557852272727e6)
(5.959999999999999 6.9059669460227275e6)
(5.970000000000001 6.8691612585227275e6)
(5.98 6.782294680397727e6)
(5.99 6.7454867116477275e6)
(6. 6.6615663678977275e6)
(6.010000000000002 6.6056175710227275e6)
(6.0200000000000005 6.5437797272727275e6)
(6.029999999999999 6.4951948053977275e6)
(6.04 6.400965492897727e6)
(6.050000000000001 6.3729905241477275e6)
(6.0600000000000005 6.287597633522727e6)
(6.07 6.2522610710227275e6)
(6.08 6.1668681803977275e6)
(6.090000000000001 6.1315316178977275e6)
(6.1 6.032886946022728e6)
(6.109999999999999 6.0240539460227275e6)
(6.120000000000001 5.9460215085227275e6)
(6.13 5.906269586647727e6)
(6.140000000000001 5.8341261960227275e6)
(6.15 5.791428039772728e6)
(6.16 5.701616367897727e6)
(6.17 5.676588774147727e6)
(6.1800000000000015 5.601500289772727e6)
(6.190000000000001 5.5676374147727275e6)
(6.2 5.4675213366477275e6)
(6.209999999999999 5.4616322897727275e6)
(6.220000000000001 5.390960305397728e6)
(6.23 5.3482621491477275e6)
(6.24 5.277591305397727e6)
(6.25 5.262870399147727e6)
(6.260000000000002 5.1686422272727275e6)
(6.2700000000000005 5.164223446022728e6)
(6.279999999999999 5.059689727272727e6)
(6.290000000000001 5.064107367897728e6)
(6.300000000000001 4.969879196022728e6)
(6.3100000000000005 4.9580999616477275e6)
(6.32 4.875651024147727e6)
(6.33 4.8579838835227275e6)
(6.340000000000001 4.7902569928977275e6)
(6.35 4.781423992897727e6)
(6.359999999999999 4.676889133522728e6)
(6.370000000000001 4.6813079147727275e6)
(6.38 4.610635930397728e6)
(6.390000000000001 4.579718149147727e6)
(6.4 4.5061010710227275e6)
(6.41 4.4987406178977275e6)
(6.42 4.4177630866477275e6)
(6.4300000000000015 4.4074563991477275e6)
(6.440000000000001 4.335313008522727e6)
(6.45 4.320589821022728e6)
(6.459999999999999 4.2513915241477275e6)
(6.470000000000001 4.233724383522727e6)
(6.48 4.1718865397727266e6)
(6.49 4.130662071022728e6)
(6.5 4.082076008522727e6)
(6.510000000000002 4.051157086647728e6)
(6.5200000000000005 4.0055149772727275e6)
(6.529999999999999 3.9790148366477275e6)
(6.540000000000001 3.930427633522728e6)
(6.550000000000001 3.9039263522727275e6)
(6.5600000000000005 3.840615961647728e6)
(6.57 3.8244213678977266e6)
(6.58 3.765530899147727e6)
(6.590000000000001 3.749334024147727e6)
(6.6 3.681608274147728e6)
(6.609999999999999 3.672774133522727e6)
(6.620000000000001 3.6079934772727275e6)
(6.63 3.5917966022727275e6)
(6.640000000000001 3.5358500866477275e6)
(6.65 3.5240708522727266e6)
(6.66 3.440148227272728e6)
(6.67 3.4475098210227275e6)
(6.6800000000000015 3.384199430397728e6)
(6.690000000000001 3.363588336647727e6)
(6.7 3.304695586647727e6)
(6.709999999999999 3.303221899147727e6)
(6.720000000000001 3.254635836647727e6)
(6.73 3.241386336647728e6)
(6.74 3.155992305397727e6)
(6.75 3.1545197585227275e6)
(6.760000000000002 3.083848914772728e6)
(6.7700000000000005 3.0941544616477275e6)
(6.779999999999999 3.0161231647727275e6)
(6.790000000000001 3.0161231647727275e6)
(6.800000000000001 2.9645908678977275e6)
(6.8100000000000005 2.955759008522727e6)
(6.82 2.880669383522727e6)
(6.83 2.8836144772727275e6)
(6.840000000000001 2.836500961647727e6)
(6.85 2.829139367897727e6)
(6.859999999999999 2.7614124772727275e6)
(6.870000000000001 2.762886164772727e6)
(6.88 2.6981032272727275e6)
(6.890000000000001 2.6892702272727275e6)
(6.9 2.6377379303977275e6)
(6.91 2.6333225710227275e6)
(6.92 2.574428680397727e6)
(6.9300000000000015 2.570011039772728e6)
(6.940000000000001 2.515535930397727e6)
(6.95 2.5184810241477275e6)
(6.959999999999999 2.465479602272727e6)
(6.970000000000001 2.4654784616477275e6)
(6.98 2.3933350710227266e6)
(6.99 2.405113164772727e6)
(7. 2.3447478678977275e6)
(7.010000000000002 2.3344423210227275e6)
(7.0200000000000005 2.284383711647727e6)
(7.029999999999999 2.282911164772728e6)
(7.040000000000001 2.212242602272727e6)
(7.050000000000001 2.2210744616477275e6)
(7.0600000000000005 2.1665993522727275e6)
(7.07 2.1710158522727275e6)
(7.08 2.097399914772727e6)
(7.090000000000001 2.1224309303977275e6)
(7.1 2.0517612272727273e6)
(7.109999999999999 2.0694283678977273e6)
(7.120000000000001 1.9958101491477273e6)
(7.13 2.0105344772727268e6)
(7.140000000000001 1.9575307741477273e6)
(7.15 1.967838602272727e6)
(7.16 1.8912764303977273e6)
(7.17 1.9030568053977275e6)
(7.1800000000000015 1.851524508522727e6)
(7.190000000000001 1.8588849616477278e6)
(7.2 1.7867438522727275e6)
(7.209999999999999 1.801467039772727e6)
(7.220000000000001 1.7411006022727275e6)
(7.23 1.739629196022727e6)
(7.24 1.6689583522727273e6)
(7.25 1.6792638991477273e6)
(7.260000000000002 1.6056479616477275e6)
(7.2700000000000005 1.5997611960227273e6)
(7.279999999999999 1.5364496647727275e6)
(7.290000000000001 1.5335068522727275e6)
(7.300000000000001 1.4746129616477273e6)
(7.3100000000000005 1.4805020085227273e6)
(7.32 1.3936365710227273e6)
(7.33 1.4171927585227273e6)
(7.340000000000001 1.3288547741477275e6)
(7.35 1.3627165085227273e6)
(7.359999999999999 1.2758522116477273e6)
(7.370000000000001 1.2979358522727275e6)
(7.38 1.2081241803977273e6)
(7.390000000000001 1.224319914772727e6)
(7.4 1.1683722585227275e6)
(7.41 1.1757338522727275e6)
(7.42 1.1006453678977273e6)
(7.4300000000000015 1.1138960085227273e6)
(7.440000000000001 1.0520604460227273e6)
(7.45 1.0608945866477273e6)
(7.459999999999999 990223.7428977274)
(7.470000000000001 1.0255580241477273e6)
(7.48 947524.4460227272)
(7.49 971082.9147727273)
(7.5 893048.1960227273)
(7.510000000000002 921022.0241477275)
(7.5200000000000005 838575.3678977272)
(7.529999999999999 865076.6491477273)
(7.540000000000001 797349.7585227272)
(7.550000000000001 812074.0866477272)
(7.5600000000000005 751708.7897727273)
(7.57 769377.0710227273)
(7.58 704595.2741477273)
(7.590000000000001 722263.5553977273)
(7.6 658954.3053977273)
(7.609999999999999 683981.8991477271)
(7.620000000000001 607422.0085227273)
(7.630000000000001 638339.7897727272)
(7.640000000000001 566196.3991477273)
(7.65 604476.9147727272)
(7.66 522027.9772727273)
(7.67 536750.0241477273)
(7.6800000000000015 494055.28977272735)
(7.690000000000001 511722.43039772724)
(7.7 457247.32102272724)
(7.71 498470.64914772724)
(7.719999999999998 417493.11789772724)
(7.7299999999999995 454302.2272727273)
(7.740000000000001 398352.2897727273)
(7.749999999999999 430743.7585227273)
(7.760000000000001 358600.3678977273)
(7.7700000000000005 390991.83664772724)
(7.78 343877.1803977273)
(7.790000000000002 383631.38352272735)
(7.8 337989.27414772735)
(7.81 355655.2741477273)
(7.820000000000003 307070.3522727273)
(7.830000000000001 346822.2741477273)
(7.840000000000001 299708.7585227273)
(7.8500000000000005 315905.6335227273)
(7.8599999999999985 259956.83664772735)
(7.87 310015.44602272735)
(7.88 246705.05539772732)
(7.89 283514.1647727273)
(7.900000000000001 233454.4147727273)
(7.910000000000001 284986.7116477273)
(7.920000000000001 231984.14914772732)
(7.930000000000002 264373.3366477273)
(7.94 211369.6335227273)
(7.95 251121.5553977273)
(7.96 186340.8991477273)
(7.969999999999998 231981.8678977273)
(7.9799999999999995 165729.8053977273)
(7.990000000000001 217259.82102272732)
(7.999999999999999 158365.93039772735)
(8.01 218732.3678977273)
(8.02 148060.3835227273)
(8.03 198120.1335227273)
(8.040000000000001 137753.6960227273)
(8.049999999999999 170145.16477272732)
(8.059999999999999 118615.1491477273)
(8.070000000000002 170145.16477272732)
(8.08 117142.6022727273)
(8.09 164257.2585227273)
(8.1 117142.6022727273)
(8.109999999999998 149532.93039772726)
(8.12 100000.)
(8.129999999999999 134808.60227272732)
(8.139999999999999 106835.91477272731)
(8.15 118614.0085227273)
(8.16 100000.)
(8.17 120087.69602272731)
(8.180000000000001 100000.)
(8.19 111253.5553977273)
(8.2 100000.)
(8.209999999999999 109781.00852272731)
(8.219999999999997 100000.)
(8.229999999999999 103891.9616477273)
(8.24 100000.)
(8.249999999999998 100000.)
(8.26 100000.)
(8.27 100946.86789772731)
(8.28 100000.)
(8.290000000000001 100000.)
(8.299999999999999 100000.)
(8.309999999999999 100000.)
(8.320000000000002 100000.)
(8.33 100000.)
(8.34 100000.)
(8.35 100000.)
(8.359999999999998 100000.)
(8.37 100000.)
(8.379999999999999 100000.)
(8.389999999999999 100000.)
(8.4 100000.)
(8.41 100000.)
(8.42 100000.)
(8.430000000000001 100000.)
(8.44 100000.)
(8.45 100000.)
(8.459999999999999 100000.)
(8.469999999999997 100000.)
(8.479999999999999 100000.)
(8.49 100000.)
(8.499999999999998 100000.)
(8.51 100000.)
(8.52 100000.)
(8.53 100000.)
(8.540000000000001 100000.)
(8.549999999999999 100000.)
(8.559999999999999 100000.)
(8.570000000000002 100000.)
(8.58 100000.)
(8.59 100000.)
(8.6 100000.)
(8.609999999999998 100000.)
(8.62 100000.)
(8.629999999999999 100000.)
(8.639999999999999 100000.)
(8.65 100000.)
(8.66 100000.)
(8.67 100000.)
(8.680000000000001 100000.)
(8.69 100000.)
(8.7 100000.)
(8.709999999999999 100000.)
(8.719999999999997 100000.)
(8.729999999999999 100000.)
(8.74 100000.)
(8.749999999999998 100000.)
(8.76 100000.)
(8.77 100000.)
(8.78 100000.)
(8.790000000000001 100000.)
(8.799999999999999 100000.)
(8.809999999999999 100000.)
(8.820000000000002 100000.)
(8.83 100000.)
(8.84 100000.)
(8.85 100000.)
(8.859999999999998 100000.)
(8.87 100000.)
(8.879999999999999 100000.)
(8.889999999999999 100000.)
(8.9 100000.)
(8.91 100000.)
(8.92 100000.)
(8.930000000000001 100000.)
(8.94 100000.)
(8.95 100000.)
(8.959999999999999 100000.)
(8.969999999999997 100000.)
(8.979999999999999 100000.)
(8.99 100000.)
(8.999999999999998 100000.)
(9.01 100000.)
(9.02 100000.)
(9.03 100000.)
(9.040000000000001 100000.)
(9.049999999999999 100000.)
(9.059999999999999 100000.)
(9.070000000000002 100000.)
(9.08 100000.)
(9.09 100000.)
(9.1 100000.)
(9.109999999999998 100000.)
(9.12 100000.)
(9.129999999999999 100000.)
(9.139999999999999 100000.)
(9.15 100000.)
(9.16 100000.)
(9.17 100000.)
(9.180000000000001 100000.)
(9.19 100000.)
(9.2 100000.)
(9.209999999999999 100000.)
(9.219999999999997 100000.)
(9.229999999999999 100000.)
(9.24 100000.)
(9.249999999999998 100000.)
(9.26 100000.)
(9.27 100000.)
(9.28 100000.)
(9.290000000000001 100000.)
(9.299999999999999 100000.)
(9.309999999999999 100000.)
(9.320000000000002 100000.)
(9.33 100000.)
(9.34 100000.)
(9.35 100000.)
(9.359999999999998 100000.)
(9.37 100000.)
(9.379999999999999 100000.)
(9.389999999999999 100000.)
(9.4 100000.)
(9.41 100000.)
(9.42 100000.)
(9.430000000000001 100000.)
(9.44 100000.)
(9.45 100000.)
(9.459999999999999 100000.)
(9.469999999999997 100000.)
(9.479999999999999 100000.)
(9.49 100000.)
(9.499999999999998 100000.)
(9.51 100000.)
(9.52 100000.)
(9.53 100000.)
(9.540000000000001 100000.)
(9.549999999999999 100000.)
(9.559999999999999 100000.)
(9.570000000000002 100000.)
(9.58 100000.)
(9.59 100000.)
(9.6 100000.)
(9.609999999999998 100000.)
(9.62 100000.)
(9.629999999999999 100000.)
(9.639999999999999 100000.)
(9.65 100000.)
(9.66 100000.)
(9.67 100000.)
(9.680000000000001 100000.)
(9.69 100000.)
(9.7 100000.)
(9.709999999999999 100000.)
(9.719999999999997 100000.)
(9.729999999999999 100000.)
(9.74 100000.)
(9.749999999999998 100000.)
(9.76 100000.)
(9.77 100000.)
(9.78 100000.)
(9.790000000000001 100000.)
(9.799999999999999 100000.)
(9.809999999999999 100000.)
(9.820000000000002 100000.)
(9.83 100000.)
(9.84 100000.)
(9.85 100000.)
(9.859999999999998 100000.)
(9.87 100000.)
(9.879999999999999 100000.)
(9.889999999999999 100000.)
(9.9 100000.)
(9.91 100000.)
(9.92 100000.)
(9.930000000000001 100000.)
(9.94 100000.)
(9.95 100000.)
(9.959999999999999 100000.)
(9.969999999999997 100000.)
(9.979999999999999 100000.)
(9.99 100000.)
(9.999999999999998 100000.)
(10.01 100000.)
(10.02 100000.)
(10.03 100000.)
(10.040000000000001 100000.)
(10.049999999999999 100000.)
(10.059999999999999 100000.)
(10.070000000000002 100000.)
(10.08 100000.)
(10.09 100000.)
(10.1 100000.)
(10.109999999999998 100000.)
(10.12 100000.)
(10.129999999999999 100000.)
(10.139999999999999 100000.)
(10.15 100000.)
(10.16 100000.)
(10.17 100000.)
(10.180000000000001 100000.)
(10.19 100000.)
(10.2 100000.)
(10.209999999999999 100000.)
(10.219999999999997 100000.)
(10.229999999999999 100000.)
(10.24 100000.)
(10.249999999999998 100000.)
(10.26 100000.)
(10.27 100000.)
(10.28 100000.)
(10.290000000000001 100000.)
(10.299999999999999 100000.)
(10.309999999999999 100000.)
(10.320000000000002 100000.)
(10.33 100000.)
(10.34 100000.)
(10.35 100000.)
(10.359999999999998 100000.)
(10.37 100000.)
(10.379999999999999 100000.)
(10.389999999999999 100000.)
(10.4 100000.)
(10.41 100000.)
(10.42 100000.)
(10.430000000000001 100000.)
(10.44 100000.)
(10.45 100000.)
(10.459999999999999 100000.)
(10.469999999999997 100000.)
(10.479999999999999 100000.)
(10.49 100000.)
(10.499999999999998 100000.)
(10.51 100000.)
(10.52 100000.)
(10.53 100000.)
(10.540000000000001 100000.)
(10.549999999999999 100000.)
(10.559999999999999 100000.)
(10.570000000000002 100000.)
(10.58 100000.)
(10.59 100000.)
(10.6 100000.)
(10.609999999999998 100000.)
(10.62 100000.)
(10.629999999999999 100000.)
(10.639999999999999 100000.)
(10.65 100000.)
(10.66 100000.)
(10.67 100000.)
(10.680000000000001 100000.)
(10.69 100000.)
(10.7 100000.))