((0. 176736.239375)
(0.010000000000000009 449114.06749999995)
(0.020000000000000018 749464.583125)
(0.030000000000000027 1.1028199425000001e6)
(0.03999999999999998 1.6019334893750001e6)
(0.04999999999999999 2.25711191125e6)
(0.06 3.1007455362500004e6)
(0.07 4.283011333125e6)
(0.08000000000000002 5.10308763e6)
(0.09000000000000002 6.26621488e6)
(0.10000000000000003 7.304193895625e6)
(0.10999999999999993 8.589519723749997e6)
(0.12000000000000005 1.0638977614374997e7)
(0.12999999999999995 1.2868055426874997e7)
(0.14000000000000007 1.9926315926875e7)
(0.14999999999999997 2.9140036020625e7)
(0.1600000000000001 3.5705072020625e7)
(0.16999999999999998 4.043855284875e7)
(0.18 4.355396016125e7)
(0.19 4.685635697375e7)
(0.2 4.848620288e7)
(0.21000000000000002 4.9765643083125e7)
(0.22000000000000003 5.0785952676874995e7)
(0.22999999999999998 5.141757491125e7)
(0.24000000000000005 5.186073966125001e7)
(0.25 5.215372972375e7)
(0.2599999999999999 5.2284767005e7)
(0.27 5.242610641125e7)
(0.28000000000000014 5.245702647375e7)
(0.29000000000000004 5.2510030176875e7)
(0.29999999999999993 5.248941680187501e7)
(0.31000000000000005 5.2530641270625e7)
(0.3200000000000002 5.249677953625e7)
(0.32999999999999996 5.2520334583125e7)
(0.33999999999999997 5.248647284875001e7)
(0.35 5.2505611395625e7)
(0.36 5.244966488000001e7)
(0.37 5.246585947375e7)
(0.38 5.2426108692499995e7)
(0.39 5.242463614562501e7)
(0.4 5.2399606270624995e7)
(0.41000000000000003 5.2395189770625e7)
(0.42000000000000004 5.236427313000001e7)
(0.43000000000000005 5.238193913e7)
(0.44000000000000006 5.233629816125001e7)
(0.45000000000000007 5.2339242114374995e7)
(0.45999999999999996 5.2299490192499995e7)
(0.46999999999999986 5.2311267145625e7)
(0.48 5.2272987770625e7)
(0.4900000000000001 5.2272988911249995e7)
(0.5 5.2237652348749995e7)
(0.5099999999999999 5.2259735989375e7)
(0.52 5.221851266125e7)
(0.5300000000000001 5.222145661437501e7)
(0.54 5.2180232145625e7)
(0.5499999999999999 5.219348278625001e7)
(0.5600000000000002 5.2150788051874995e7)
(0.5700000000000002 5.2158147364374995e7)
(0.5800000000000001 5.2122810801875e7)
(0.59 5.2147841817499995e7)
(0.6 5.209778434875e7)
(0.61 5.2112505255e7)
(0.62 5.206097409875e7)
(0.63 5.2087477661249995e7)
(0.64 5.2053613645625e7)
(0.65 5.206244550500001e7)
(0.66 5.2033000270625e7)
(0.67 5.2041835551874995e7)
(0.68 5.200208363e7)
(0.6900000000000001 5.2012389176875e7)
(0.7000000000000001 5.197410866125e7)
(0.71 5.1984414208125e7)
(0.7199999999999999 5.195202388e7)
(0.7300000000000001 5.196232828625e7)
(0.7400000000000001 5.1922577505e7)
(0.75 5.193582814562501e7)
(0.76 5.1906381770625e7)
(0.7699999999999998 5.191227081750001e7)
(0.78 5.1873993723749995e7)
(0.79 5.1888714629999995e7)
(0.8 5.1850434114374995e7)
(0.8100000000000003 5.1853379208125e7)
(0.8200000000000001 5.184159997375e7)
(0.8300000000000001 5.1841601114375e7)
(0.8400000000000001 5.181657009875e7)
(0.8499999999999999 5.182098888000001e7)
(0.8600000000000001 5.1775347911249995e7)
(0.8700000000000001 5.1809208504999995e7)
(0.8800000000000001 5.1770927989374995e7)
(0.8900000000000003 5.178270836437501e7)
(0.9000000000000001 5.174590039562501e7)
(0.9099999999999999 5.1753261989375e7)
(0.9199999999999999 5.1695841786249995e7)
(0.9299999999999999 5.174001020812501e7)
(0.9399999999999997 5.170173197375e7)
(0.95 5.171645516125e7)
(0.96 5.1663451458125e7)
(0.97 5.1691423005e7)
(0.9800000000000002 5.1669339364375e7)
(0.99 5.168111859875e7)
(1. 5.1628116036249995e7)
(1.01 5.1654616176875e7)
(1.0199999999999998 5.161339170812501e7)
(1.03 5.162664463e7)
(1.04 5.1589835520625e7)
(1.05 5.1604558708125e7)
(1.0600000000000003 5.15706946925e7)
(1.07 5.158541788000001e7)
(1.08 5.154860991125e7)
(1.09 5.155597150500001e7)
(1.0999999999999999 5.15368318175e7)
(1.11 5.1535360411249995e7)
(1.12 5.150002498937501e7)
(1.1300000000000001 5.1520636083124995e7)
(1.1400000000000003 5.149266225500001e7)
(1.1500000000000001 5.150149525500001e7)
(1.16 5.145879938e7)
(1.17 5.1482356708125e7)
(1.18 5.143524205187501e7)
(1.1899999999999997 5.145879938e7)
(1.2 5.141610350500001e7)
(1.21 5.1432296958125e7)
(1.22 5.1392546176874995e7)
(1.2300000000000002 5.140874191125001e7)
(1.24 5.1380768083125e7)
(1.25 5.140285286437501e7)
(1.26 5.134690520812501e7)
(1.2699999999999998 5.1357209614375e7)
(1.28 5.1326291833124995e7)
(1.29 5.133954247375e7)
(1.3 5.130126423937501e7)
(1.3100000000000003 5.1299790551875e7)
(1.32 5.1286541051875e7)
(1.33 5.130567959875e7)
(1.34 5.12791783175e7)
(1.3499999999999999 5.1277705770624995e7)
(1.36 5.1249731942499995e7)
(1.3700000000000003 5.1251203348749995e7)
(1.3800000000000001 5.1232064801874995e7)
(1.3900000000000003 5.124089780187501e7)
(1.4000000000000001 5.1201147020625e7)
(1.4100000000000001 5.12158690675e7)
(1.42 5.1177588551875e7)
(1.43 5.119525683312501e7)
(1.4399999999999997 5.11613928175e7)
(1.45 5.117611486437501e7)
(1.4600000000000002 5.1137836629999995e7)
(1.47 5.113930803625e7)
(1.4800000000000002 5.1105446301875e7)
(1.49 5.113194644250001e7)
(1.5 5.1084834067499995e7)
(1.51 5.110250006750001e7)
(1.5199999999999998 5.1062748145625e7)
(1.53 5.107158228625e7)
(1.5399999999999998 5.104655241125e7)
(1.55 5.1056859098749995e7)
(1.5600000000000003 5.1021521395624995e7)
(1.57 5.102741272375e7)
(1.58 5.099943775500001e7)
(1.59 5.1018577442499995e7)
(1.5999999999999999 5.098471684875e7)
(1.61 5.098471570812501e7)
(1.6200000000000003 5.0955269333125e7)
(1.6300000000000001 5.09758815675e7)
(1.6400000000000003 5.094054614562501e7)
(1.6500000000000001 5.094938028625e7)
(1.6600000000000001 5.092287786437501e7)
(1.67 5.0924351551875e7)
(1.68 5.088754472375e7)
(1.6899999999999997 5.09125723175e7)
(1.7 5.08742929425e7)
(1.7100000000000002 5.0877236895624995e7)
(1.72 5.0852207020625e7)
(1.7300000000000002 5.085662352062501e7)
(1.74 5.0821289239374995e7)
(1.75 5.083895638e7)
(1.7600000000000002 5.0813926505e7)
(1.77 5.080803859875e7)
(1.7800000000000007 5.078889891125e7)
(1.7899999999999996 5.0797730770624995e7)
(1.8000000000000003 5.07565074425e7)
(1.81 5.07520909425e7)
(1.8199999999999998 5.073000616125e7)
(1.83 5.073736775500001e7)
(1.8399999999999999 5.0702032333124995e7)
(1.85 5.072411597375001e7)
(1.8599999999999999 5.0669643145625e7)
(1.8700000000000006 5.0679947551874995e7)
(1.8799999999999994 5.064902863e7)
(1.8900000000000001 5.0651973723749995e7)
(1.9 5.061222066125e7)
(1.9100000000000001 5.062105480187501e7)
(1.92 5.058719078625e7)
(1.9300000000000002 5.0598970020625e7)
(1.94 5.055774441125e7)
(1.9499999999999997 5.055480045812501e7)
(1.9600000000000004 5.052535522375e7)
(1.9700000000000002 5.0523882676874995e7)
(1.98 5.0485603301874995e7)
(1.9900000000000002 5.047824056750001e7)
(2. 5.0450266739375e7)
(2.0100000000000002 5.045026788e7)
(2.02 5.042671055187501e7)
(2.0300000000000007 5.04105148175e7)
(2.0399999999999996 5.0388428895624995e7)
(2.0500000000000003 5.037517939562501e7)
(2.06 5.036340016125e7)
(2.07 5.0347204426875e7)
(2.08 5.029420300500001e7)
(2.09 5.0292729317499995e7)
(2.1 5.0261811536249995e7)
(2.11 5.026475548937501e7)
(2.1200000000000006 5.021764197375e7)
(2.1299999999999994 5.0207334145625e7)
(2.14 5.01793603175e7)
(2.15 5.0185249364374995e7)
(2.16 5.0126358895625e7)
(2.17 5.010280156750001e7)
(2.18 5.0086605833125e7)
(2.19 5.0086605833124995e7)
(2.1999999999999997 5.00350758175e7)
(2.2100000000000004 5.000415575500001e7)
(2.22 4.9995322754999995e7)
(2.23 4.99761830675e7)
(2.24 4.993054095812501e7)
(2.25 4.9914346364375e7)
(2.2600000000000002 4.987606470812501e7)
(2.27 4.9859870114375e7)
(2.2800000000000007 4.9803922458125e7)
(2.2899999999999996 4.981275659875001e7)
(2.3000000000000003 4.977300353625e7)
(2.31 4.9750919895624995e7)
(2.32 4.9700860145625e7)
(2.33 4.9674360005e7)
(2.34 4.9639024583124995e7)
(2.35 4.9622828848749995e7)
(2.36 4.958160438000001e7)
(2.3700000000000006 4.9556573364375e7)
(2.3799999999999994 4.950504448937501e7)
(2.39 4.94829585675e7)
(2.4 4.9437316458124995e7)
(2.41 4.9401979895624995e7)
(2.42 4.9365173067499995e7)
(2.43 4.935339611437501e7)
(2.44 4.92974473175e7)
(2.4499999999999997 4.928419553625e7)
(2.4600000000000004 4.921352469250002e7)
(2.47 4.9201746598749995e7)
(2.48 4.9150214301875e7)
(2.49 4.913843734875e7)
(2.5 4.9075126958125e7)
(2.5100000000000002 4.9054515864375e7)
(2.52 4.90029835675e7)
(2.5300000000000007 4.8980899926875e7)
(2.5399999999999996 4.8927897364374995e7)
(2.5500000000000003 4.8896977301875e7)
(2.56 4.8841029645625e7)
(2.57 4.8823362505e7)
(2.58 4.877183248937501e7)
(2.59 4.874680261437501e7)
(2.6 4.8679076864374995e7)
(2.61 4.864815680187501e7)
(2.6200000000000006 4.8601044426875e7)
(2.6299999999999994 4.8573071739375e7)
(2.64 4.852301084875e7)
(2.65 4.846559178625001e7)
(2.66 4.8433199176875e7)
(2.67 4.8400809989375e7)
(2.68 4.835222278625001e7)
(2.69 4.8328665458124995e7)
(2.6999999999999997 4.8259469442499995e7)
(2.7100000000000004 4.8228550520625e7)
(2.72 4.817407313000001e7)
(2.73 4.8141682801875e7)
(2.74 4.8084263739375e7)
(2.75 4.806512291125001e7)
(2.7600000000000002 4.798856302062501e7)
(2.77 4.795175505187501e7)
(2.7800000000000007 4.790905803625002e7)
(2.7899999999999996 4.78928634425e7)
(2.8000000000000003 4.78089408175e7)
(2.81 4.7776550489375e7)
(2.8200000000000003 4.7732380926875e7)
(2.83 4.7705879645625e7)
(2.84 4.763226256750001e7)
(2.85 4.7617540520625e7)
(2.86 4.7546868536249995e7)
(2.8700000000000006 4.7527729989374995e7)
(2.8799999999999994 4.74555843175e7)
(2.89 4.742319513e7)
(2.9 4.7365774926875e7)
(2.91 4.732602186437501e7)
(2.92 4.726124234875e7)
(2.93 4.7243572926875e7)
(2.94 4.7178792270624995e7)
(2.9499999999999997 4.7152290989374995e7)
(2.9600000000000004 4.70963421925e7)
(2.97 4.7038921989375e7)
(2.98 4.6991807333125e7)
(2.9900000000000007 4.6963833505e7)
(3. 4.6891691255e7)
(3.0100000000000002 4.685046678625e7)
(3.02 4.6810713723749995e7)
(3.0300000000000007 4.6770962942499995e7)
(3.0399999999999996 4.670618000500002e7)
(3.0500000000000003 4.6660537895625e7)
(3.06 4.660606164562501e7)
(3.0700000000000003 4.658692309875e7)
(3.0799999999999996 4.651625111437501e7)
(3.09 4.64764991925e7)
(3.1 4.641171853625e7)
(3.11 4.637638197375e7)
(3.1200000000000006 4.632337941125e7)
(3.1299999999999994 4.6293933036249995e7)
(3.14 4.623062378625e7)
(3.15 4.6196759770624995e7)
(3.16 4.61260900675e7)
(3.1700000000000004 4.610253159875001e7)
(3.18 4.603186303625e7)
(3.19 4.599799902062501e7)
(3.1999999999999997 4.593910741125e7)
(3.2100000000000004 4.590376856750001e7)
(3.22 4.5843405551875e7)
(3.23 4.581543172375e7)
(3.2400000000000007 4.574476088e7)
(3.25 4.5712370551875e7)
(3.2600000000000002 4.5662310801875e7)
(3.27 4.561814238e7)
(3.2800000000000007 4.556219472375e7)
(3.2899999999999996 4.5534219755e7)
(3.3000000000000003 4.546502259875e7)
(3.31 4.542821463000001e7)
(3.3200000000000003 4.537373838000001e7)
(3.3299999999999996 4.5341348051875e7)
(3.34 4.528245416125e7)
(3.35 4.522650650500001e7)
(3.36 4.5176447895625e7)
(3.3700000000000006 4.5141112473749995e7)
(3.3799999999999994 4.509841659875e7)
(3.39 4.5043941489374995e7)
(3.4 4.498799269250001e7)
(3.41 4.4954128676875e7)
(3.4200000000000004 4.49040700675e7)
(3.43 4.487609738e7)
(3.44 4.481573208312501e7)
(3.4499999999999997 4.4774507614374995e7)
(3.4600000000000004 4.472739409875e7)
(3.47 4.4680279442499995e7)
(3.48 4.46213866925e7)
(3.4900000000000007 4.45993041925e7)
(3.5 4.4534521255e7)
(3.5100000000000002 4.4515380426874995e7)
(3.52 4.4444709583124995e7)
(3.5300000000000007 4.440201484875001e7)
(3.5399999999999996 4.4362260645625e7)
(3.5500000000000003 4.4325452676875e7)
(3.56 4.4262143426875e7)
(3.5700000000000003 4.421944755187501e7)
(3.5799999999999996 4.416497016125001e7)
(3.59 4.4144357926875e7)
(3.6 4.40736859425e7)
(3.61 4.402951866125e7)
(3.6200000000000006 4.398976559875001e7)
(3.6299999999999994 4.395295877062501e7)
(3.64 4.3889649520625e7)
(3.65 4.385431409875e7)
(3.66 4.38027829425e7)
(3.6700000000000004 4.3768920067499995e7)
(3.68 4.371738891125e7)
(3.69 4.367763584875e7)
(3.6999999999999997 4.360991009875001e7)
(3.7100000000000004 4.3596659458125e7)
(3.72 4.3525988614375e7)
(3.73 4.351273797375e7)
(3.7400000000000007 4.34405934425e7)
(3.75 4.339937011437499e7)
(3.759999999999999 4.3355200551875e7)
(3.7700000000000005 4.331986513e7)
(3.7800000000000002 4.3277168114375e7)
(3.79 4.3253608505e7)
(3.8 4.3196190583124995e7)
(3.8100000000000014 4.3144659426874995e7)
(3.8200000000000003 4.3099018458125e7)
(3.829999999999999 4.307987763e7)
(3.84 4.302392997375001e7)
(3.8500000000000005 4.2978287864374995e7)
(3.8600000000000003 4.2947370083125e7)
(3.87 4.291497861437501e7)
(3.88 4.28708101925e7)
(3.8899999999999997 4.284283522375e7)
(3.8999999999999995 4.278541502062501e7)
(3.91 4.276333138e7)
(3.920000000000001 4.272063550500001e7)
(3.9299999999999997 4.2691187989375e7)
(3.9400000000000004 4.263229523937501e7)
(3.95 4.25969598175e7)
(3.96 4.2561624395625e7)
(3.9699999999999998 4.253512197375e7)
(3.9800000000000004 4.2489482145625e7)
(3.990000000000001 4.2455618129999995e7)
(4. 4.240997716125e7)
(4.009999999999999 4.240555838e7)
(4.0200000000000005 4.234666563e7)
(4.03 4.232163803625001e7)
(4.04 4.2278941020625e7)
(4.05 4.225685738e7)
(4.060000000000001 4.2199434895625e7)
(4.07 4.2178823801875e7)
(4.079999999999999 4.2137600473749995e7)
(4.09 4.21243486925e7)
(4.1000000000000005 4.207429008312501e7)
(4.11 4.2044843708125e7)
(4.12 4.200214783312501e7)
(4.13 4.19771168175e7)
(4.14 4.194178139562501e7)
(4.1499999999999995 4.1916751520624995e7)
(4.16 4.187699959875001e7)
(4.170000000000001 4.1843137864375e7)
(4.18 4.1821053083124995e7)
(4.19 4.1781300020625e7)
(4.2 4.174890855187501e7)
(4.21 4.17282963175e7)
(4.22 4.1703267583125e7)
(4.23 4.1667931020625e7)
(4.240000000000001 4.1622290051874995e7)
(4.25 4.160756572375001e7)
(4.259999999999999 4.1572232583125e7)
(4.2700000000000005 4.154131366125e7)
(4.28 4.1500088051875e7)
(4.29 4.148094836437501e7)
(4.3 4.1450028301875e7)
(4.310000000000001 4.1439723895625e7)
(4.32 4.1391136692499995e7)
(4.329999999999999 4.1376413504999995e7)
(4.34 4.1341078083124995e7)
(4.3500000000000005 4.1316050489374995e7)
(4.36 4.1299853614374995e7)
(4.37 4.1265989598749995e7)
(4.38 4.1232127864375e7)
(4.39 4.1220349770625e7)
(4.3999999999999995 4.117618134875001e7)
(4.41 4.115851192687501e7)
(4.420000000000001 4.110698191125e7)
(4.43 4.1099620317499995e7)
(4.44 4.1064283755e7)
(4.45 4.1045144067499995e7)
(4.46 4.1012753739375e7)
(4.47 4.0990668958125e7)
(4.48 4.0961222583125e7)
(4.490000000000001 4.0945025708124995e7)
(4.5 4.091410906750001e7)
(4.509999999999999 4.0890551739375e7)
(4.5200000000000005 4.086257791125001e7)
(4.53 4.084785472375e7)
(4.54 4.080368516125e7)
(4.55 4.0790434520624995e7)
(4.560000000000001 4.0760987004999995e7)
(4.57 4.0746264958125e7)
(4.579999999999999 4.07079844425e7)
(4.59 4.0691788708125e7)
(4.6000000000000005 4.0663816020625e7)
(4.61 4.064762028625001e7)
(4.62 4.0610812317499995e7)
(4.63 4.060639467687501e7)
(4.64 4.0568115301875e7)
(4.6499999999999995 4.0559281161249995e7)
(4.66 4.0507750004999995e7)
(4.670000000000001 4.051511159875e7)
(4.68 4.047683222375e7)
(4.69 4.0466526676875e7)
(4.7 4.043560775500001e7)
(4.71 4.042971984875e7)
(4.72 4.0403217426875e7)
(4.73 4.038849423937501e7)
(4.740000000000001 4.0334017989375e7)
(4.75 4.034726863e7)
(4.759999999999999 4.0310459520625e7)
(4.7700000000000005 4.0292793520625e7)
(4.78 4.025745809875001e7)
(4.79 4.0247152551875e7)
(4.8 4.0230957958125e7)
(4.810000000000001 4.0210345723749995e7)
(4.82 4.0179426801875e7)
(4.829999999999999 4.015292438e7)
(4.84 4.012494941125e7)
(4.8500000000000005 4.013672750500001e7)
(4.86 4.0098446989374995e7)
(4.87 4.0077834755e7)
(4.88 4.0052806020625e7)
(4.89 4.0052806020625e7)
(4.8999999999999995 4.0018943145625e7)
(4.91 3.9990970458124995e7)
(4.920000000000001 3.996446803625e7)
(4.93 3.9961524083125e7)
(4.94 3.9952688801875e7)
(4.95 3.9908521520624995e7)
(4.96 3.988790700500001e7)
(4.97 3.988790928625e7)
(4.98 3.9862878270625e7)
(4.990000000000001 3.9861405723749995e7)
(5. 3.982312634875e7)
(5.009999999999999 3.9815763614374995e7)
(5.0200000000000005 3.978778978625e7)
(5.03 3.97715951925e7)
(5.04 3.975098295812501e7)
(5.05 3.974362022375e7)
(5.060000000000001 3.971859263e7)
(5.07 3.9717120083125e7)
(5.079999999999999 3.968767142687501e7)
(5.09 3.9664116379999995e7)
(5.1000000000000005 3.9650865739375e7)
(5.11 3.96361436925e7)
(5.12 3.9617004005e7)
(5.13 3.9600807129999995e7)
(5.14 3.9577250942499995e7)
(5.1499999999999995 3.956252547375001e7)
(5.16 3.956400030187501e7)
(5.170000000000001 3.9568416801875e7)
(5.18 3.954927597375e7)
(5.19 3.954485947375e7)
(5.2 3.9538970426875e7)
(5.21 3.9537499020625e7)
(5.22 3.9518357051875e7)
(5.23 3.9510995458125e7)
(5.240000000000001 3.9506578958125e7)
(5.25 3.949480086437501e7)
(5.259999999999999 3.9453575255e7)
(5.2700000000000005 3.9471242395624995e7)
(5.28 3.9438853208125e7)
(5.29 3.9444741114374995e7)
(5.3 3.941529473937501e7)
(5.310000000000001 3.942118606750001e7)
(5.32 3.9384376958124995e7)
(5.329999999999999 3.9394682504999995e7)
(5.34 3.936082191125e7)
(5.3500000000000005 3.937848791125e7)
(5.36 3.9328428161249995e7)
(5.37 3.9341681083125e7)
(5.38 3.931665234875e7)
(5.39 3.9319594020625e7)
(5.3999999999999995 3.927984323937501e7)
(5.41 3.9296037833124995e7)
(5.420000000000001 3.926364864562501e7)
(5.43 3.928720483312501e7)
(5.44 3.923714622375e7)
(5.45 3.9238618770625e7)
(5.46 3.920917239562501e7)
(5.47 3.9200338255e7)
(5.48 3.9209172395625e7)
(5.490000000000001 3.9215060301875e7)
(5.5 3.9163530286249995e7)
(5.509999999999999 3.914439059875001e7)
(5.5200000000000005 3.9089916629999995e7)
(5.53 3.9094331989375e7)
(5.54 3.905016128625e7)
(5.55 3.906930325500001e7)
(5.560000000000001 3.903102159875e7)
(5.57 3.904427338000001e7)
(5.579999999999999 3.8995688458125e7)
(5.59 3.900893909875e7)
(5.6000000000000005 3.89750739425e7)
(5.61 3.9004521458125e7)
(5.62 3.896918603625e7)
(5.63 3.897213113000001e7)
(5.64 3.8944156161249995e7)
(5.6499999999999995 3.894562870812501e7)
(5.66 3.891323609875e7)
(5.670000000000001 3.894268361437501e7)
(5.68 3.890587678625e7)
(5.69 3.8927960426875e7)
(5.7 3.8888208505e7)
(5.71 3.8911765833124995e7)
(5.72 3.886465003625001e7)
(5.73 3.8886735958125e7)
(5.740000000000001 3.88484554425e7)
(5.75 3.886612372375e7)
(5.759999999999999 3.8833733395625e7)
(5.7700000000000005 3.8832260848749995e7)
(5.78 3.8813120020625e7)
(5.79 3.8830788301874995e7)
(5.8 3.8798396833125e7)
(5.810000000000001 3.8793981473749995e7)
(5.82 3.8760117458125e7)
(5.829999999999999 3.876748019250001e7)
(5.84 3.873508872375e7)
(5.8500000000000005 3.8754227270624995e7)
(5.86 3.872478203625e7)
(5.87 3.872478203625e7)
(5.88 3.8682085020625e7)
(5.890000000000001 3.8710059989375e7)
(5.8999999999999995 3.866147278625e7)
(5.91 3.867325088e7)
(5.920000000000001 3.86452781925e7)
(5.93 3.8648222145625e7)
(5.94 3.862319341125e7)
(5.95 3.8629082458124995e7)
(5.96 3.859668984875e7)
(5.97 3.861141417687501e7)
(5.98 3.856871716125001e7)
(5.990000000000001 3.8589329395625e7)
(6. 3.854368614562501e7)
(6.009999999999999 3.855988416125e7)
(6.0200000000000005 3.8523075051874995e7)
(6.03 3.855104888e7)
(6.04 3.8503935364375e7)
(6.05 3.8508354145625e7)
(6.060000000000001 3.8467129676875e7)
(6.07 3.8468601083125e7)
(6.079999999999999 3.842148756750001e7)
(6.09 3.844504489562501e7)
(6.1000000000000005 3.8411179739375e7)
(6.11 3.8434738208125e7)
(6.12 3.84097071925e7)
(6.13 3.8414124833125e7)
(6.140000000000001 3.8375845458125e7)
(6.1499999999999995 3.840087191125001e7)
(6.159999999999999 3.8375843176875e7)
(6.170000000000001 3.8397929098749995e7)
(6.18 3.836701131750001e7)
(6.19 3.8392040051875e7)
(6.2 3.8359649723749995e7)
(6.21 3.836406622375e7)
(6.22 3.8330202208124995e7)
(6.230000000000001 3.835817717687501e7)
(6.240000000000001 3.8322841755e7)
(6.25 3.834934303625e7)
(6.259999999999999 3.8312536208125e7)
(6.2700000000000005 3.8341982583125e7)
(6.28 3.8314008755e7)
(6.29 3.830811628625e7)
(6.3 3.828750519250001e7)
(6.310000000000001 3.831400761437501e7)
(6.32 3.8286031505e7)
(6.329999999999999 3.8312536208125e7)
(6.340000000000001 3.827572709875e7)
(6.3500000000000005 3.8294867926875e7)
(6.36 3.8265421551875e7)
(6.37 3.8299284426875e7)
(6.38 3.8249224676875e7)
(6.390000000000001 3.8261002770625e7)
(6.3999999999999995 3.8241863083124995e7)
(6.409999999999999 3.8277197364375e7)
(6.420000000000001 3.8225668489375e7)
(6.43 3.8255116005e7)
(6.44 3.8215361801874995e7)
(6.45 3.8233030083125e7)
(6.46 3.822125084875e7)
(6.47 3.8233030083125e7)
(6.480000000000001 3.819180447375e7)
(6.490000000000001 3.821389153625001e7)
(6.5 3.818738797375e7)
(6.509999999999999 3.819769466125e7)
(6.5200000000000005 3.816383178625001e7)
(6.53 3.817560988e7)
(6.54 3.8156469051875e7)
(6.55 3.8178554973749995e7)
(6.560000000000001 3.8153523958125e7)
(6.57 3.813585681750001e7)
(6.579999999999999 3.8127022676875e7)
(6.590000000000001 3.8137329364375e7)
(6.6000000000000005 3.809757858312501e7)
(6.61 3.8119663364375e7)
(6.62 3.8088744442499995e7)
(6.63 3.811230063000001e7)
(6.640000000000001 3.8084326801875e7)
(6.6499999999999995 3.809904884875001e7)
(6.659999999999999 3.8051935333125e7)
(6.670000000000001 3.8074021255e7)
(6.68 3.804751997375e7)
(6.69 3.8062240879999995e7)
(6.7 3.8029850551875e7)
(6.71 3.8032795645625e7)
(6.72 3.8018072458125e7)
(6.730000000000001 3.8034269333125e7)
(6.740000000000001 3.798420958312501e7)
(6.75 3.799746022375e7)
(6.759999999999999 3.798421072375e7)
(6.7700000000000005 3.79959888175e7)
(6.78 3.7950346708125e7)
(6.79 3.7965069895625e7)
(6.8 3.7957708301875e7)
(6.810000000000001 3.7962125942499995e7)
(6.82 3.791795638000001e7)
(6.829999999999999 3.794592906750001e7)
(6.840000000000001 3.792237288000001e7)
(6.8500000000000005 3.7928261926875e7)
(6.86 3.790470459875e7)
(6.87 3.791942778625e7)
(6.88 3.787525822375001e7)
(6.890000000000001 3.790028695812501e7)
(6.8999999999999995 3.7870841723749995e7)
(6.909999999999999 3.789881441125e7)
(6.920000000000001 3.7848758083124995e7)
(6.93 3.787672963000001e7)
(6.94 3.7835506301875e7)
(6.95 3.7859062489375e7)
(6.96 3.7820783114374995e7)
(6.97 3.784581184875001e7)
(6.980000000000001 3.781194897375e7)
(6.990000000000001 3.781931284875e7)
(7. 3.778986533312501e7)
(7.009999999999999 3.780605992687501e7)
(7.0200000000000005 3.777808609875e7)
(7.03 3.7807530192499995e7)
(7.04 3.7773669598749995e7)
(7.05 3.7772197051874995e7)
(7.060000000000001 3.7757473864375e7)
(7.07 3.7770724504999995e7)
(7.079999999999999 3.77515848175e7)
(7.090000000000001 3.774863858312501e7)
(7.1000000000000005 3.773686163e7)
(7.11 3.7722137301875e7)
(7.12 3.770888780187501e7)
(7.13 3.772360984875e7)
(7.140000000000001 3.768974697375e7)
(7.1499999999999995 3.7695638301875e7)
(7.159999999999999 3.7680912833125e7)
(7.170000000000001 3.7677968879999995e7)
(7.18 3.768533047375001e7)
(7.19 3.768974811437501e7)
(7.2 3.7664718239375e7)
(7.21 3.7670607286249995e7)
(7.22 3.7642633458125e7)
(7.230000000000001 3.765146759875e7)
(7.240000000000001 3.7641162051874995e7)
(7.25 3.7642633458125e7)
(7.259999999999999 3.762202122375e7)
(7.2700000000000005 3.7604354083125e7)
(7.28 3.7576379114375e7)
(7.29 3.7561655926875e7)
(7.3 3.7551350379999995e7)
(7.310000000000001 3.7541043692499995e7)
(7.32 3.75322106925e7)
(7.329999999999999 3.7549877833124995e7)
(7.340000000000001 3.7530738145625e7)
(7.3500000000000005 3.75204303175e7)
(7.36 3.7514542411249995e7)
(7.37 3.7514542411249995e7)
(7.38 3.749981922375001e7)
(7.390000000000001 3.750129063e7)
(7.3999999999999995 3.7480678395625e7)
(7.409999999999999 3.7495401583125e7)
(7.420000000000001 3.748067953625e7)
(7.43 3.747037284875001e7)
(7.44 3.74527045675e7)
(7.45 3.7467428895625e7)
(7.46 3.7432092333125e7)
(7.47 3.7435037426875e7)
(7.480000000000001 3.743061978625e7)
(7.490000000000001 3.744092647375e7)
(7.5 3.742178678625001e7)
(7.509999999999999 3.7421787926875e7)
(7.5200000000000005 3.738497881750001e7)
(7.53 3.7404119645625e7)
(7.54 3.7386451364374995e7)
(7.55 3.739234041125e7)
(7.560000000000001 3.7361421489375e7)
(7.57 3.7370255629999995e7)
(7.579999999999999 3.735406103625e7)
(7.590000000000001 3.73511159425e7)
(7.6000000000000005 3.733786416125e7)
(7.61 3.7342281801875e7)
(7.62 3.7320197020624995e7)
(7.63 3.7318725614375e7)
(7.640000000000001 3.73010561925e7)
(7.6499999999999995 3.7298112239375e7)
(7.659999999999999 3.7289279239375e7)
(7.670000000000001 3.7287805551875e7)
(7.680000000000001 3.728927809875e7)
(7.69 3.7259832864375e7)
(7.7 3.7258361458124995e7)
(7.71 3.72627768175e7)
(7.72 3.725541522375e7)
(7.730000000000001 3.723774694250001e7)
(7.740000000000001 3.723774694250001e7)
(7.75 3.7220079801875e7)
(7.76 3.7203885208124995e7)
(7.769999999999998 3.7221553489375e7)
(7.779999999999999 3.71906345675e7)
(7.790000000000001 3.7186216926875e7)
(7.799999999999999 3.717443997375e7)
(7.8100000000000005 3.7181800426875e7)
(7.82 3.7164132145625e7)
(7.83 3.718916316125e7)
(7.840000000000002 3.7170022333125e7)
(7.85 3.715677169250002e7)
(7.859999999999999 3.7137630864375e7)
(7.870000000000003 3.7127324176874995e7)
(7.880000000000001 3.7118491176875e7)
(7.890000000000001 3.7136158317499995e7)
(7.9 3.712143513e7)
(7.909999999999998 3.7114073536249995e7)
(7.92 3.7099349208125e7)
(7.93 3.711407581750001e7)
(7.9399999999999995 3.7096406395625e7)
(7.950000000000001 3.708462716125e7)
(7.960000000000001 3.70728490675e7)
(7.970000000000001 3.708168320812501e7)
(7.980000000000002 3.706990397375e7)
(7.99 3.705959728625e7)
(8. 3.706254238000001e7)
(8.01 3.705370938e7)
(8.019999999999998 3.704929288e7)
(8.03 3.70434026925e7)
(8.040000000000001 3.703162459875e7)
(8.049999999999999 3.70272058175e7)
(8.06 3.701690141125e7)
(8.07 3.7022788176874995e7)
(8.08 3.699923313000001e7)
(8.090000000000002 3.700806841125e7)
(8.1 3.699187153625e7)
(8.11 3.700806841125e7)
(8.120000000000003 3.699040013e7)
(8.13 3.698598363000001e7)
(8.14 3.696831534875e7)
(8.15 3.6974203255e7)
(8.159999999999998 3.6955064708125e7)
(8.17 3.696684166125e7)
(8.18 3.6959481208125e7)
(8.19 3.695948006750001e7)
(8.200000000000001 3.6938867833124995e7)
(8.21 3.693739528625e7)
(8.22 3.69167841925e7)
(8.230000000000002 3.694622942687501e7)
(8.24 3.6932979926875e7)
(8.25 3.69167841925e7)
(8.26 3.6888810364375e7)
(8.269999999999998 3.6894700551875e7)
(8.28 3.690500609875e7)
(8.290000000000001 3.6902059864375e7)
(8.299999999999999 3.6885865270624995e7)
(8.31 3.6878503676875e7)
(8.32 3.686966953625001e7)
(8.33 3.6887338958125e7)
(8.340000000000002 3.6874087176875e7)
(8.35 3.686819813e7)
(8.36 3.6857892583125e7)
(8.370000000000003 3.686819813000001e7)
(8.38 3.6843169395624995e7)
(8.39 3.685936398937501e7)
(8.4 3.683139016125e7)
(8.409999999999998 3.6835805520625e7)
(8.42 3.68240285675e7)
(8.43 3.6838752895625e7)
(8.44 3.682108461437501e7)
(8.450000000000001 3.6815194426875e7)
(8.46 3.6803414051875e7)
(8.47 3.683139016125e7)
(8.480000000000002 3.680194378625001e7)
(8.49 3.6809304239375e7)
(8.5 3.679605473937501e7)
(8.51 3.681077678625e7)
(8.519999999999998 3.678722059875e7)
(8.53 3.6801944926875e7)
(8.540000000000001 3.6779859004999995e7)
(8.549999999999999 3.676808091125e7)
(8.56 3.67651358175e7)
(8.57 3.6772497411249995e7)
(8.58 3.675483027062501e7)
(8.590000000000002 3.6766609504999995e7)
(8.6 3.674157848937501e7)
(8.61 3.67518863175e7)
(8.620000000000003 3.674157848937501e7)
(8.63 3.67401059425e7)
(8.64 3.675188403625e7)
(8.65 3.672832898937501e7)
(8.659999999999998 3.6722438801875e7)
(8.67 3.6725383895625e7)
(8.68 3.6713605801875e7)
(8.69 3.671802230187501e7)
(8.700000000000001 3.671802230187501e7)
(8.71 3.671949484875001e7)
(8.72 3.6706244208125e7)
(8.730000000000002 3.670035402062501e7)
(8.74 3.6704771661249995e7)
(8.75 3.6697408926875e7)
(8.76 3.6682685739374995e7)
(8.769999999999998 3.669446497375e7)
(8.78 3.6670907645625e7)
(8.790000000000001 3.667385388e7)
(8.799999999999999 3.6670907645625e7)
(8.81 3.6675324145625e7)
(8.82 3.6653239364374995e7)
(8.83 3.666943509875e7)
(8.840000000000002 3.6650296551875e7)
(8.85 3.666501973937501e7)
(8.86 3.663557222375e7)
(8.870000000000003 3.6645880051875e7)
(8.88 3.6638518458125e7)
(8.89 3.6641461270625e7)
(8.9 3.6635573364374995e7)
(8.909999999999998 3.66341008175e7)
(8.92 3.6629682036249995e7)
(8.93 3.661790622375001e7)
(8.94 3.6609072083125e7)
(8.950000000000001 3.6606128129999995e7)
(8.96 3.6612016036249995e7)
(8.97 3.6600236801875e7)
(8.980000000000002 3.6607598395625e7)
(8.99 3.6598764255e7)
(9. 3.6582568520625e7)
(9.01 3.657962570812501e7)
(9.019999999999998 3.6569316739375e7)
(9.03 3.6578152020624995e7)
(9.040000000000001 3.6579624567499995e7)
(9.049999999999999 3.6578153161249995e7)
(9.06 3.6564902520624995e7)
(9.07 3.655165188000001e7)
(9.08 3.6548707926874995e7)
(9.090000000000002 3.653987150500002e7)
(9.1 3.654870678625e7)
(9.11 3.6548704504999995e7)
(9.120000000000003 3.65457616925e7)
(9.13 3.6550179333125e7)
(9.14 3.6522205505e7)
(9.15 3.6531038505e7)
(9.159999999999998 3.652367805187501e7)
(9.17 3.6522204364375e7)
(9.18 3.651042741125001e7)
(9.19 3.6501592129999995e7)
(9.200000000000001 3.6510426270625e7)
(9.21 3.652662200500001e7)
(9.22 3.6516316458124995e7)
(9.230000000000002 3.650306581750001e7)
(9.24 3.65074823175e7)
(9.25 3.6486870083124995e7)
(9.26 3.6480979895625e7)
(9.269999999999998 3.646184134875e7)
(9.28 3.644711588e7)
(9.290000000000001 3.642503223937501e7)
(9.299999999999999 3.643533778625001e7)
(9.31 3.642650478625e7)
(9.32 3.6417669505e7)
(9.33 3.6417670645625e7)
(9.340000000000002 3.641619809875e7)
(9.35 3.642061459875001e7)
(9.36 3.639705841125e7)
(9.370000000000003 3.6397059551874995e7)
(9.38 3.6394114458125e7)
(9.39 3.6391170504999995e7)
(9.4 3.639705841125001e7)
(9.409999999999998 3.6395585864375e7)
(9.42 3.6370555989375e7)
(9.43 3.6476563395625e7)
(9.44 3.681077678625e7)
(9.450000000000001 3.7377618364375e7)
(9.46 3.78870363175e7)
(9.47 3.815941414562501e7)
(9.480000000000002 3.81520536925e7)
(9.49 3.79709589425e7)
(9.5 3.7772197051875e7)
(9.51 3.7541044833125e7)
(9.519999999999998 3.7323142114375e7)
(9.53 3.7168549786249995e7)
(9.540000000000001 3.7041930145625e7)
(9.549999999999999 3.69668439425e7)
(9.56 3.6941815208125e7)
(9.57 3.6937396426874995e7)
(9.58 3.6963898848749995e7)
(9.590000000000002 3.6960952614374995e7)
(9.6 3.6974204395624995e7)
(9.61 3.6969787895625e7)
(9.620000000000003 3.698303853625001e7)
(9.63 3.69800934425e7)
(9.64 3.698745617687501e7)
(9.65 3.6988927583124995e7)
(9.659999999999998 3.698303853625e7)
(9.67 3.698892758312501e7)
(9.68 3.699040013e7)
(9.69 3.6975676942499995e7)
(9.700000000000001 3.6958007520625e7)
(9.71 3.694034266125e7)
(9.72 3.6925618333125e7)
(9.730000000000002 3.693150738000001e7)
(9.74 3.685789372375001e7)
(9.75 3.681666697375e7)
(9.76 3.681225047375e7)
(9.769999999999998 3.68284450675e7)
(9.78 3.68446419425e7)
(9.790000000000001 3.685642003625e7)
(9.799999999999999 3.689911705187501e7)
(9.81 3.703604109875e7)
(9.82 3.7233331583125e7)
(9.83 3.7479206989375e7)
(9.840000000000002 3.7819311708124995e7)
(9.85 3.8076965208125e7)
(9.86 3.805635183312501e7)
(9.870000000000003 3.7476263036249995e7)
(9.88 3.2869401848750003e7)
(9.89 3.0604986333125e7)
(9.9 2.6117382051875e7)
(9.909999999999998 1.7626564989375006e7)
(9.92 4.531834114375e6)
(9.93 787747.3799999999)
(9.94 100000.)
(9.950000000000001 100000.)
(9.96 100000.)
(9.97 100000.)
(9.980000000000002 100000.)
(9.99 100000.)
(10. 100000.)
(10.01 100000.)
(10.019999999999998 100000.)
(10.03 100000.)
(10.040000000000001 100000.)
(10.049999999999999 100000.)
(10.06 100000.)
(10.07 100000.)
(10.08 100000.)
(10.090000000000002 100000.)
(10.1 100000.)
(10.11 100000.)
(10.120000000000003 100000.)
(10.13 100000.)
(10.14 100000.)
(10.15 100000.)
(10.159999999999998 100000.)
(10.17 100000.)
(10.18 100000.)
(10.19 100000.)
(10.200000000000001 100000.)
(10.21 100000.)
(10.22 100000.)
(10.230000000000002 100000.)
(10.24 100000.)
(10.25 100000.)
(10.26 100000.)
(10.269999999999998 100000.)
(10.28 100000.)
(10.290000000000001 100000.)
(10.299999999999999 100000.)
(10.31 100000.)
(10.32 100000.)
(10.33 100000.)
(10.340000000000002 100000.)
(10.35 100000.)
(10.36 100000.)
(10.370000000000003 100000.)
(10.38 100000.)
(10.39 100000.)
(10.4 100000.)
(10.409999999999998 100000.)
(10.42 100000.)
(10.43 100000.)
(10.44 100000.)
(10.450000000000001 100000.)
(10.46 100000.)
(10.47 100000.)
(10.480000000000002 100000.)
(10.49 100000.)
(10.5 100000.)
(10.51 100000.)
(10.519999999999998 100000.)
(10.53 100000.)
(10.540000000000001 100000.)
(10.549999999999999 100000.)
(10.56 100000.)
(10.57 100000.)
(10.58 100000.)
(10.590000000000002 100000.)
(10.6 100000.)
(10.61 100000.)
(10.620000000000003 100000.)
(10.63 100000.)
(10.64 100000.)
(10.65 100000.)
(10.659999999999998 100000.)
(10.67 100000.)
(10.68 100000.)
(10.69 100000.)
(10.700000000000001 100000.)
(10.71 100000.)
(10.72 100000.)
(10.730000000000002 100000.)
(10.74 100000.)
(10.75 100000.))