(
(273.15((0 1377.715)))
(323.15((0 1482.72013)))
(328.15((0 1493.23916)))
(330.15((0 1497.45991)))
(332.15((0 1501.69848)))
(334.15((0 1505.97016)))
(336.15((0 1510.30332)))
(338.15((0 1514.75057)))
(340.15((0 1519.40926)))
(342.15((0 1524.45869)))
(344.15((0 1530.22658)))
(346.15((0 1537.30331)))
(348.15((0 1546.72382)))
(350.15((0 1560.21145)))
(352.15((0 1580.36577)))
(354.15((0 1610.39001)))
(356.15((0 1652.61884)))
(358.15((0 1705.68421)))
(360.15((0 1762.75336)))
(362.15((0 1814.50114)))
(364.15((0 1854.86085)))
(366.15((0 1883.20718)))
(368.15((0 1902.16312)))
(370.15((0 1914.89699)))
(372.15((0 1923.87581)))
(374.15((0 1930.70365)))
(376.15((0 1936.33424)))
(378.15((0 1941.3088))))
(380.15((0 1945.92692)))
(382.15((0 1950.35227)))
(384.15((0 1954.67362)))
(386.15((0 1958.93893)))
(388.15((0 1963.17407)))
(390.15((0 1967.39298)))
(392.15((0 1971.60316)))
(623.15((0 2456.715)))
)
